0 16 7 2 l1d
0 16 8 2 l1d
0 16 47 2 l1d
0 16 48 2 l1d
0 17 31 2 l1d
0 17 32 2 l1d
0 18 19 2 l1d
0 18 20 2 l1d
0 18 23 2 l1d
0 18 24 2 l1d
0 18 27 2 l1d
0 18 28 2 l1d
0 18 51 2 l1d
0 18 52 2 l1d
0 18 55 2 l1d
0 18 56 2 l1d
0 20 19 2 l1d
0 20 20 2 l1d
0 20 27 2 l1d
0 20 28 2 l1d
0 20 35 2 l1d
0 20 36 2 l1d
0 21 19 2 l1d
0 21 20 2 l1d
0 21 31 2 l1d
0 21 32 2 l1d
0 25 7 2 l1d
0 25 8 2 l1d
0 26 27 2 l1d
0 26 28 2 l1d
0 28 19 2 l1d
0 28 20 2 l1d
0 29 35 2 l1d
0 29 36 2 l1d
0 30 19 2 l1d
0 30 20 2 l1d
0 30 35 2 l1d
0 30 36 2 l1d
