16 21 0 l1d
16 22 0 l1d
16 24 6 l1d
16 25 0 l1d
16 25 6 l1d
16 26 0 l1d
18 20 6 l1d
18 21 6 l1d
18 24 6 l1d
18 25 0 l1d
18 25 6 l1d
18 26 0 l1d
18 32 7 l1d
18 33 7 l1d
22 20 6 l1d
22 21 6 l1d
24 9 0 l1d
24 10 0 l1d
24 13 0 l1d
24 14 0 l1d
24 24 6 l1d
24 25 6 l1d
25 29 0 l1d
25 30 0 l1d
25 32 6 l1d
25 33 0 l1d
25 33 6 l1d
25 34 0 l1d
25 37 0 l1d
25 38 0 l1d
26 28 7 l1d
26 29 7 l1d
26 33 0 l1d
26 34 0 l1d
27 45 0 l1d
27 46 0 l1d
27 53 0 l1d
27 54 0 l1d
29 0 6 l1d
29 1 6 l1d
29 24 6 l1d
29 25 6 l1d
29 29 0 l1d
29 30 0 l1d
30 32 6 l1d
30 33 6 l1d
30 57 0 l1d
30 58 0 l1d
