0 0 4 4 l1d
0 0 5 4 l1d
0 1 40 4 l1d
0 1 41 4 l1d
0 2 4 4 l1d
0 2 5 4 l1d
0 3 52 4 l1d
0 3 53 4 l1d
0 6 32 4 l1d
0 6 33 4 l1d
0 7 20 4 l1d
0 7 21 4 l1d
0 11 16 4 l1d
0 11 17 4 l1d
0 13 36 4 l1d
0 13 37 4 l1d
0 14 40 4 l1d
0 14 41 4 l1d
0 14 44 4 l1d
0 14 45 4 l1d
0 15 16 4 l1d
0 15 17 4 l1d
0 16 32 4 l1d
0 16 33 4 l1d
0 16 44 4 l1d
0 16 45 4 l1d
0 16 60 4 l1d
0 16 61 4 l1d
0 18 0 4 l1d
0 18 1 4 l1d
0 18 20 4 l1d
0 18 21 4 l1d
0 20 48 4 l1d
0 20 49 4 l1d
0 21 8 4 l1d
0 21 9 4 l1d
0 21 16 4 l1d
0 21 17 4 l1d
0 29 28 4 l1d
0 29 29 4 l1d
0 30 28 4 l1d
0 30 29 4 l1d
