0 16 35 2 l1d
0 16 36 2 l1d
0 17 19 2 l1d
0 17 20 2 l1d
0 19 31 2 l1d
0 19 32 2 l1d
0 20 51 2 l1d
0 20 52 2 l1d
0 21 19 2 l1d
0 21 20 2 l1d
0 21 35 2 l1d
0 21 36 2 l1d
0 22 31 2 l1d
0 22 32 2 l1d
0 22 35 2 l1d
0 22 36 2 l1d
0 23 31 2 l1d
0 23 32 2 l1d
0 26 47 2 l1d
0 26 48 2 l1d
0 26 51 2 l1d
0 26 52 2 l1d
0 28 19 2 l1d
0 28 20 2 l1d
0 28 35 2 l1d
0 28 36 2 l1d
0 28 39 2 l1d
0 28 40 2 l1d
0 28 47 2 l1d
0 28 48 2 l1d
0 29 19 2 l1d
0 29 20 2 l1d
0 30 19 2 l1d
0 30 20 2 l1d
0 31 19 2 l1d
0 31 20 2 l1d
