0 10 49 1 l1d
0 10 50 1 l1d
0 17 17 1 l1d
0 17 18 1 l1d
0 17 61 1 l1d
0 17 62 1 l1d
0 18 9 1 l1d
0 18 10 1 l1d
0 18 13 1 l1d
0 18 14 1 l1d
0 18 25 1 l1d
0 18 26 1 l1d
0 21 5 1 l1d
0 21 6 1 l1d
0 22 33 1 l1d
0 22 34 1 l1d
0 24 29 1 l1d
0 24 30 1 l1d
0 24 33 1 l1d
0 24 34 1 l1d
0 28 21 1 l1d
0 28 22 1 l1d
0 28 49 1 l1d
0 28 50 1 l1d
0 28 57 1 l1d
0 28 58 1 l1d
0 29 29 1 l1d
0 29 30 1 l1d
0 29 49 1 l1d
0 29 50 1 l1d
0 29 57 1 l1d
0 29 58 1 l1d
0 29 61 1 l1d
0 29 62 1 l1d
0 30 21 1 l1d
0 30 22 1 l1d
