4 46 7 l1d
4 47 7 l1d
16 44 6 l1d
16 45 6 l1d
16 54 7 l1d
16 55 7 l1d
17 18 5 l1d
17 18 7 l1d
17 19 5 l1d
17 19 7 l1d
17 22 7 l1d
17 23 7 l1d
18 26 7 l1d
18 27 7 l1d
18 38 7 l1d
18 39 7 l1d
18 46 7 l1d
18 47 7 l1d
18 54 7 l1d
18 55 7 l1d
19 2 7 l1d
19 3 7 l1d
19 6 7 l1d
19 7 7 l1d
19 18 7 l1d
19 19 7 l1d
19 46 7 l1d
19 47 7 l1d
20 30 7 l1d
20 31 7 l1d
20 46 7 l1d
20 47 7 l1d
21 22 7 l1d
21 23 7 l1d
21 26 7 l1d
21 27 7 l1d
21 30 7 l1d
21 31 7 l1d
21 34 7 l1d
21 35 7 l1d
21 38 7 l1d
21 39 7 l1d
22 22 7 l1d
22 23 7 l1d
22 34 7 l1d
22 35 7 l1d
22 46 7 l1d
22 47 7 l1d
22 50 5 l1d
22 51 5 l1d
23 2 7 l1d
23 3 7 l1d
23 18 5 l1d
23 18 7 l1d
23 19 5 l1d
23 19 7 l1d
23 34 7 l1d
23 35 7 l1d
24 18 7 l1d
24 19 7 l1d
24 34 7 l1d
24 35 7 l1d
24 38 7 l1d
24 39 7 l1d
24 46 7 l1d
24 47 7 l1d
25 26 7 l1d
25 27 7 l1d
25 30 7 l1d
25 31 7 l1d
26 2 7 l1d
26 3 7 l1d
26 26 5 l1d
26 27 5 l1d
26 30 7 l1d
26 31 7 l1d
26 34 7 l1d
26 35 7 l1d
26 50 7 l1d
26 51 7 l1d
27 18 7 l1d
27 19 7 l1d
28 30 7 l1d
28 31 7 l1d
29 18 7 l1d
29 19 7 l1d
29 22 7 l1d
29 23 7 l1d
30 22 5 l1d
30 22 7 l1d
30 23 5 l1d
30 23 7 l1d
30 30 7 l1d
30 31 7 l1d
30 54 7 l1d
30 55 7 l1d
31 18 7 l1d
31 19 7 l1d
