0 1 37 1 l1d
0 1 38 1 l1d
0 2 25 1 l1d
0 2 26 1 l1d
0 3 49 1 l1d
0 3 50 1 l1d
0 3 53 1 l1d
0 3 54 1 l1d
0 6 21 1 l1d
0 6 22 1 l1d
0 7 29 1 l1d
0 7 30 1 l1d
0 7 61 1 l1d
0 7 62 1 l1d
0 8 53 1 l1d
0 8 54 1 l1d
0 9 33 1 l1d
0 9 34 1 l1d
0 11 17 1 l1d
0 11 18 1 l1d
0 11 21 1 l1d
0 11 22 1 l1d
0 11 29 1 l1d
0 11 30 1 l1d
0 15 9 1 l1d
0 15 10 1 l1d
0 15 25 1 l1d
0 15 26 1 l1d
0 16 10 5 l1d
0 16 11 5 l1d
0 18 2 5 l1d
0 18 3 3 l1d
0 18 3 5 l1d
0 18 4 3 l1d
0 18 5 1 l1d
0 18 6 1 l1d
0 18 7 3 l1d
0 18 8 3 l1d
0 18 14 5 l1d
0 18 15 3 l1d
0 18 15 5 l1d
0 18 16 3 l1d
0 18 19 3 l1d
0 18 20 3 l1d
0 18 42 5 l1d
0 18 43 5 l1d
0 18 47 3 l1d
0 18 48 3 l1d
0 19 7 3 l1d
0 19 8 3 l1d
0 19 38 5 l1d
0 19 39 5 l1d
0 19 42 5 l1d
0 19 43 5 l1d
0 19 54 5 l1d
0 19 55 5 l1d
0 19 63 3 l1d
0 20 0 3 l1d
0 20 3 3 l1d
0 20 4 3 l1d
0 20 30 5 l1d
0 20 31 5 l1d
0 20 34 5 l1d
0 20 35 5 l1d
0 20 47 3 l1d
0 20 48 3 l1d
0 21 6 5 l1d
0 21 7 5 l1d
0 21 10 5 l1d
0 21 11 5 l1d
0 21 35 3 l1d
0 21 36 3 l1d
0 22 3 3 l1d
0 22 4 3 l1d
0 22 34 5 l1d
0 22 35 5 l1d
0 23 15 3 l1d
0 23 16 3 l1d
0 23 39 3 l1d
0 23 40 3 l1d
0 24 34 5 l1d
0 24 35 5 l1d
0 24 37 1 l1d
0 24 38 1 l1d
0 26 2 5 l1d
0 26 3 3 l1d
0 26 3 5 l1d
0 26 4 3 l1d
0 26 6 5 l1d
0 26 7 5 l1d
0 26 10 5 l1d
0 26 11 3 l1d
0 26 11 5 l1d
0 26 12 3 l1d
0 26 14 5 l1d
0 26 15 5 l1d
0 26 26 5 l1d
0 26 27 3 l1d
0 26 27 5 l1d
0 26 28 3 l1d
0 26 43 3 l1d
0 26 44 3 l1d
0 27 2 5 l1d
0 27 3 5 l1d
0 27 6 5 l1d
0 27 7 5 l1d
0 27 10 5 l1d
0 27 11 5 l1d
0 27 23 3 l1d
0 27 24 3 l1d
0 27 27 3 l1d
0 27 28 3 l1d
0 27 34 5 l1d
0 27 35 5 l1d
0 27 38 5 l1d
0 27 39 5 l1d
0 27 47 3 l1d
0 27 48 3 l1d
0 27 50 5 l1d
0 27 51 5 l1d
0 27 58 5 l1d
0 27 59 3 l1d
0 27 59 5 l1d
0 27 60 3 l1d
0 27 62 5 l1d
0 27 63 3 l1d
0 27 63 5 l1d
0 28 0 3 l1d
0 28 34 5 l1d
0 28 35 5 l1d
0 28 50 5 l1d
0 28 51 5 l1d
0 28 58 5 l1d
0 28 59 5 l1d
0 29 10 5 l1d
0 29 11 5 l1d
0 30 13 1 l1d
0 30 14 1 l1d
0 30 26 5 l1d
0 30 27 5 l1d
0 30 41 1 l1d
0 30 42 1 l1d
0 30 55 3 l1d
0 30 56 3 l1d
0 31 11 3 l1d
0 31 12 3 l1d
