0 0 4 5 l1d
0 0 5 5 l1d
0 0 60 5 l1d
0 0 61 5 l1d
0 2 24 5 l1d
0 2 25 5 l1d
0 4 4 5 l1d
0 4 5 5 l1d
0 5 4 5 l1d
0 5 5 5 l1d
0 6 12 5 l1d
0 6 13 5 l1d
0 6 28 5 l1d
0 6 29 5 l1d
0 7 44 5 l1d
0 7 45 5 l1d
0 7 52 5 l1d
0 7 53 5 l1d
0 9 20 5 l1d
0 9 21 5 l1d
0 10 4 5 l1d
0 10 5 5 l1d
0 10 8 5 l1d
0 10 9 5 l1d
0 10 28 5 l1d
0 10 29 5 l1d
0 10 32 5 l1d
0 10 33 5 l1d
0 10 36 5 l1d
0 10 37 5 l1d
0 10 40 5 l1d
0 10 41 5 l1d
0 10 44 5 l1d
0 10 45 5 l1d
0 10 48 5 l1d
0 10 49 5 l1d
0 11 4 5 l1d
0 11 5 5 l1d
0 11 8 5 l1d
0 11 9 5 l1d
0 11 12 5 l1d
0 11 13 5 l1d
0 11 24 5 l1d
0 11 25 5 l1d
0 12 24 5 l1d
0 12 25 5 l1d
0 14 12 5 l1d
0 14 13 5 l1d
0 14 28 5 l1d
0 14 29 5 l1d
0 14 44 5 l1d
0 14 45 5 l1d
0 15 20 5 l1d
0 15 21 5 l1d
0 15 52 5 l1d
0 15 53 5 l1d
0 19 60 5 l1d
0 19 61 5 l1d
