0 16 3 0 l1d
0 16 4 0 l1d
0 16 26 7 l1d
0 16 27 0 l1d
0 16 27 7 l1d
0 16 28 0 l1d
0 17 2 6 l1d
0 17 2 7 l1d
0 17 3 6 l1d
0 17 3 7 l1d
0 17 6 5 l1d
0 17 6 6 l1d
0 17 7 0 l1d
0 17 7 5 l1d
0 17 7 6 l1d
0 17 8 0 l1d
0 17 10 6 l1d
0 17 11 0 l1d
0 17 11 6 l1d
0 17 12 0 l1d
0 17 14 6 l1d
0 17 15 0 l1d
0 17 15 6 l1d
0 17 16 0 l1d
0 17 18 6 l1d
0 17 18 7 l1d
0 17 19 6 l1d
0 17 19 7 l1d
0 18 54 6 l1d
0 18 55 6 l1d
0 19 2 6 l1d
0 19 3 6 l1d
0 19 6 6 l1d
0 19 7 6 l1d
0 19 10 6 l1d
0 19 10 7 l1d
0 19 11 6 l1d
0 19 11 7 l1d
0 19 18 6 l1d
0 19 19 6 l1d
0 20 34 6 l1d
0 20 35 6 l1d
0 21 2 7 l1d
0 21 3 7 l1d
0 21 6 5 l1d
0 21 7 5 l1d
0 21 14 5 l1d
0 21 15 5 l1d
0 21 26 7 l1d
0 21 27 7 l1d
0 21 30 7 l1d
0 21 31 0 l1d
0 21 31 7 l1d
0 21 32 0 l1d
0 21 35 0 l1d
0 21 36 0 l1d
0 21 39 0 l1d
0 21 40 0 l1d
0 21 42 6 l1d
0 21 43 6 l1d
0 21 46 6 l1d
0 21 47 6 l1d
0 21 54 7 l1d
0 21 55 7 l1d
0 21 58 7 l1d
0 21 59 7 l1d
0 22 2 7 l1d
0 22 3 7 l1d
0 22 6 7 l1d
0 22 7 7 l1d
0 22 10 6 l1d
0 22 11 6 l1d
0 23 6 7 l1d
0 23 7 7 l1d
0 23 10 7 l1d
0 23 11 7 l1d
0 23 14 6 l1d
0 23 15 6 l1d
0 24 2 6 l1d
0 24 3 0 l1d
0 24 3 6 l1d
0 24 4 0 l1d
0 24 6 5 l1d
0 24 7 5 l1d
0 24 10 6 l1d
0 24 10 7 l1d
0 24 11 0 l1d
0 24 11 6 l1d
0 24 11 7 l1d
0 24 12 0 l1d
0 24 14 5 l1d
0 24 14 6 l1d
0 24 15 5 l1d
0 24 15 6 l1d
0 24 18 6 l1d
0 24 19 0 l1d
0 24 19 6 l1d
0 24 20 0 l1d
0 24 22 6 l1d
0 24 23 6 l1d
0 24 26 7 l1d
0 24 27 7 l1d
0 24 30 7 l1d
0 24 31 7 l1d
0 24 34 6 l1d
0 24 35 0 l1d
0 24 35 6 l1d
0 24 36 0 l1d
0 24 62 6 l1d
0 24 62 7 l1d
0 24 63 6 l1d
0 24 63 7 l1d
0 25 6 6 l1d
0 25 6 7 l1d
0 25 7 6 l1d
0 25 7 7 l1d
0 25 18 7 l1d
0 25 19 7 l1d
0 25 22 6 l1d
0 25 23 6 l1d
0 25 26 6 l1d
0 25 27 0 l1d
0 25 27 6 l1d
0 25 28 0 l1d
0 25 34 6 l1d
0 25 35 6 l1d
0 25 38 6 l1d
0 25 38 7 l1d
0 25 39 6 l1d
0 25 39 7 l1d
0 25 46 6 l1d
0 25 47 0 l1d
0 25 47 6 l1d
0 25 48 0 l1d
0 26 23 0 l1d
0 26 24 0 l1d
0 27 2 5 l1d
0 27 2 6 l1d
0 27 3 0 l1d
0 27 3 5 l1d
0 27 3 6 l1d
0 27 4 0 l1d
0 27 6 5 l1d
0 27 6 6 l1d
0 27 6 7 l1d
0 27 7 0 l1d
0 27 7 5 l1d
0 27 7 6 l1d
0 27 7 7 l1d
0 27 8 0 l1d
0 27 10 6 l1d
0 27 10 7 l1d
0 27 11 0 l1d
0 27 11 6 l1d
0 27 11 7 l1d
0 27 12 0 l1d
0 27 14 6 l1d
0 27 14 7 l1d
0 27 15 0 l1d
0 27 15 6 l1d
0 27 15 7 l1d
0 27 16 0 l1d
0 27 18 5 l1d
0 27 18 6 l1d
0 27 19 5 l1d
0 27 19 6 l1d
0 27 22 5 l1d
0 27 23 5 l1d
0 27 26 6 l1d
0 27 26 7 l1d
0 27 27 6 l1d
0 27 27 7 l1d
0 27 30 6 l1d
0 27 31 6 l1d
0 27 34 6 l1d
0 27 35 6 l1d
0 28 2 6 l1d
0 28 3 6 l1d
0 28 10 7 l1d
0 28 11 7 l1d
0 29 6 6 l1d
0 29 6 7 l1d
0 29 7 6 l1d
0 29 7 7 l1d
0 29 14 5 l1d
0 29 15 5 l1d
0 29 19 0 l1d
0 29 20 0 l1d
0 29 22 7 l1d
0 29 23 7 l1d
0 29 27 0 l1d
0 29 28 0 l1d
0 29 50 6 l1d
0 29 51 6 l1d
0 29 54 7 l1d
0 29 55 7 l1d
0 30 2 6 l1d
0 30 3 0 l1d
0 30 3 6 l1d
0 30 4 0 l1d
0 30 47 0 l1d
0 30 48 0 l1d
0 30 50 5 l1d
0 30 51 5 l1d
0 31 26 6 l1d
0 31 27 6 l1d
0 31 30 6 l1d
0 31 31 6 l1d
0 31 42 6 l1d
0 31 43 6 l1d
