0 0 0 4 l1d
0 0 1 4 l1d
0 1 54 4 l1d
0 1 55 4 l1d
0 3 18 4 l1d
0 3 19 4 l1d
0 3 50 4 l1d
0 3 51 4 l1d
0 3 62 4 l1d
0 3 63 4 l1d
0 4 50 4 l1d
0 4 51 4 l1d
0 4 62 4 l1d
0 4 63 4 l1d
0 5 18 4 l1d
0 5 19 4 l1d
0 5 22 4 l1d
0 5 23 4 l1d
0 5 50 4 l1d
0 5 51 4 l1d
0 6 22 4 l1d
0 6 23 4 l1d
0 6 30 4 l1d
0 6 31 4 l1d
0 7 18 4 l1d
0 7 19 4 l1d
0 7 22 4 l1d
0 7 23 4 l1d
0 8 18 4 l1d
0 8 19 4 l1d
0 9 30 4 l1d
0 9 31 4 l1d
0 10 2 4 l1d
0 10 3 4 l1d
0 10 6 4 l1d
0 10 7 4 l1d
0 11 18 4 l1d
0 11 19 4 l1d
0 11 22 4 l1d
0 11 23 4 l1d
0 11 34 4 l1d
0 11 35 4 l1d
0 11 38 4 l1d
0 11 39 4 l1d
0 11 42 4 l1d
0 11 43 4 l1d
0 12 26 4 l1d
0 12 27 4 l1d
0 12 30 4 l1d
0 12 31 4 l1d
0 13 14 4 l1d
0 13 15 4 l1d
0 13 50 4 l1d
0 13 51 4 l1d
0 15 18 4 l1d
0 15 19 4 l1d
0 16 18 4 l1d
0 16 19 4 l1d
0 19 18 4 l1d
0 19 19 4 l1d
0 19 26 4 l1d
0 19 27 4 l1d
0 19 30 4 l1d
0 19 31 4 l1d
0 19 62 4 l1d
0 19 63 4 l1d
0 20 22 4 l1d
0 20 23 4 l1d
0 21 30 4 l1d
0 21 31 4 l1d
0 21 34 4 l1d
0 21 35 4 l1d
0 22 34 4 l1d
0 22 35 4 l1d
0 22 54 4 l1d
0 22 55 4 l1d
0 24 50 4 l1d
0 24 51 4 l1d
0 26 30 4 l1d
0 26 31 4 l1d
0 26 50 4 l1d
0 26 51 4 l1d
0 27 26 4 l1d
0 27 27 4 l1d
0 27 30 4 l1d
0 27 31 4 l1d
0 27 54 4 l1d
0 27 55 4 l1d
0 27 58 4 l1d
0 27 59 4 l1d
0 29 58 4 l1d
0 29 59 4 l1d
0 30 22 4 l1d
0 30 23 4 l1d
0 31 18 4 l1d
0 31 19 4 l1d
0 31 30 4 l1d
0 31 31 4 l1d
0 31 62 4 l1d
0 31 63 4 l1d
