0 0 0 7 l1d
0 0 1 7 l1d
0 0 2 7 l1d
0 0 3 7 l1d
0 0 5 1 l1d
0 0 6 1 l1d
0 1 49 1 l1d
0 1 50 1 l1d
0 7 50 7 l1d
0 7 51 7 l1d
0 9 6 7 l1d
0 9 7 7 l1d
0 12 46 7 l1d
0 12 47 7 l1d
0 13 2 7 l1d
0 13 3 7 l1d
0 16 22 7 l1d
0 16 23 7 l1d
0 17 46 7 l1d
0 17 47 7 l1d
0 20 46 7 l1d
0 20 47 7 l1d
0 21 18 7 l1d
0 21 19 7 l1d
0 21 30 7 l1d
0 21 31 7 l1d
0 23 58 7 l1d
0 23 59 7 l1d
0 24 2 7 l1d
0 24 3 7 l1d
0 26 25 1 l1d
0 26 26 1 l1d
0 26 29 1 l1d
0 26 30 1 l1d
0 26 33 1 l1d
0 26 34 1 l1d
0 29 18 7 l1d
0 29 19 7 l1d
0 30 26 7 l1d
0 30 27 7 l1d
0 30 50 7 l1d
0 30 51 7 l1d
0 31 1 1 l1d
0 31 2 1 l1d
