16 19 3 l1d
16 20 3 l1d
16 43 3 l1d
16 44 3 l1d
16 63 3 l1d
17 0 3 l1d
17 15 3 l1d
17 16 3 l1d
18 7 3 l1d
18 8 3 l1d
18 34 4 l1d
18 35 3 l1d
18 35 4 l1d
18 36 3 l1d
19 43 3 l1d
19 44 3 l1d
20 7 3 l1d
20 8 3 l1d
22 31 3 l1d
22 32 3 l1d
22 34 4 l1d
22 35 3 l1d
22 35 4 l1d
22 36 3 l1d
22 38 4 l1d
22 39 4 l1d
23 59 3 l1d
23 60 3 l1d
24 3 3 l1d
24 4 3 l1d
24 19 3 l1d
24 20 3 l1d
25 15 3 l1d
25 16 3 l1d
25 19 3 l1d
25 20 3 l1d
25 23 3 l1d
25 24 3 l1d
25 35 3 l1d
25 36 3 l1d
25 47 3 l1d
25 48 3 l1d
26 15 3 l1d
26 16 3 l1d
26 19 3 l1d
26 20 3 l1d
27 35 3 l1d
27 36 3 l1d
27 39 3 l1d
27 40 3 l1d
28 3 3 l1d
28 4 3 l1d
28 11 3 l1d
28 12 3 l1d
28 19 3 l1d
28 20 3 l1d
30 34 4 l1d
30 35 4 l1d
30 39 3 l1d
30 40 3 l1d
31 19 3 l1d
31 20 3 l1d
31 35 3 l1d
31 36 3 l1d
