6 2 4 l1d
6 3 4 l1d
16 22 4 l1d
16 23 4 l1d
16 50 4 l1d
16 51 4 l1d
17 18 4 l1d
17 19 4 l1d
17 26 4 l1d
17 27 4 l1d
18 30 4 l1d
18 31 4 l1d
19 22 4 l1d
19 23 4 l1d
19 26 4 l1d
19 27 4 l1d
19 50 4 l1d
19 51 4 l1d
19 62 4 l1d
19 63 4 l1d
20 6 4 l1d
20 7 4 l1d
20 26 4 l1d
20 27 4 l1d
20 58 4 l1d
20 59 4 l1d
21 26 4 l1d
21 27 4 l1d
21 30 4 l1d
21 31 4 l1d
21 58 4 l1d
21 59 4 l1d
22 18 4 l1d
22 19 4 l1d
22 30 4 l1d
22 31 4 l1d
23 18 4 l1d
23 19 4 l1d
23 22 4 l1d
23 23 4 l1d
23 30 4 l1d
23 31 4 l1d
23 50 4 l1d
23 51 4 l1d
24 18 4 l1d
24 19 4 l1d
24 58 4 l1d
24 59 4 l1d
25 22 4 l1d
25 23 4 l1d
25 50 4 l1d
25 51 4 l1d
26 26 4 l1d
26 27 4 l1d
27 26 4 l1d
27 27 4 l1d
27 30 4 l1d
27 31 4 l1d
28 18 4 l1d
28 19 4 l1d
28 30 4 l1d
28 31 4 l1d
28 58 4 l1d
28 59 4 l1d
29 10 4 l1d
29 11 4 l1d
29 18 4 l1d
29 19 4 l1d
29 22 4 l1d
29 23 4 l1d
29 26 4 l1d
29 27 4 l1d
29 50 4 l1d
29 51 4 l1d
29 58 4 l1d
29 59 4 l1d
30 26 4 l1d
30 27 4 l1d
30 30 4 l1d
30 31 4 l1d
31 18 4 l1d
31 19 4 l1d
31 22 4 l1d
31 23 4 l1d
31 30 4 l1d
31 31 4 l1d
