5 58 5 l1d
5 59 5 l1d
7 26 5 l1d
7 27 5 l1d
10 18 5 l1d
10 19 5 l1d
10 46 5 l1d
10 47 5 l1d
11 10 5 l1d
11 11 5 l1d
13 18 5 l1d
13 19 5 l1d
13 50 5 l1d
13 51 5 l1d
16 62 5 l1d
16 63 5 l1d
17 50 5 l1d
17 51 5 l1d
17 58 5 l1d
17 59 5 l1d
23 14 5 l1d
23 15 5 l1d
23 18 5 l1d
23 19 5 l1d
23 30 5 l1d
23 31 5 l1d
24 30 5 l1d
24 31 5 l1d
24 34 5 l1d
24 35 5 l1d
25 2 5 l1d
25 3 5 l1d
26 58 5 l1d
26 59 5 l1d
26 62 5 l1d
26 63 5 l1d
27 18 5 l1d
27 19 5 l1d
27 38 5 l1d
27 39 5 l1d
29 2 5 l1d
29 3 5 l1d
29 6 5 l1d
29 7 5 l1d
29 14 5 l1d
29 15 5 l1d
31 10 5 l1d
31 11 5 l1d
