9 25 3 l1d
9 26 3 l1d
12 9 3 l1d
12 10 3 l1d
12 13 3 l1d
12 14 3 l1d
16 29 3 l1d
16 30 3 l1d
17 13 3 l1d
17 14 3 l1d
17 17 3 l1d
17 18 3 l1d
17 45 3 l1d
17 46 3 l1d
18 21 3 l1d
18 22 3 l1d
18 41 3 l1d
18 42 3 l1d
18 45 3 l1d
18 46 3 l1d
18 61 3 l1d
18 62 3 l1d
19 21 3 l1d
19 22 3 l1d
19 24 6 l1d
19 25 6 l1d
22 21 3 l1d
22 22 3 l1d
22 25 3 l1d
22 26 3 l1d
22 29 3 l1d
22 30 3 l1d
22 33 3 l1d
22 34 3 l1d
23 25 3 l1d
23 26 3 l1d
24 21 3 l1d
24 22 3 l1d
25 29 3 l1d
25 30 3 l1d
26 33 3 l1d
26 34 3 l1d
26 49 3 l1d
26 50 3 l1d
26 52 6 l1d
26 53 3 l1d
26 53 6 l1d
26 54 3 l1d
27 1 3 l1d
27 2 3 l1d
27 9 3 l1d
27 10 3 l1d
27 13 3 l1d
27 14 3 l1d
27 33 3 l1d
27 34 3 l1d
27 53 3 l1d
27 54 3 l1d
31 29 3 l1d
31 30 3 l1d
31 33 3 l1d
31 34 3 l1d
31 61 3 l1d
31 62 3 l1d
