0 36 6 l1d
0 37 6 l1d
0 40 6 l1d
0 41 6 l1d
0 44 6 l1d
0 45 6 l1d
1 36 6 l1d
1 37 6 l1d
1 48 6 l1d
1 49 6 l1d
1 60 6 l1d
1 61 6 l1d
2 12 6 l1d
2 13 6 l1d
2 16 6 l1d
2 17 6 l1d
2 20 6 l1d
2 21 6 l1d
2 24 6 l1d
2 25 6 l1d
2 28 6 l1d
2 29 6 l1d
2 32 6 l1d
2 33 1 l1d
2 33 6 l1d
2 34 1 l1d
2 56 6 l1d
2 57 6 l1d
3 8 6 l1d
3 9 6 l1d
3 16 6 l1d
3 17 6 l1d
3 36 6 l1d
3 37 6 l1d
3 40 6 l1d
3 41 1 l1d
3 41 6 l1d
3 42 1 l1d
3 44 6 l1d
3 45 6 l1d
4 24 6 l1d
4 25 6 l1d
4 36 6 l1d
4 37 6 l1d
5 4 6 l1d
5 5 6 l1d
5 36 6 l1d
5 37 6 l1d
5 40 6 l1d
5 41 6 l1d
5 48 6 l1d
5 49 6 l1d
6 36 6 l1d
6 37 6 l1d
7 4 6 l1d
7 5 6 l1d
7 8 6 l1d
7 9 6 l1d
7 12 6 l1d
7 13 6 l1d
7 16 6 l1d
7 17 6 l1d
7 28 6 l1d
7 29 6 l1d
8 4 6 l1d
8 5 6 l1d
8 16 6 l1d
8 17 6 l1d
8 24 6 l1d
8 25 6 l1d
8 28 6 l1d
8 29 6 l1d
8 32 6 l1d
8 33 6 l1d
8 36 6 l1d
8 37 6 l1d
8 44 6 l1d
8 45 6 l1d
8 48 6 l1d
8 49 6 l1d
8 52 6 l1d
8 53 6 l1d
9 8 6 l1d
9 9 6 l1d
9 12 6 l1d
9 13 6 l1d
9 36 6 l1d
9 37 6 l1d
9 56 6 l1d
9 57 6 l1d
10 4 6 l1d
10 5 6 l1d
10 12 6 l1d
10 13 6 l1d
10 16 6 l1d
10 17 6 l1d
10 20 6 l1d
10 21 6 l1d
10 24 6 l1d
10 25 6 l1d
10 40 6 l1d
10 41 6 l1d
10 48 6 l1d
10 49 6 l1d
11 28 6 l1d
11 29 6 l1d
11 36 6 l1d
11 37 6 l1d
11 44 6 l1d
11 45 6 l1d
11 60 6 l1d
11 61 6 l1d
12 28 6 l1d
12 29 6 l1d
12 32 6 l1d
12 33 6 l1d
12 36 6 l1d
12 37 6 l1d
12 48 6 l1d
12 49 6 l1d
12 52 6 l1d
12 53 6 l1d
13 4 6 l1d
13 5 6 l1d
13 8 6 l1d
13 9 6 l1d
13 16 6 l1d
13 17 6 l1d
13 36 6 l1d
13 37 6 l1d
13 40 6 l1d
13 41 6 l1d
13 44 6 l1d
13 45 6 l1d
13 48 6 l1d
13 49 6 l1d
13 52 6 l1d
13 53 6 l1d
14 0 6 l1d
14 1 6 l1d
14 40 6 l1d
14 41 6 l1d
14 44 6 l1d
14 45 6 l1d
15 8 6 l1d
15 9 6 l1d
27 52 6 l1d
27 53 6 l1d
31 40 6 l1d
31 41 6 l1d
