0 0 24 6 l1d
0 0 25 6 l1d
0 1 21 1 l1d
0 1 22 1 l1d
0 1 48 6 l1d
0 1 49 6 l1d
0 2 36 6 l1d
0 2 37 6 l1d
0 3 40 6 l1d
0 3 41 6 l1d
0 3 48 6 l1d
0 3 49 6 l1d
0 4 52 6 l1d
0 4 53 6 l1d
0 5 60 6 l1d
0 5 61 6 l1d
0 6 4 6 l1d
0 6 5 6 l1d
0 6 60 6 l1d
0 6 61 6 l1d
0 9 20 6 l1d
0 9 21 6 l1d
0 10 28 6 l1d
0 10 29 6 l1d
0 10 36 6 l1d
0 10 37 6 l1d
0 10 44 6 l1d
0 10 45 6 l1d
0 11 36 6 l1d
0 11 37 6 l1d
0 11 44 6 l1d
0 11 45 6 l1d
0 13 36 6 l1d
0 13 37 6 l1d
0 15 12 6 l1d
0 15 13 6 l1d
0 17 60 6 l1d
0 17 61 6 l1d
