3 59 1 l1d
3 60 1 l1d
4 19 1 l1d
4 20 1 l1d
7 19 1 l1d
7 20 1 l1d
10 19 1 l1d
10 20 1 l1d
10 31 1 l1d
10 32 1 l1d
12 27 1 l1d
12 28 1 l1d
19 39 1 l1d
19 40 1 l1d
19 43 1 l1d
19 44 1 l1d
20 19 1 l1d
20 20 1 l1d
20 38 7 l1d
20 39 7 l1d
20 43 1 l1d
20 44 1 l1d
21 31 1 l1d
21 32 1 l1d
23 11 1 l1d
23 12 1 l1d
23 27 1 l1d
23 28 1 l1d
23 55 1 l1d
23 56 1 l1d
23 59 1 l1d
23 60 1 l1d
24 63 1 l1d
25 0 1 l1d
28 19 1 l1d
28 20 1 l1d
28 63 1 l1d
29 0 1 l1d
29 23 1 l1d
29 24 1 l1d
30 19 1 l1d
30 20 1 l1d
30 31 1 l1d
30 32 1 l1d
