0 35 1 l1d
0 36 1 l1d
0 43 1 l1d
0 44 1 l1d
2 59 1 l1d
2 60 1 l1d
3 15 1 l1d
3 16 1 l1d
3 27 1 l1d
3 28 1 l1d
4 27 1 l1d
4 28 1 l1d
4 31 1 l1d
4 32 1 l1d
4 35 1 l1d
4 36 1 l1d
6 43 1 l1d
6 44 1 l1d
6 55 1 l1d
6 56 1 l1d
7 31 1 l1d
7 32 1 l1d
8 23 1 l1d
8 24 1 l1d
9 55 1 l1d
9 56 1 l1d
10 23 1 l1d
10 24 1 l1d
10 27 1 l1d
10 28 1 l1d
11 19 1 l1d
11 20 1 l1d
11 55 1 l1d
11 56 1 l1d
12 51 1 l1d
12 52 1 l1d
12 59 1 l1d
12 60 1 l1d
13 59 1 l1d
13 60 1 l1d
14 39 1 l1d
14 40 1 l1d
18 47 1 l1d
18 48 1 l1d
23 43 1 l1d
23 44 1 l1d
