0 1 25 0 l1d
0 1 26 0 l1d
0 1 33 0 l1d
0 1 34 0 l1d
0 2 48 7 l1d
0 2 49 7 l1d
0 5 4 7 l1d
0 5 5 7 l1d
0 5 32 7 l1d
0 5 33 7 l1d
0 6 40 7 l1d
0 6 41 7 l1d
0 6 44 7 l1d
0 6 45 2 l1d
0 6 45 7 l1d
0 6 46 2 l1d
0 6 48 7 l1d
0 6 49 7 l1d
0 7 16 7 l1d
0 7 17 7 l1d
0 7 24 7 l1d
0 7 25 7 l1d
0 8 16 7 l1d
0 8 17 7 l1d
0 8 24 7 l1d
0 8 25 7 l1d
0 8 40 7 l1d
0 8 41 7 l1d
0 12 24 7 l1d
0 12 25 7 l1d
0 13 24 7 l1d
0 13 25 7 l1d
0 14 8 7 l1d
0 14 9 0 l1d
0 14 9 7 l1d
0 14 10 0 l1d
0 14 13 0 l1d
0 14 14 0 l1d
0 14 17 2 l1d
0 14 18 2 l1d
0 15 13 2 l1d
0 15 14 2 l1d
0 15 32 7 l1d
0 15 33 7 l1d
0 17 32 7 l1d
0 17 33 7 l1d
0 19 24 7 l1d
0 19 25 7 l1d
0 22 24 7 l1d
0 22 25 7 l1d
0 25 0 7 l1d
0 25 1 7 l1d
0 25 60 7 l1d
0 25 61 7 l1d
0 26 24 7 l1d
0 26 25 7 l1d
