0 7 18 4 l1d
0 7 19 4 l1d
0 13 27 3 l1d
0 13 28 3 l1d
0 13 30 4 l1d
0 13 31 4 l1d
0 16 38 4 l1d
0 16 39 4 l1d
0 17 6 4 l1d
0 17 7 4 l1d
0 18 26 4 l1d
0 18 27 4 l1d
0 19 2 4 l1d
0 19 3 3 l1d
0 19 3 4 l1d
0 19 4 3 l1d
0 19 22 4 l1d
0 19 23 4 l1d
0 19 26 4 l1d
0 19 27 4 l1d
0 19 34 6 l1d
0 19 35 3 l1d
0 19 35 6 l1d
0 19 36 3 l1d
0 20 2 4 l1d
0 20 3 3 l1d
0 20 3 4 l1d
0 20 4 3 l1d
0 21 2 4 l1d
0 21 3 4 l1d
0 21 11 3 l1d
0 21 12 3 l1d
0 21 18 4 l1d
0 21 19 4 l1d
0 21 23 3 l1d
0 21 24 3 l1d
0 21 30 4 l1d
0 21 31 4 l1d
0 21 34 4 l1d
0 21 35 4 l1d
0 21 43 3 l1d
0 21 44 3 l1d
0 22 35 3 l1d
0 22 36 3 l1d
0 22 39 3 l1d
0 22 40 3 l1d
0 22 47 3 l1d
0 22 48 3 l1d
0 23 2 4 l1d
0 23 3 4 l1d
0 23 11 3 l1d
0 23 12 3 l1d
0 23 15 3 l1d
0 23 16 3 l1d
0 23 27 3 l1d
0 23 28 3 l1d
0 23 43 3 l1d
0 23 44 3 l1d
0 24 2 4 l1d
0 24 3 4 l1d
0 24 11 3 l1d
0 24 12 3 l1d
0 25 22 4 l1d
0 25 23 4 l1d
0 25 31 3 l1d
0 25 32 3 l1d
0 25 43 3 l1d
0 25 44 3 l1d
0 25 47 3 l1d
0 25 48 3 l1d
0 27 27 3 l1d
0 27 28 3 l1d
0 28 31 3 l1d
0 28 32 3 l1d
0 28 59 3 l1d
0 28 60 3 l1d
0 29 34 4 l1d
0 29 35 4 l1d
