0 16 34 7 l1d
0 16 35 7 l1d
0 16 42 7 l1d
0 16 43 7 l1d
0 16 46 7 l1d
0 16 47 0 l1d
0 16 47 7 l1d
0 16 48 0 l1d
0 16 50 7 l1d
0 16 51 7 l1d
0 17 18 7 l1d
0 17 19 7 l1d
0 17 39 0 l1d
0 17 40 0 l1d
0 17 51 0 l1d
0 17 52 0 l1d
0 17 58 7 l1d
0 17 59 7 l1d
0 18 3 0 l1d
0 18 4 0 l1d
0 18 10 7 l1d
0 18 11 7 l1d
0 18 14 7 l1d
0 18 15 7 l1d
0 18 18 7 l1d
0 18 19 7 l1d
0 18 30 7 l1d
0 18 31 7 l1d
0 18 50 7 l1d
0 18 51 7 l1d
0 18 58 7 l1d
0 18 59 7 l1d
0 19 18 7 l1d
0 19 19 7 l1d
0 19 23 0 l1d
0 19 24 0 l1d
0 19 26 7 l1d
0 19 27 7 l1d
0 19 30 7 l1d
0 19 31 7 l1d
0 19 34 7 l1d
0 19 35 0 l1d
0 19 35 7 l1d
0 19 36 0 l1d
0 19 39 0 l1d
0 19 40 0 l1d
0 19 42 7 l1d
0 19 43 0 l1d
0 19 43 2 l1d
0 19 43 7 l1d
0 19 44 0 l1d
0 19 44 2 l1d
0 19 46 7 l1d
0 19 47 2 l1d
0 19 47 7 l1d
0 19 48 2 l1d
0 20 2 7 l1d
0 20 3 7 l1d
0 20 14 7 l1d
0 20 15 7 l1d
0 20 18 7 l1d
0 20 19 7 l1d
0 20 26 7 l1d
0 20 27 7 l1d
0 20 38 7 l1d
0 20 39 0 l1d
0 20 39 7 l1d
0 20 40 0 l1d
0 20 50 7 l1d
0 20 51 7 l1d
0 20 54 7 l1d
0 20 55 0 l1d
0 20 55 7 l1d
0 20 56 0 l1d
0 20 58 7 l1d
0 20 59 0 l1d
0 20 59 7 l1d
0 20 60 0 l1d
0 20 62 7 l1d
0 20 63 0 l1d
0 20 63 7 l1d
0 21 0 0 l1d
0 21 22 7 l1d
0 21 23 7 l1d
0 21 34 7 l1d
0 21 35 0 l1d
0 21 35 7 l1d
0 21 36 0 l1d
0 21 38 7 l1d
0 21 39 7 l1d
0 21 42 7 l1d
0 21 43 7 l1d
0 21 46 7 l1d
0 21 47 7 l1d
0 21 62 7 l1d
0 21 63 7 l1d
0 22 2 7 l1d
0 22 3 7 l1d
0 22 6 7 l1d
0 22 7 7 l1d
0 22 10 7 l1d
0 22 11 7 l1d
0 22 14 7 l1d
0 22 15 7 l1d
0 22 18 7 l1d
0 22 19 0 l1d
0 22 19 7 l1d
0 22 20 0 l1d
0 22 23 0 l1d
0 22 24 0 l1d
0 22 26 7 l1d
0 22 27 7 l1d
0 22 30 7 l1d
0 22 31 7 l1d
0 22 34 7 l1d
0 22 35 0 l1d
0 22 35 7 l1d
0 22 36 0 l1d
0 22 38 7 l1d
0 22 39 0 l1d
0 22 39 7 l1d
0 22 40 0 l1d
0 22 42 7 l1d
0 22 43 7 l1d
0 22 46 7 l1d
0 22 47 7 l1d
0 22 50 7 l1d
0 22 51 7 l1d
0 23 2 7 l1d
0 23 3 7 l1d
0 23 18 7 l1d
0 23 19 7 l1d
0 23 23 0 l1d
0 23 24 0 l1d
0 23 50 7 l1d
0 23 51 7 l1d
0 23 58 7 l1d
0 23 59 7 l1d
0 23 62 7 l1d
0 23 63 7 l1d
0 24 2 7 l1d
0 24 3 7 l1d
0 24 10 7 l1d
0 24 11 7 l1d
0 24 14 7 l1d
0 24 15 7 l1d
0 24 18 7 l1d
0 24 19 0 l1d
0 24 19 7 l1d
0 24 20 0 l1d
0 24 22 7 l1d
0 24 23 0 l1d
0 24 23 7 l1d
0 24 24 0 l1d
0 24 26 7 l1d
0 24 27 2 l1d
0 24 27 7 l1d
0 24 28 2 l1d
0 24 30 7 l1d
0 24 31 7 l1d
0 24 34 7 l1d
0 24 35 0 l1d
0 24 35 7 l1d
0 24 36 0 l1d
0 24 38 7 l1d
0 24 39 0 l1d
0 24 39 1 l1d
0 24 39 7 l1d
0 24 40 0 l1d
0 24 40 1 l1d
0 24 42 7 l1d
0 24 43 7 l1d
0 24 46 7 l1d
0 24 47 0 l1d
0 24 47 1 l1d
0 24 47 7 l1d
0 24 48 0 l1d
0 24 48 1 l1d
0 24 58 7 l1d
0 24 59 7 l1d
0 24 62 7 l1d
0 24 63 7 l1d
0 25 18 7 l1d
0 25 19 1 l1d
0 25 19 7 l1d
0 25 20 1 l1d
0 25 26 7 l1d
0 25 27 0 l1d
0 25 27 7 l1d
0 25 28 0 l1d
0 25 30 7 l1d
0 25 31 7 l1d
0 25 34 7 l1d
0 25 35 7 l1d
0 26 2 7 l1d
0 26 3 7 l1d
0 26 10 7 l1d
0 26 11 7 l1d
0 26 14 7 l1d
0 26 15 7 l1d
0 26 19 0 l1d
0 26 20 0 l1d
0 26 26 7 l1d
0 26 27 7 l1d
0 26 50 7 l1d
0 26 51 7 l1d
0 26 58 7 l1d
0 26 59 7 l1d
0 27 2 7 l1d
0 27 3 7 l1d
0 27 18 7 l1d
0 27 19 7 l1d
0 27 22 7 l1d
0 27 23 7 l1d
0 27 62 7 l1d
0 27 63 7 l1d
0 28 19 0 l1d
0 28 20 0 l1d
0 28 58 7 l1d
0 28 59 7 l1d
0 29 14 7 l1d
0 29 15 7 l1d
0 29 50 7 l1d
0 29 51 7 l1d
0 29 54 7 l1d
0 29 55 7 l1d
0 29 58 7 l1d
0 29 59 7 l1d
0 29 62 7 l1d
0 29 63 7 l1d
0 30 2 7 l1d
0 30 3 7 l1d
0 30 18 7 l1d
0 30 19 0 l1d
0 30 19 7 l1d
0 30 20 0 l1d
0 30 23 0 l1d
0 30 24 0 l1d
0 30 34 7 l1d
0 30 35 7 l1d
0 30 50 7 l1d
0 30 51 7 l1d
0 31 18 7 l1d
0 31 19 0 l1d
0 31 19 7 l1d
0 31 20 0 l1d
0 31 22 7 l1d
0 31 23 7 l1d
0 31 26 7 l1d
0 31 27 7 l1d
0 31 30 7 l1d
0 31 31 7 l1d
0 31 42 7 l1d
0 31 43 7 l1d
0 31 50 7 l1d
0 31 51 7 l1d
