0 16 39 1 l1d
0 16 40 1 l1d
0 18 3 1 l1d
0 18 3 2 l1d
0 18 4 1 l1d
0 18 4 2 l1d
0 18 19 1 l1d
0 18 20 1 l1d
0 18 31 1 l1d
0 18 32 1 l1d
0 19 15 1 l1d
0 19 16 1 l1d
0 19 35 2 l1d
0 19 36 2 l1d
0 20 7 1 l1d
0 20 8 1 l1d
0 20 35 2 l1d
0 20 36 2 l1d
0 20 51 2 l1d
0 20 52 2 l1d
0 20 55 1 l1d
0 20 56 1 l1d
0 20 63 2 l1d
0 21 0 2 l1d
0 21 23 1 l1d
0 21 24 1 l1d
0 21 39 1 l1d
0 21 40 1 l1d
0 24 19 2 l1d
0 24 20 2 l1d
0 25 55 1 l1d
0 25 56 1 l1d
0 26 19 2 l1d
0 26 20 2 l1d
0 26 27 1 l1d
0 26 28 1 l1d
0 27 23 1 l1d
0 27 24 1 l1d
0 28 31 1 l1d
0 28 32 1 l1d
0 30 39 1 l1d
0 30 40 1 l1d
