17 18 5 l1d
17 19 5 l1d
17 26 5 l1d
17 27 5 l1d
19 18 5 l1d
19 19 5 l1d
19 26 5 l1d
19 27 5 l1d
19 62 5 l1d
19 63 5 l1d
21 22 5 l1d
21 23 5 l1d
21 30 5 l1d
21 31 5 l1d
21 54 5 l1d
21 55 5 l1d
22 18 5 l1d
22 19 5 l1d
22 30 5 l1d
22 31 5 l1d
23 34 5 l1d
23 35 5 l1d
23 46 5 l1d
23 47 5 l1d
23 50 5 l1d
23 51 5 l1d
23 54 5 l1d
23 55 5 l1d
23 62 5 l1d
23 63 5 l1d
25 62 5 l1d
25 63 5 l1d
26 6 5 l1d
26 7 5 l1d
26 50 5 l1d
26 51 5 l1d
26 58 5 l1d
26 59 5 l1d
27 30 5 l1d
27 31 5 l1d
27 57 2 l1d
27 58 2 l1d
28 34 5 l1d
28 35 5 l1d
29 30 5 l1d
29 31 5 l1d
29 58 5 l1d
29 59 5 l1d
29 62 5 l1d
29 63 5 l1d
30 34 5 l1d
30 35 5 l1d
31 43 0 l1d
31 44 0 l1d
