0 16 35 3 l1d
0 16 36 3 l1d
0 16 47 3 l1d
0 16 48 3 l1d
0 18 35 3 l1d
0 18 36 3 l1d
0 22 3 3 l1d
0 22 4 3 l1d
0 22 31 3 l1d
0 22 32 3 l1d
0 22 35 3 l1d
0 22 36 3 l1d
0 22 51 3 l1d
0 22 52 3 l1d
0 23 7 3 l1d
0 23 8 3 l1d
0 25 23 3 l1d
0 25 24 3 l1d
0 26 27 3 l1d
0 26 28 3 l1d
0 26 35 3 l1d
0 26 36 3 l1d
0 26 39 3 l1d
0 26 40 3 l1d
0 26 47 3 l1d
0 26 48 3 l1d
0 27 55 3 l1d
0 27 56 3 l1d
0 28 23 3 l1d
0 28 24 3 l1d
0 28 35 3 l1d
0 28 36 3 l1d
0 29 15 3 l1d
0 29 16 3 l1d
0 29 19 3 l1d
0 29 20 3 l1d
0 31 35 3 l1d
0 31 36 3 l1d
0 31 43 3 l1d
0 31 44 3 l1d
0 31 55 3 l1d
0 31 56 3 l1d
