0 4 29 1 l1d
0 4 30 1 l1d
0 7 61 1 l1d
0 7 62 1 l1d
0 16 13 1 l1d
0 16 14 1 l1d
0 16 45 1 l1d
0 16 46 1 l1d
0 19 41 1 l1d
0 19 42 1 l1d
0 19 45 1 l1d
0 19 46 1 l1d
0 20 29 1 l1d
0 20 30 1 l1d
0 21 17 1 l1d
0 21 18 1 l1d
0 21 37 1 l1d
0 21 38 1 l1d
0 22 37 1 l1d
0 22 38 1 l1d
0 22 41 1 l1d
0 22 42 1 l1d
0 24 45 1 l1d
0 24 46 1 l1d
0 25 5 1 l1d
0 25 6 1 l1d
0 25 9 1 l1d
0 25 10 1 l1d
0 25 13 1 l1d
0 25 14 1 l1d
0 25 17 1 l1d
0 25 18 1 l1d
0 25 41 1 l1d
0 25 42 1 l1d
0 25 45 1 l1d
0 25 46 1 l1d
0 26 45 1 l1d
0 26 46 1 l1d
0 26 53 1 l1d
0 26 54 1 l1d
0 27 5 1 l1d
0 27 6 1 l1d
0 27 45 1 l1d
0 27 46 1 l1d
0 27 49 1 l1d
0 27 50 1 l1d
0 28 37 1 l1d
0 28 38 1 l1d
0 29 49 1 l1d
0 29 50 1 l1d
0 30 17 1 l1d
0 30 18 1 l1d
0 31 17 1 l1d
0 31 18 1 l1d
0 31 45 1 l1d
0 31 46 1 l1d
0 31 53 1 l1d
0 31 54 1 l1d
