0 0 4 5 l1d
0 0 5 5 l1d
0 0 56 6 l1d
0 0 57 6 l1d
0 0 60 5 l1d
0 0 61 5 l1d
0 1 0 5 l1d
0 1 1 5 l1d
0 1 16 5 l1d
0 1 17 5 l1d
0 2 36 5 l1d
0 2 37 5 l1d
0 2 52 7 l1d
0 2 53 7 l1d
0 3 20 5 l1d
0 3 21 5 l1d
0 3 24 5 l1d
0 3 25 5 l1d
0 3 28 5 l1d
0 3 28 7 l1d
0 3 29 5 l1d
0 3 29 7 l1d
0 3 32 5 l1d
0 3 32 7 l1d
0 3 33 5 l1d
0 3 33 7 l1d
0 6 20 5 l1d
0 6 21 5 l1d
0 6 24 5 l1d
0 6 25 5 l1d
0 8 16 5 l1d
0 8 17 5 l1d
0 9 32 5 l1d
0 9 33 5 l1d
0 12 8 5 l1d
0 12 9 5 l1d
0 12 32 5 l1d
0 12 32 7 l1d
0 12 33 5 l1d
0 12 33 7 l1d
0 13 24 6 l1d
0 13 25 6 l1d
0 13 32 5 l1d
0 13 33 5 l1d
0 13 44 5 l1d
0 13 45 5 l1d
0 14 32 7 l1d
0 14 33 7 l1d
0 15 24 5 l1d
0 15 24 7 l1d
0 15 25 5 l1d
0 15 25 7 l1d
0 15 32 5 l1d
0 15 32 6 l1d
0 15 33 5 l1d
0 15 33 6 l1d
