0 1 5 3 l1d
0 1 6 3 l1d
0 16 21 3 l1d
0 16 22 3 l1d
0 18 21 3 l1d
0 18 22 3 l1d
0 18 25 3 l1d
0 18 26 3 l1d
0 18 29 3 l1d
0 18 30 3 l1d
0 19 33 3 l1d
0 19 34 3 l1d
0 20 25 3 l1d
0 20 26 3 l1d
0 20 29 3 l1d
0 20 30 3 l1d
0 20 33 3 l1d
0 20 34 3 l1d
0 21 21 3 l1d
0 21 22 3 l1d
0 21 33 3 l1d
0 21 34 3 l1d
0 21 45 3 l1d
0 21 46 3 l1d
0 23 25 3 l1d
0 23 26 3 l1d
0 24 29 2 l1d
0 24 30 2 l1d
0 25 29 3 l1d
0 25 30 3 l1d
0 25 45 3 l1d
0 25 46 3 l1d
0 25 49 3 l1d
0 25 50 3 l1d
0 27 25 3 l1d
0 27 26 3 l1d
0 28 17 2 l1d
0 28 18 2 l1d
0 28 25 3 l1d
0 28 26 3 l1d
0 29 21 3 l1d
0 29 22 3 l1d
0 29 25 3 l1d
0 29 26 3 l1d
0 29 57 3 l1d
0 29 58 3 l1d
0 30 21 3 l1d
0 30 22 3 l1d
0 31 17 3 l1d
0 31 18 3 l1d
0 31 61 3 l1d
0 31 62 3 l1d
