1 10 4 l1d
1 11 4 l1d
1 58 4 l1d
1 59 4 l1d
4 34 4 l1d
4 35 4 l1d
7 10 4 l1d
7 11 4 l1d
16 56 6 l1d
16 57 6 l1d
17 28 6 l1d
17 29 6 l1d
17 56 6 l1d
17 57 6 l1d
19 8 6 l1d
19 9 6 l1d
19 32 6 l1d
19 33 6 l1d
22 44 6 l1d
22 45 6 l1d
23 48 4 l1d
23 49 4 l1d
24 56 6 l1d
24 57 6 l1d
25 20 6 l1d
25 21 6 l1d
25 24 6 l1d
25 25 6 l1d
27 8 6 l1d
27 9 6 l1d
27 12 6 l1d
27 13 6 l1d
28 56 6 l1d
28 57 6 l1d
29 0 6 l1d
29 1 6 l1d
29 28 6 l1d
29 29 6 l1d
29 32 6 l1d
29 33 6 l1d
29 48 5 l1d
29 49 5 l1d
30 32 6 l1d
30 33 6 l1d
30 60 6 l1d
30 61 6 l1d
