0 2 18 7 l1d
0 2 19 7 l1d
0 7 14 7 l1d
0 7 15 7 l1d
0 7 18 7 l1d
0 7 19 7 l1d
0 13 18 7 l1d
0 13 19 7 l1d
0 17 22 7 l1d
0 17 23 7 l1d
0 17 26 7 l1d
0 17 27 7 l1d
0 18 2 7 l1d
0 18 3 7 l1d
0 18 6 7 l1d
0 18 7 7 l1d
0 18 34 7 l1d
0 18 35 7 l1d
0 20 18 7 l1d
0 20 19 7 l1d
0 20 26 7 l1d
0 20 27 7 l1d
0 21 22 7 l1d
0 21 23 7 l1d
0 22 18 7 l1d
0 22 19 7 l1d
0 25 18 7 l1d
0 25 19 7 l1d
0 25 50 7 l1d
0 25 51 7 l1d
0 25 58 7 l1d
0 25 59 7 l1d
0 28 50 7 l1d
0 28 51 7 l1d
0 28 54 7 l1d
0 28 55 7 l1d
0 29 50 7 l1d
0 29 51 7 l1d
0 30 18 7 l1d
0 30 19 7 l1d
