0 0 34 7 l1d
0 0 35 7 l1d
0 1 62 7 l1d
0 1 63 7 l1d
0 2 18 7 l1d
0 2 19 7 l1d
0 2 50 7 l1d
0 2 51 7 l1d
0 3 22 7 l1d
0 3 23 7 l1d
0 4 34 7 l1d
0 4 35 7 l1d
0 4 58 7 l1d
0 4 59 7 l1d
0 5 50 7 l1d
0 5 51 7 l1d
0 7 50 7 l1d
0 7 51 7 l1d
0 8 58 7 l1d
0 8 59 7 l1d
0 9 18 7 l1d
0 9 19 7 l1d
0 9 26 7 l1d
0 9 27 7 l1d
0 9 30 7 l1d
0 9 31 7 l1d
0 10 34 7 l1d
0 10 35 7 l1d
0 10 38 7 l1d
0 10 39 7 l1d
0 11 18 7 l1d
0 11 19 7 l1d
0 11 58 7 l1d
0 11 59 7 l1d
0 12 18 7 l1d
0 12 19 7 l1d
0 12 38 7 l1d
0 12 39 7 l1d
0 12 54 7 l1d
0 12 55 7 l1d
0 13 30 7 l1d
0 13 31 7 l1d
0 13 62 7 l1d
0 13 63 7 l1d
0 14 18 7 l1d
0 14 19 7 l1d
0 14 30 7 l1d
0 14 31 7 l1d
0 16 30 7 l1d
0 16 31 7 l1d
0 16 34 7 l1d
0 16 35 7 l1d
0 17 38 7 l1d
0 17 39 7 l1d
0 19 38 7 l1d
0 19 39 7 l1d
0 19 58 7 l1d
0 19 59 7 l1d
0 19 62 7 l1d
0 19 63 7 l1d
0 20 42 7 l1d
0 20 43 7 l1d
0 22 54 7 l1d
0 22 55 7 l1d
0 23 30 7 l1d
0 23 31 7 l1d
0 23 34 7 l1d
0 23 35 7 l1d
0 25 42 7 l1d
0 25 43 7 l1d
0 26 2 7 l1d
0 26 3 7 l1d
0 27 42 7 l1d
0 27 43 7 l1d
0 28 30 7 l1d
0 28 31 7 l1d
0 28 38 7 l1d
0 28 39 7 l1d
0 29 18 7 l1d
0 29 19 7 l1d
0 31 22 7 l1d
0 31 23 7 l1d
