0 0 25 1 l1d
0 0 26 1 l1d
0 0 57 1 l1d
0 0 58 1 l1d
0 3 41 1 l1d
0 3 42 1 l1d
0 5 41 1 l1d
0 5 42 1 l1d
0 8 45 1 l1d
0 8 46 1 l1d
0 9 17 1 l1d
0 9 18 1 l1d
0 9 29 1 l1d
0 9 30 1 l1d
0 10 29 1 l1d
0 10 30 1 l1d
0 14 13 1 l1d
0 14 14 1 l1d
0 15 13 1 l1d
0 15 14 1 l1d
0 15 57 1 l1d
0 15 58 1 l1d
0 18 13 1 l1d
0 18 14 1 l1d
0 18 33 1 l1d
0 18 34 1 l1d
0 19 9 1 l1d
0 19 10 1 l1d
0 20 29 1 l1d
0 20 30 1 l1d
0 21 49 1 l1d
0 21 50 1 l1d
0 22 57 1 l1d
0 22 58 1 l1d
0 23 45 1 l1d
0 23 46 1 l1d
0 24 29 1 l1d
0 24 30 1 l1d
0 24 61 1 l1d
0 24 62 1 l1d
0 26 25 1 l1d
0 26 26 1 l1d
0 26 29 1 l1d
0 26 30 1 l1d
0 26 33 1 l1d
0 26 34 1 l1d
0 27 33 1 l1d
0 27 34 1 l1d
0 28 1 1 l1d
0 28 2 1 l1d
0 28 45 1 l1d
0 28 46 1 l1d
0 28 53 1 l1d
0 28 54 1 l1d
0 29 9 1 l1d
0 29 10 1 l1d
0 29 10 6 l1d
0 29 11 6 l1d
0 29 13 1 l1d
0 29 14 1 l1d
0 30 45 1 l1d
0 30 46 1 l1d
0 30 49 1 l1d
0 30 50 1 l1d
0 31 1 1 l1d
0 31 2 1 l1d
