0 31 1 l1d
0 32 1 l1d
0 35 1 l1d
0 36 1 l1d
0 51 3 l1d
0 52 3 l1d
0 55 1 l1d
0 56 1 l1d
0 63 1 l1d
1 0 1 l1d
1 31 1 l1d
1 32 1 l1d
1 55 3 l1d
1 56 3 l1d
1 63 1 l1d
2 0 1 l1d
2 19 1 l1d
2 20 1 l1d
3 3 1 l1d
3 4 1 l1d
3 19 1 l1d
3 20 1 l1d
3 23 1 l1d
3 24 1 l1d
3 27 1 l1d
3 28 1 l1d
4 27 1 l1d
4 28 1 l1d
5 19 1 l1d
5 20 1 l1d
5 51 1 l1d
5 52 1 l1d
5 59 1 l1d
5 60 1 l1d
6 27 1 l1d
6 28 1 l1d
6 31 1 l1d
6 32 1 l1d
7 27 1 l1d
7 28 1 l1d
8 19 1 l1d
8 20 1 l1d
8 23 1 l1d
8 24 1 l1d
8 43 1 l1d
8 44 1 l1d
8 51 1 l1d
8 52 1 l1d
9 51 1 l1d
9 52 1 l1d
9 63 1 l1d
10 0 1 l1d
10 19 1 l1d
10 20 1 l1d
10 27 1 l1d
10 28 1 l1d
10 31 1 l1d
10 32 1 l1d
11 19 1 l1d
11 20 1 l1d
11 27 3 l1d
11 28 3 l1d
11 31 1 l1d
11 32 1 l1d
11 51 1 l1d
11 52 1 l1d
11 55 1 l1d
11 56 1 l1d
12 39 3 l1d
12 40 3 l1d
12 59 1 l1d
12 60 1 l1d
13 35 1 l1d
13 36 1 l1d
13 47 1 l1d
13 48 1 l1d
14 19 1 l1d
14 20 1 l1d
14 59 1 l1d
14 60 1 l1d
16 27 1 l1d
16 28 1 l1d
18 3 1 l1d
18 4 1 l1d
19 19 1 l1d
19 20 1 l1d
22 51 1 l1d
22 52 1 l1d
22 63 1 l1d
23 0 1 l1d
24 35 1 l1d
24 36 1 l1d
27 43 1 l1d
27 44 1 l1d
30 19 1 l1d
30 20 1 l1d
