0 2 19 3 l1d
0 2 20 3 l1d
0 2 23 3 l1d
0 2 24 3 l1d
0 3 23 3 l1d
0 3 24 3 l1d
0 4 1 2 l1d
0 4 2 2 l1d
0 4 27 3 l1d
0 4 28 3 l1d
0 4 39 3 l1d
0 4 40 3 l1d
0 6 19 3 l1d
0 6 20 3 l1d
0 6 63 3 l1d
0 7 0 3 l1d
0 8 25 2 l1d
0 8 26 2 l1d
0 8 55 3 l1d
0 8 56 3 l1d
0 8 63 3 l1d
0 9 0 3 l1d
0 9 51 3 l1d
0 9 52 3 l1d
0 10 15 3 l1d
0 10 16 3 l1d
0 11 19 3 l1d
0 11 20 3 l1d
0 11 23 3 l1d
0 11 24 3 l1d
0 12 31 3 l1d
0 12 32 3 l1d
0 12 55 3 l1d
0 12 56 3 l1d
0 12 59 3 l1d
0 12 60 3 l1d
0 12 63 3 l1d
0 13 0 3 l1d
0 13 31 3 l1d
0 13 32 3 l1d
0 15 63 3 l1d
0 16 0 3 l1d
0 20 29 2 l1d
0 20 30 2 l1d
0 25 15 3 l1d
0 25 16 3 l1d
0 25 27 3 l1d
0 25 28 3 l1d
0 26 19 3 l1d
0 26 20 3 l1d
0 26 31 3 l1d
0 26 32 3 l1d
0 28 7 3 l1d
0 28 8 3 l1d
0 29 3 3 l1d
0 29 4 3 l1d
