0 1 28 5 l1d
0 1 29 5 l1d
0 2 16 5 l1d
0 2 17 5 l1d
0 4 33 1 l1d
0 4 34 1 l1d
0 11 41 1 l1d
0 11 42 1 l1d
0 12 5 1 l1d
0 12 6 1 l1d
0 12 9 1 l1d
0 12 10 1 l1d
0 12 12 5 l1d
0 12 13 5 l1d
0 12 16 5 l1d
0 12 17 5 l1d
0 12 28 5 l1d
0 12 29 5 l1d
0 17 29 1 l1d
0 17 30 1 l1d
0 19 0 5 l1d
0 19 1 5 l1d
0 19 29 1 l1d
0 19 30 1 l1d
0 22 21 1 l1d
0 22 22 1 l1d
0 22 29 1 l1d
0 22 30 1 l1d
0 23 24 5 l1d
0 23 25 5 l1d
0 27 44 5 l1d
0 27 45 5 l1d
0 29 1 1 l1d
0 29 2 1 l1d
0 29 24 4 l1d
0 29 25 4 l1d
0 30 0 5 l1d
0 30 1 5 l1d
