0 0 51 0 l1d
0 0 52 0 l1d
0 1 19 1 l1d
0 1 20 1 l1d
0 1 51 0 l1d
0 1 52 0 l1d
0 2 23 1 l1d
0 2 24 1 l1d
0 2 55 0 l1d
0 2 56 0 l1d
0 3 35 0 l1d
0 3 36 0 l1d
0 5 51 0 l1d
0 5 51 1 l1d
0 5 52 0 l1d
0 5 52 1 l1d
0 6 51 0 l1d
0 6 52 0 l1d
0 7 63 0 l1d
0 8 0 0 l1d
0 9 27 0 l1d
0 9 28 0 l1d
0 11 31 0 l1d
0 11 32 0 l1d
0 12 35 0 l1d
0 12 36 0 l1d
0 13 51 0 l1d
0 13 52 0 l1d
0 14 19 0 l1d
0 14 20 0 l1d
0 15 19 0 l1d
0 15 20 0 l1d
0 15 31 0 l1d
0 15 32 0 l1d
0 21 3 0 l1d
0 21 4 0 l1d
0 21 7 0 l1d
0 21 8 0 l1d
0 28 47 1 l1d
0 28 48 1 l1d
