0 0 4 l1d
0 1 4 l1d
0 2 4 l1d
0 3 4 l1d
0 18 4 l1d
0 19 4 l1d
2 2 4 l1d
2 3 4 l1d
2 38 4 l1d
2 39 4 l1d
3 34 4 l1d
3 35 4 l1d
4 14 4 l1d
4 15 4 l1d
4 18 4 l1d
4 19 4 l1d
4 22 4 l1d
4 23 4 l1d
5 14 4 l1d
5 15 4 l1d
6 2 4 l1d
6 3 4 l1d
6 6 4 l1d
6 7 4 l1d
6 10 4 l1d
6 11 4 l1d
7 34 4 l1d
7 35 4 l1d
9 26 4 l1d
9 27 4 l1d
9 50 4 l1d
9 51 4 l1d
9 54 4 l1d
9 55 4 l1d
11 30 4 l1d
11 31 4 l1d
12 2 4 l1d
12 3 4 l1d
12 18 4 l1d
12 19 4 l1d
12 22 4 l1d
12 23 4 l1d
12 58 4 l1d
12 59 4 l1d
13 2 4 l1d
13 3 4 l1d
13 30 4 l1d
13 31 4 l1d
13 38 4 l1d
13 39 4 l1d
14 18 4 l1d
14 19 4 l1d
17 22 4 l1d
17 23 4 l1d
17 28 6 l1d
17 29 6 l1d
17 60 6 l1d
17 61 6 l1d
