17 3 1 l1d
17 4 1 l1d
17 55 1 l1d
17 56 1 l1d
18 19 1 l1d
18 20 1 l1d
18 23 1 l1d
18 24 1 l1d
19 19 1 l1d
19 20 1 l1d
19 23 1 l1d
19 24 1 l1d
19 27 1 l1d
19 28 1 l1d
19 31 1 l1d
19 32 1 l1d
20 23 1 l1d
20 24 1 l1d
21 35 1 l1d
21 36 1 l1d
21 55 1 l1d
21 56 1 l1d
23 39 1 l1d
23 40 1 l1d
24 21 3 l1d
24 22 3 l1d
24 26 5 l1d
24 27 5 l1d
25 47 1 l1d
25 48 1 l1d
26 3 1 l1d
26 4 1 l1d
26 19 1 l1d
26 20 1 l1d
26 31 1 l1d
26 32 1 l1d
26 35 1 l1d
26 36 1 l1d
27 19 1 l1d
27 20 1 l1d
27 39 1 l1d
27 40 1 l1d
27 55 1 l1d
27 56 1 l1d
31 19 1 l1d
31 20 1 l1d
