1 12 5 l1d
1 13 5 l1d
7 8 5 l1d
7 9 5 l1d
16 24 7 l1d
16 25 7 l1d
17 16 5 l1d
17 17 5 l1d
17 20 5 l1d
17 21 5 l1d
17 44 5 l1d
17 45 5 l1d
17 48 5 l1d
17 49 5 l1d
18 12 5 l1d
18 13 5 l1d
18 16 5 l1d
18 17 5 l1d
18 20 5 l1d
18 21 5 l1d
18 24 5 l1d
18 24 7 l1d
18 25 5 l1d
18 25 7 l1d
18 28 5 l1d
18 29 5 l1d
18 32 5 l1d
18 33 5 l1d
18 35 1 l1d
18 36 1 l1d
18 36 5 l1d
18 37 5 l1d
18 48 5 l1d
18 49 5 l1d
19 24 5 l1d
19 25 5 l1d
19 40 5 l1d
19 41 5 l1d
19 52 5 l1d
19 52 7 l1d
19 53 5 l1d
19 53 7 l1d
19 56 5 l1d
19 57 5 l1d
19 60 5 l1d
19 61 5 l1d
20 0 5 l1d
20 1 5 l1d
20 4 5 l1d
20 5 5 l1d
20 12 7 l1d
20 13 7 l1d
20 16 5 l1d
20 17 5 l1d
20 60 5 l1d
20 61 5 l1d
21 0 5 l1d
21 1 5 l1d
21 20 5 l1d
21 21 5 l1d
21 24 5 l1d
21 24 7 l1d
21 25 5 l1d
21 25 7 l1d
21 28 5 l1d
21 28 7 l1d
21 29 5 l1d
21 29 7 l1d
21 32 5 l1d
21 33 5 l1d
21 36 5 l1d
21 37 5 l1d
22 8 5 l1d
22 9 5 l1d
22 16 5 l1d
22 17 5 l1d
22 36 7 l1d
22 37 7 l1d
23 0 5 l1d
23 1 2 l1d
23 1 5 l1d
23 2 2 l1d
23 20 5 l1d
23 21 5 l1d
23 24 5 l1d
23 25 5 l1d
23 28 5 l1d
23 29 5 l1d
23 32 5 l1d
23 32 7 l1d
23 33 2 l1d
23 33 5 l1d
23 33 7 l1d
23 34 2 l1d
23 36 5 l1d
23 37 5 l1d
23 48 5 l1d
23 49 5 l1d
23 56 5 l1d
23 57 5 l1d
24 24 7 l1d
24 25 7 l1d
24 44 5 l1d
24 45 5 l1d
25 0 7 l1d
25 1 7 l1d
25 20 5 l1d
25 21 5 l1d
25 27 1 l1d
25 28 1 l1d
25 48 5 l1d
25 49 5 l1d
25 60 5 l1d
25 61 5 l1d
26 0 5 l1d
26 1 5 l1d
26 12 5 l1d
26 13 5 l1d
26 19 1 l1d
26 20 1 l1d
26 24 5 l1d
26 25 5 l1d
26 33 2 l1d
26 34 2 l1d
26 36 5 l1d
26 37 2 l1d
26 37 5 l1d
26 38 2 l1d
26 48 5 l1d
26 49 5 l1d
26 56 7 l1d
26 57 7 l1d
26 63 1 l1d
27 0 1 l1d
27 24 4 l1d
27 25 4 l1d
27 28 5 l1d
27 28 7 l1d
27 29 5 l1d
27 29 7 l1d
27 32 5 l1d
27 33 5 l1d
27 36 5 l1d
27 37 5 l1d
27 40 5 l1d
27 41 5 l1d
27 44 5 l1d
27 45 5 l1d
27 60 5 l1d
27 61 5 l1d
28 40 5 l1d
28 41 5 l1d
29 24 7 l1d
29 25 7 l1d
29 32 5 l1d
29 33 5 l1d
29 56 7 l1d
29 57 7 l1d
30 16 5 l1d
30 17 5 l1d
31 19 1 l1d
31 20 1 l1d
31 32 5 l1d
31 33 5 l1d
31 40 5 l1d
31 41 5 l1d
