0 0 39 3 l1d
0 0 40 3 l1d
0 0 51 3 l1d
0 0 52 3 l1d
0 1 15 3 l1d
0 1 16 3 l1d
0 1 27 3 l1d
0 1 28 3 l1d
0 1 31 3 l1d
0 1 32 3 l1d
0 1 55 3 l1d
0 1 56 3 l1d
0 4 27 3 l1d
0 4 28 3 l1d
0 4 31 3 l1d
0 4 32 3 l1d
0 4 35 3 l1d
0 4 36 3 l1d
0 4 59 3 l1d
0 4 60 3 l1d
0 5 19 3 l1d
0 5 20 3 l1d
0 5 23 3 l1d
0 5 24 3 l1d
0 5 27 3 l1d
0 5 28 3 l1d
0 5 59 3 l1d
0 5 60 3 l1d
0 6 3 3 l1d
0 6 4 3 l1d
0 7 19 3 l1d
0 7 20 3 l1d
0 7 23 3 l1d
0 7 24 3 l1d
0 7 27 3 l1d
0 7 28 3 l1d
0 7 31 3 l1d
0 7 32 3 l1d
0 8 3 3 l1d
0 8 4 3 l1d
0 8 7 3 l1d
0 8 8 3 l1d
0 8 11 3 l1d
0 8 12 3 l1d
0 8 27 3 l1d
0 8 28 3 l1d
0 8 63 3 l1d
0 9 0 3 l1d
0 9 27 3 l1d
0 9 28 3 l1d
0 10 3 3 l1d
0 10 4 3 l1d
0 10 23 3 l1d
0 10 24 3 l1d
0 10 43 3 l1d
0 10 44 3 l1d
0 11 23 3 l1d
0 11 24 3 l1d
0 11 63 3 l1d
0 12 0 3 l1d
0 13 15 3 l1d
0 13 16 3 l1d
0 14 43 3 l1d
0 14 44 3 l1d
0 14 51 3 l1d
0 14 52 3 l1d
0 15 19 3 l1d
0 15 20 3 l1d
0 15 23 3 l1d
0 15 24 3 l1d
0 15 27 3 l1d
0 15 28 3 l1d
0 15 31 3 l1d
0 15 32 3 l1d
0 15 43 3 l1d
0 15 44 3 l1d
0 15 59 3 l1d
0 15 60 3 l1d
0 19 43 3 l1d
0 19 44 3 l1d
0 19 47 3 l1d
0 19 48 3 l1d
0 20 3 3 l1d
0 20 4 3 l1d
0 20 11 3 l1d
0 20 12 3 l1d
0 20 15 3 l1d
0 20 16 3 l1d
0 20 19 3 l1d
0 20 20 3 l1d
0 20 23 3 l1d
0 20 24 3 l1d
0 20 27 3 l1d
0 20 28 3 l1d
0 20 31 3 l1d
0 20 32 3 l1d
0 20 35 3 l1d
0 20 36 3 l1d
0 20 59 3 l1d
0 20 60 3 l1d
0 21 23 3 l1d
0 21 24 3 l1d
0 21 27 3 l1d
0 21 28 3 l1d
0 21 39 3 l1d
0 21 40 3 l1d
0 21 43 3 l1d
0 21 44 3 l1d
0 21 55 3 l1d
0 21 56 3 l1d
0 22 27 3 l1d
0 22 28 3 l1d
0 22 39 3 l1d
0 22 40 3 l1d
0 23 3 3 l1d
0 23 4 3 l1d
0 23 11 3 l1d
0 23 12 3 l1d
0 23 15 3 l1d
0 23 16 3 l1d
0 23 43 3 l1d
0 23 44 3 l1d
0 24 23 3 l1d
0 24 24 3 l1d
0 24 27 3 l1d
0 24 28 3 l1d
0 24 31 3 l1d
0 24 32 3 l1d
0 26 35 3 l1d
0 26 36 3 l1d
0 27 11 3 l1d
0 27 12 3 l1d
0 27 63 3 l1d
0 28 0 3 l1d
0 28 27 3 l1d
0 28 28 3 l1d
0 29 11 3 l1d
0 29 12 3 l1d
0 29 47 3 l1d
0 29 48 3 l1d
0 30 7 3 l1d
0 30 8 3 l1d
0 30 51 3 l1d
0 30 52 3 l1d
0 30 55 3 l1d
0 30 56 3 l1d
0 31 15 3 l1d
0 31 16 3 l1d
0 31 59 3 l1d
0 31 60 3 l1d
