3 46 6 l1d
3 47 6 l1d
6 22 6 l1d
6 23 6 l1d
12 18 6 l1d
12 19 6 l1d
13 26 6 l1d
13 27 6 l1d
13 30 6 l1d
13 31 6 l1d
17 18 6 l1d
17 19 6 l1d
17 23 2 l1d
17 24 2 l1d
17 30 6 l1d
17 31 6 l1d
18 3 2 l1d
18 4 2 l1d
18 10 6 l1d
18 11 6 l1d
18 42 6 l1d
18 43 6 l1d
18 46 6 l1d
18 47 6 l1d
19 30 6 l1d
19 31 6 l1d
19 42 6 l1d
19 43 6 l1d
20 14 6 l1d
20 15 6 l1d
20 18 6 l1d
20 19 6 l1d
20 22 6 l1d
20 23 6 l1d
20 38 6 l1d
20 39 6 l1d
20 54 6 l1d
20 55 6 l1d
20 62 6 l1d
20 63 6 l1d
21 30 6 l1d
21 31 6 l1d
22 26 6 l1d
22 27 6 l1d
22 35 2 l1d
22 36 2 l1d
23 14 6 l1d
23 15 6 l1d
24 22 6 l1d
24 23 6 l1d
24 26 6 l1d
24 27 6 l1d
25 11 2 l1d
25 12 2 l1d
25 18 6 l1d
25 19 6 l1d
25 54 6 l1d
25 55 6 l1d
25 58 6 l1d
25 59 6 l1d
25 62 6 l1d
25 63 6 l1d
26 62 6 l1d
26 63 6 l1d
27 22 6 l1d
27 23 6 l1d
27 34 6 l1d
27 35 6 l1d
27 42 6 l1d
27 43 6 l1d
28 42 6 l1d
28 43 6 l1d
28 47 2 l1d
28 48 2 l1d
31 26 6 l1d
31 27 6 l1d
