0 2 18 4 l1d
0 2 19 3 l1d
0 2 19 4 l1d
0 2 20 3 l1d
0 2 30 4 l1d
0 2 31 4 l1d
0 5 18 4 l1d
0 5 19 4 l1d
0 6 58 4 l1d
0 6 59 4 l1d
0 7 35 3 l1d
0 7 36 3 l1d
0 10 18 4 l1d
0 10 19 4 l1d
0 12 18 4 l1d
0 12 19 3 l1d
0 12 19 4 l1d
0 12 20 3 l1d
0 17 14 4 l1d
0 17 15 4 l1d
0 17 34 4 l1d
0 17 35 4 l1d
0 18 34 4 l1d
0 18 35 4 l1d
0 20 21 2 l1d
0 20 22 2 l1d
0 20 29 0 l1d
0 20 30 0 l1d
0 22 18 4 l1d
0 22 19 3 l1d
0 22 19 4 l1d
0 22 20 3 l1d
0 22 34 4 l1d
0 22 35 4 l1d
0 23 34 4 l1d
0 23 35 4 l1d
0 25 14 4 l1d
0 25 15 4 l1d
0 27 35 3 l1d
0 27 36 3 l1d
0 29 2 4 l1d
0 29 3 4 l1d
0 30 18 4 l1d
0 30 19 4 l1d
