0 6 58 4 l1d
0 6 59 4 l1d
0 7 18 4 l1d
0 7 19 4 l1d
0 16 26 4 l1d
0 16 27 4 l1d
0 16 62 4 l1d
0 16 63 4 l1d
0 18 18 4 l1d
0 18 19 4 l1d
0 18 50 4 l1d
0 18 51 4 l1d
0 18 62 4 l1d
0 18 63 4 l1d
0 19 18 4 l1d
0 19 19 4 l1d
0 20 50 4 l1d
0 20 51 4 l1d
0 20 58 4 l1d
0 20 59 4 l1d
0 21 34 4 l1d
0 21 35 4 l1d
0 22 34 4 l1d
0 22 35 4 l1d
0 22 42 4 l1d
0 22 43 4 l1d
0 22 62 4 l1d
0 22 63 4 l1d
0 24 50 4 l1d
0 24 51 4 l1d
0 24 58 4 l1d
0 24 59 4 l1d
0 24 62 4 l1d
0 24 63 4 l1d
0 26 42 4 l1d
0 26 43 4 l1d
0 28 50 4 l1d
0 28 51 4 l1d
0 28 62 4 l1d
0 28 63 4 l1d
0 30 14 4 l1d
0 30 15 4 l1d
0 30 18 4 l1d
0 30 19 4 l1d
