0 10 24 4 l1d
0 10 25 4 l1d
0 10 32 4 l1d
0 10 33 4 l1d
0 11 15 3 l1d
0 11 16 3 l1d
0 17 8 4 l1d
0 17 9 4 l1d
0 18 40 4 l1d
0 18 41 4 l1d
0 18 44 4 l1d
0 18 45 4 l1d
0 19 12 4 l1d
0 19 13 4 l1d
0 19 32 4 l1d
0 19 33 4 l1d
0 19 48 4 l1d
0 19 49 4 l1d
0 19 56 4 l1d
0 19 57 4 l1d
0 20 0 4 l1d
0 20 1 4 l1d
0 20 20 4 l1d
0 20 21 4 l1d
0 20 40 4 l1d
0 20 41 4 l1d
0 20 44 4 l1d
0 20 45 4 l1d
0 21 20 4 l1d
0 21 21 4 l1d
0 22 36 4 l1d
0 22 37 4 l1d
0 22 40 4 l1d
0 22 41 4 l1d
0 22 44 4 l1d
0 22 45 4 l1d
0 22 48 4 l1d
0 22 49 4 l1d
0 24 12 4 l1d
0 24 13 4 l1d
0 24 16 4 l1d
0 24 17 4 l1d
0 24 24 4 l1d
0 24 25 4 l1d
0 24 28 4 l1d
0 24 29 4 l1d
0 24 48 4 l1d
0 24 49 4 l1d
0 26 0 4 l1d
0 26 1 4 l1d
0 26 4 4 l1d
0 26 5 4 l1d
0 26 8 4 l1d
0 26 9 4 l1d
0 26 12 4 l1d
0 26 13 4 l1d
0 26 16 4 l1d
0 26 17 4 l1d
0 26 20 4 l1d
0 26 21 4 l1d
0 26 24 4 l1d
0 26 25 4 l1d
0 26 28 4 l1d
0 26 29 4 l1d
0 26 32 4 l1d
0 26 33 4 l1d
0 26 36 4 l1d
0 26 37 4 l1d
0 26 44 4 l1d
0 26 45 4 l1d
0 26 48 4 l1d
0 26 49 4 l1d
0 27 20 4 l1d
0 27 21 4 l1d
0 28 44 4 l1d
0 28 45 4 l1d
0 29 40 4 l1d
0 29 41 4 l1d
0 30 4 4 l1d
0 30 5 4 l1d
