0 24 5 l1d
0 25 5 l1d
0 28 5 l1d
0 29 5 l1d
0 32 5 l1d
0 33 5 l1d
0 36 5 l1d
0 37 5 l1d
0 40 5 l1d
0 41 5 l1d
0 44 5 l1d
0 45 5 l1d
1 28 5 l1d
1 29 5 l1d
1 32 5 l1d
1 33 5 l1d
2 24 5 l1d
2 25 5 l1d
2 52 5 l1d
2 53 5 l1d
3 8 5 l1d
3 9 5 l1d
4 28 5 l1d
4 29 5 l1d
6 8 5 l1d
6 9 5 l1d
10 24 5 l1d
10 25 5 l1d
10 28 5 l1d
10 29 5 l1d
14 24 5 l1d
14 25 5 l1d
18 44 5 l1d
18 45 5 l1d
21 4 5 l1d
21 5 5 l1d
21 8 5 l1d
21 9 5 l1d
28 28 5 l1d
28 29 5 l1d
29 24 5 l1d
29 25 5 l1d
29 40 5 l1d
29 41 5 l1d
29 44 5 l1d
29 45 5 l1d
31 32 5 l1d
31 33 5 l1d
