12 19 3 l1d
28 33 0 l1d
29 54 7 l1d
30 60 5 l1d
29 61 2 l1d
5 9 3 l1d
18 62 5 l1d
29 26 2 l1d
10 62 6 l1d
17 62 0 l1d
25 53 6 l1d
5 36 0 l1d
0 57 1 l1d
26 38 0 l1d
10 56 1 l1d
13 30 7 l1d
6 5 3 l1d
7 31 3 l1d
24 48 8 l1d
9 36 3 l1d
32 60 1 l1d
2 58 0 l1d
15 54 3 l1d
18 8 3 l1d
5 59 0 l1d
13 48 6 l1d
21 62 8 l1d
5 19 0 l1d
29 24 6 l1d
17 16 6 l1d
27 30 5 l1d
1 3 8 l1d
9 64 1 l1d
11 13 7 l1d
5 7 2 l1d
9 1 0 l1d
13 22 5 l1d
13 2 5 l1d
5 33 4 l1d
3 6 1 l1d
13 31 6 l1d
19 60 8 l1d
9 32 1 l1d
27 48 4 l1d
10 13 1 l1d
20 9 4 l1d
25 37 4 l1d
16 35 4 l1d
