9 64 2 l1d
4 17 6 l1d
5 22 5 l1d
0 48 7 l1d
0 35 8 l1d
9 51 0 l1d
22 32 2 l1d
29 34 5 l1d
19 47 2 l1d
13 16 8 l1d
29 52 6 l1d
18 56 5 l1d
6 55 0 l1d
10 13 1 l1d
6 55 3 l1d
8 31 6 l1d
8 62 8 l1d
20 10 5 l1d
4 8 8 l1d
26 46 8 l1d
15 21 0 l1d
16 41 4 l1d
13 44 0 l1d
15 32 7 l1d
6 28 0 l1d
7 31 1 l1d
29 46 5 l1d
18 1 8 l1d
22 20 0 l1d
8 10 4 l1d
30 4 3 l1d
3 50 8 l1d
29 47 6 l1d
9 53 2 l1d
4 4 5 l1d
13 45 8 l1d
32 31 2 l1d
15 44 8 l1d
8 63 3 l1d
12 30 2 l1d
29 34 8 l1d
25 5 0 l1d
16 62 1 l1d
32 11 2 l1d
15 36 0 l1d
14 2 5 l1d
26 0 5 l1d
31 31 0 l1d
27 32 4 l1d
14 6 4 l1d
9 46 5 l1d
27 16 6 l1d
31 13 3 l1d
13 50 3 l1d
18 60 5 l1d
19 54 3 l1d
30 21 5 l1d
21 40 4 l1d
13 27 6 l1d
9 2 4 l1d
5 60 3 l1d
14 59 6 l1d
11 55 3 l1d
10 61 0 l1d
24 63 6 l1d
18 41 8 l1d
24 52 5 l1d
27 46 2 l1d
