17 10 4 l1d
13 52 8 l1d
5 15 8 l1d
6 20 5 l1d
1 22 2 l1d
29 14 5 l1d
1 46 4 l1d
30 37 5 l1d
10 54 6 l1d
8 56 8 l1d
25 64 0 l1d
22 49 1 l1d
3 44 7 l1d
20 14 1 l1d
13 62 0 l1d
21 46 6 l1d
14 34 8 l1d
24 62 6 l1d
25 57 1 l1d
3 19 5 l1d
23 48 7 l1d
19 22 0 l1d
28 9 3 l1d
5 52 3 l1d
0 50 4 l1d
22 19 2 l1d
9 11 0 l1d
1 20 4 l1d
11 38 3 l1d
28 7 5 l1d
10 1 7 l1d
24 13 0 l1d
5 14 4 l1d
19 22 0 l1d
17 60 6 l1d
19 37 1 l1d
31 45 4 l1d
3 57 4 l1d
25 48 0 l1d
19 19 1 l1d
31 48 7 l1d
26 51 4 l1d
18 13 6 l1d
13 55 4 l1d
27 10 6 l1d
24 51 7 l1d
29 36 7 l1d
1 8 8 l1d
13 53 7 l1d
3 23 8 l1d
22 9 4 l1d
21 25 8 l1d
8 52 4 l1d
19 2 6 l1d
19 64 8 l1d
17 54 6 l1d
