23 42 8 l1d
5 59 6 l1d
4 21 5 l1d
20 55 0 l1d
31 53 3 l1d
0 5 3 l1d
4 22 0 l1d
0 28 8 l1d
11 47 4 l1d
28 14 0 l1d
8 15 0 l1d
17 24 2 l1d
10 16 0 l1d
7 39 2 l1d
10 63 3 l1d
23 43 8 l1d
8 16 2 l1d
8 20 3 l1d
8 19 5 l1d
14 7 5 l1d
7 41 8 l1d
9 63 1 l1d
26 42 0 l1d
31 35 3 l1d
21 31 5 l1d
5 26 4 l1d
18 33 2 l1d
14 59 4 l1d
8 48 1 l1d
21 37 8 l1d
9 6 4 l1d
10 54 5 l1d
9 12 8 l1d
26 16 7 l1d
5 14 5 l1d
26 8 5 l1d
7 51 7 l1d
21 13 7 l1d
19 63 8 l1d
24 55 0 l1d
22 48 2 l1d
0 43 5 l1d
14 2 6 l1d
19 46 5 l1d
15 40 1 l1d
1 39 4 l1d
23 57 5 l1d
17 25 6 l1d
13 47 4 l1d
24 44 5 l1d
15 40 3 l1d
29 0 8 l1d
14 23 8 l1d
31 56 3 l1d
17 4 4 l1d
6 31 0 l1d
32 18 8 l1d
7 58 3 l1d
21 23 3 l1d
30 14 2 l1d
31 50 2 l1d
19 49 2 l1d
3 61 7 l1d
25 48 8 l1d
11 44 5 l1d
23 5 5 l1d
16 47 0 l1d
27 0 4 l1d
5 21 3 l1d
22 63 1 l1d
