29 32 5 l1d
15 60 5 l1d
27 30 6 l1d
24 53 7 l1d
9 36 8 l1d
32 56 3 l1d
18 31 8 l1d
2 39 2 l1d
19 2 8 l1d
1 57 7 l1d
7 19 1 l1d
19 29 7 l1d
11 40 1 l1d
10 53 2 l1d
23 58 3 l1d
15 41 4 l1d
10 33 3 l1d
27 5 0 l1d
8 21 6 l1d
25 41 1 l1d
6 55 5 l1d
31 47 4 l1d
7 54 5 l1d
26 50 1 l1d
17 52 5 l1d
6 0 3 l1d
20 3 6 l1d
16 31 8 l1d
20 12 6 l1d
32 44 7 l1d
12 15 8 l1d
22 49 8 l1d
26 32 7 l1d
14 59 0 l1d
22 61 2 l1d
3 36 5 l1d
24 34 4 l1d
31 41 4 l1d
17 39 0 l1d
23 5 4 l1d
0 58 2 l1d
19 64 5 l1d
11 28 5 l1d
7 59 7 l1d
14 41 5 l1d
7 21 7 l1d
