13 40 3 l1d
21 54 7 l1d
30 64 8 l1d
11 8 7 l1d
16 24 0 l1d
23 28 2 l1d
24 5 7 l1d
16 60 3 l1d
7 25 3 l1d
18 54 4 l1d
2 42 1 l1d
13 6 6 l1d
16 51 1 l1d
25 15 6 l1d
22 37 1 l1d
10 31 7 l1d
28 24 4 l1d
1 62 0 l1d
19 38 5 l1d
15 47 5 l1d
1 44 3 l1d
7 38 2 l1d
6 15 0 l1d
20 54 7 l1d
4 10 1 l1d
3 26 4 l1d
13 15 0 l1d
8 43 8 l1d
28 22 2 l1d
3 15 1 l1d
7 64 8 l1d
25 60 3 l1d
2 8 1 l1d
19 53 2 l1d
16 16 8 l1d
4 11 4 l1d
29 48 7 l1d
2 26 1 l1d
32 11 1 l1d
9 7 1 l1d
1 8 6 l1d
32 61 3 l1d
31 5 0 l1d
28 42 0 l1d
8 41 4 l1d
17 63 8 l1d
28 7 4 l1d
2 14 5 l1d
8 17 2 l1d
28 5 7 l1d
31 57 2 l1d
21 5 5 l1d
0 11 3 l1d
10 13 1 l1d
21 33 2 l1d
28 21 0 l1d
32 48 2 l1d
32 12 0 l1d
23 27 6 l1d
10 8 4 l1d
7 52 5 l1d
3 22 2 l1d
23 55 8 l1d
32 55 1 l1d
19 17 6 l1d
31 16 3 l1d
12 30 3 l1d
9 8 7 l1d
30 23 6 l1d
3 51 1 l1d
27 40 8 l1d
21 27 5 l1d
8 35 3 l1d
5 52 4 l1d
22 33 0 l1d
8 42 1 l1d
19 22 1 l1d
4 11 5 l1d
