12 9 6 l1d
10 57 1 l1d
10 5 8 l1d
22 62 7 l1d
28 6 1 l1d
20 32 0 l1d
5 63 2 l1d
8 8 1 l1d
5 27 8 l1d
14 40 3 l1d
11 6 2 l1d
11 36 1 l1d
24 7 5 l1d
9 56 1 l1d
24 32 6 l1d
1 19 4 l1d
10 20 5 l1d
29 16 5 l1d
30 54 1 l1d
6 25 5 l1d
20 20 3 l1d
23 64 3 l1d
23 49 8 l1d
26 60 8 l1d
14 2 4 l1d
6 1 5 l1d
4 5 7 l1d
30 29 2 l1d
26 29 3 l1d
30 52 3 l1d
2 61 3 l1d
26 36 6 l1d
10 58 6 l1d
10 42 7 l1d
29 43 5 l1d
15 11 3 l1d
9 16 0 l1d
18 44 3 l1d
15 59 2 l1d
13 62 4 l1d
17 43 6 l1d
16 30 6 l1d
4 0 7 l1d
4 35 5 l1d
25 12 1 l1d
17 53 2 l1d
