27 8 0 l1d
30 37 5 l1d
1 30 2 l1d
32 52 1 l1d
11 21 5 l1d
25 57 8 l1d
3 57 1 l1d
6 28 1 l1d
29 11 7 l1d
13 48 0 l1d
14 31 3 l1d
9 55 4 l1d
1 38 6 l1d
5 30 6 l1d
30 10 2 l1d
5 39 8 l1d
11 34 7 l1d
17 0 7 l1d
1 59 0 l1d
17 4 3 l1d
4 40 1 l1d
30 52 0 l1d
28 16 6 l1d
26 11 2 l1d
1 9 0 l1d
14 52 6 l1d
5 0 8 l1d
12 42 5 l1d
0 59 7 l1d
25 31 4 l1d
22 32 4 l1d
22 0 1 l1d
15 8 2 l1d
27 37 5 l1d
23 64 7 l1d
2 52 1 l1d
0 45 0 l1d
23 42 2 l1d
0 4 0 l1d
28 19 0 l1d
18 30 3 l1d
26 27 0 l1d
11 53 8 l1d
20 0 6 l1d
12 55 0 l1d
4 31 3 l1d
27 6 5 l1d
23 45 6 l1d
12 2 5 l1d
5 14 7 l1d
14 35 3 l1d
26 61 5 l1d
15 30 8 l1d
16 60 2 l1d
31 4 5 l1d
32 41 0 l1d
15 60 7 l1d
0 13 7 l1d
1 42 7 l1d
8 34 1 l1d
7 61 2 l1d
17 62 5 l1d
27 1 6 l1d
27 35 3 l1d
19 61 2 l1d
29 36 0 l1d
5 47 6 l1d
3 32 2 l1d
20 63 7 l1d
20 13 8 l1d
29 58 8 l1d
6 27 0 l1d
9 5 4 l1d
32 64 1 l1d
2 55 2 l1d
15 49 2 l1d
21 0 5 l1d
12 52 8 l1d
25 7 6 l1d
11 1 3 l1d
14 36 4 l1d
16 1 1 l1d
30 36 3 l1d
5 24 3 l1d
18 19 3 l1d
28 50 6 l1d
5 10 8 l1d
17 38 4 l1d
18 56 1 l1d
5 50 8 l1d
10 10 0 l1d
3 19 6 l1d
11 2 1 l1d
14 58 8 l1d
17 20 6 l1d
9 45 8 l1d
