1 35 6 l1d
29 0 2 l1d
15 5 8 l1d
13 3 7 l1d
7 45 4 l1d
19 15 3 l1d
3 27 2 l1d
12 4 6 l1d
12 31 8 l1d
5 11 7 l1d
21 40 6 l1d
32 46 6 l1d
22 54 3 l1d
27 25 8 l1d
7 49 0 l1d
0 45 3 l1d
1 61 0 l1d
15 0 5 l1d
14 8 2 l1d
23 54 1 l1d
0 33 8 l1d
2 20 3 l1d
16 57 4 l1d
28 27 5 l1d
3 7 6 l1d
6 4 3 l1d
18 57 2 l1d
0 30 6 l1d
32 7 4 l1d
5 24 7 l1d
15 57 7 l1d
24 41 2 l1d
20 45 2 l1d
7 57 5 l1d
22 6 4 l1d
1 24 2 l1d
4 23 0 l1d
11 59 8 l1d
32 59 0 l1d
14 47 1 l1d
18 38 4 l1d
30 18 2 l1d
13 25 2 l1d
32 9 7 l1d
