9 10 2 l1d
6 35 2 l1d
16 64 4 l1d
28 37 5 l1d
11 57 0 l1d
19 40 8 l1d
3 42 2 l1d
32 51 3 l1d
28 42 3 l1d
5 9 8 l1d
25 63 3 l1d
13 8 3 l1d
11 53 0 l1d
1 1 2 l1d
19 14 5 l1d
32 34 6 l1d
2 16 6 l1d
7 18 6 l1d
17 20 4 l1d
28 22 4 l1d
21 56 4 l1d
5 23 3 l1d
12 48 1 l1d
6 27 8 l1d
2 5 6 l1d
21 30 7 l1d
7 4 8 l1d
16 18 8 l1d
7 54 0 l1d
26 30 8 l1d
13 46 4 l1d
13 38 5 l1d
21 37 4 l1d
15 38 3 l1d
27 34 5 l1d
5 27 8 l1d
8 44 7 l1d
14 29 5 l1d
11 59 4 l1d
15 44 3 l1d
17 0 2 l1d
30 59 3 l1d
3 51 8 l1d
25 41 4 l1d
30 12 3 l1d
20 5 3 l1d
2 49 4 l1d
29 21 5 l1d
23 17 7 l1d
31 18 3 l1d
29 44 0 l1d
10 25 0 l1d
29 53 5 l1d
20 3 7 l1d
6 37 7 l1d
12 38 5 l1d
30 53 3 l1d
21 51 8 l1d
17 13 6 l1d
25 23 2 l1d
28 34 8 l1d
16 12 3 l1d
32 29 6 l1d
25 7 2 l1d
0 61 2 l1d
7 58 2 l1d
21 49 4 l1d
13 10 4 l1d
14 18 1 l1d
31 32 7 l1d
1 13 4 l1d
23 60 0 l1d
2 43 5 l1d
26 29 0 l1d
32 36 4 l1d
17 9 7 l1d
15 4 5 l1d
14 27 7 l1d
22 12 8 l1d
7 24 6 l1d
8 59 3 l1d
32 53 8 l1d
21 3 2 l1d
9 54 3 l1d
21 58 0 l1d
13 54 4 l1d
20 58 8 l1d
24 1 0 l1d
24 54 0 l1d
1 60 0 l1d
12 12 0 l1d
26 61 8 l1d
32 38 0 l1d
13 38 1 l1d
31 52 1 l1d
11 63 4 l1d
22 28 0 l1d
18 31 6 l1d
24 20 7 l1d
12 24 2 l1d
6 26 6 l1d
27 17 4 l1d
8 23 3 l1d
24 37 4 l1d
1 30 8 l1d
18 56 3 l1d
