4 18 8 l1d
29 64 6 l1d
2 41 1 l1d
13 4 3 l1d
4 5 1 l1d
11 64 0 l1d
17 25 7 l1d
17 63 6 l1d
24 31 8 l1d
20 29 3 l1d
27 62 5 l1d
19 61 7 l1d
13 51 1 l1d
18 51 6 l1d
32 62 4 l1d
28 31 4 l1d
18 55 0 l1d
10 18 8 l1d
26 34 1 l1d
11 15 0 l1d
1 46 0 l1d
31 60 5 l1d
11 18 1 l1d
6 58 0 l1d
18 36 2 l1d
23 26 0 l1d
16 37 6 l1d
24 29 0 l1d
12 56 4 l1d
1 25 6 l1d
20 40 0 l1d
19 36 7 l1d
20 45 8 l1d
31 58 2 l1d
9 22 6 l1d
9 7 8 l1d
0 43 3 l1d
13 32 4 l1d
6 31 8 l1d
9 49 8 l1d
9 20 3 l1d
12 40 7 l1d
15 8 4 l1d
5 11 1 l1d
3 18 2 l1d
19 35 2 l1d
11 43 2 l1d
20 15 6 l1d
4 8 2 l1d
11 9 2 l1d
