4 11 7 l1d
13 28 2 l1d
17 39 2 l1d
30 29 1 l1d
19 49 8 l1d
1 31 8 l1d
19 36 6 l1d
10 17 8 l1d
14 16 6 l1d
10 57 5 l1d
19 30 3 l1d
15 22 2 l1d
16 20 4 l1d
3 45 7 l1d
14 33 8 l1d
22 30 2 l1d
19 33 1 l1d
1 58 5 l1d
12 60 3 l1d
26 3 5 l1d
21 40 7 l1d
7 49 0 l1d
20 13 0 l1d
3 18 0 l1d
15 12 2 l1d
25 22 3 l1d
1 61 8 l1d
30 33 8 l1d
7 17 7 l1d
18 26 0 l1d
26 17 3 l1d
1 36 5 l1d
4 41 6 l1d
0 42 6 l1d
1 13 6 l1d
15 59 0 l1d
28 54 3 l1d
12 5 7 l1d
10 13 1 l1d
19 62 2 l1d
29 26 7 l1d
26 61 4 l1d
13 7 2 l1d
18 63 8 l1d
7 44 1 l1d
32 11 1 l1d
21 56 2 l1d
6 60 4 l1d
20 22 8 l1d
2 11 4 l1d
