22 63 6 l1d
10 33 0 l1d
20 48 4 l1d
14 29 1 l1d
7 23 8 l1d
8 48 5 l1d
11 2 1 l1d
25 1 7 l1d
4 19 4 l1d
31 26 2 l1d
31 27 7 l1d
12 64 4 l1d
13 15 2 l1d
27 50 0 l1d
18 1 3 l1d
22 44 6 l1d
28 40 0 l1d
15 61 5 l1d
29 0 7 l1d
30 6 1 l1d
16 43 1 l1d
30 42 7 l1d
27 51 2 l1d
27 29 5 l1d
19 34 6 l1d
14 14 0 l1d
22 63 2 l1d
6 0 7 l1d
18 23 7 l1d
17 23 5 l1d
18 35 0 l1d
30 16 0 l1d
18 51 6 l1d
12 59 3 l1d
30 49 3 l1d
7 21 8 l1d
28 42 5 l1d
18 20 1 l1d
11 33 4 l1d
31 64 1 l1d
1 42 5 l1d
28 13 3 l1d
4 20 1 l1d
14 53 4 l1d
4 18 1 l1d
32 13 6 l1d
9 39 3 l1d
18 61 0 l1d
0 16 7 l1d
12 21 2 l1d
30 4 8 l1d
9 3 5 l1d
32 28 8 l1d
25 42 5 l1d
19 57 4 l1d
15 24 4 l1d
7 33 5 l1d
4 16 1 l1d
8 31 3 l1d
16 26 7 l1d
28 15 6 l1d
26 15 3 l1d
22 38 4 l1d
28 44 2 l1d
