3 22 6 l1d
3 3 4 l1d
17 53 4 l1d
32 32 5 l1d
5 35 5 l1d
13 7 3 l1d
29 43 4 l1d
13 15 4 l1d
11 61 5 l1d
8 46 7 l1d
17 25 4 l1d
25 42 7 l1d
10 56 5 l1d
13 25 1 l1d
30 45 7 l1d
10 46 8 l1d
24 24 6 l1d
13 46 3 l1d
0 51 4 l1d
12 42 5 l1d
5 46 0 l1d
9 28 6 l1d
24 53 2 l1d
28 54 3 l1d
30 22 0 l1d
23 2 0 l1d
10 58 7 l1d
29 35 7 l1d
25 19 8 l1d
32 62 4 l1d
9 29 6 l1d
19 0 1 l1d
19 62 0 l1d
20 55 7 l1d
4 40 0 l1d
14 38 3 l1d
6 50 5 l1d
15 60 1 l1d
27 15 2 l1d
29 43 3 l1d
24 54 2 l1d
29 45 7 l1d
11 24 4 l1d
20 50 2 l1d
0 51 4 l1d
32 8 6 l1d
2 47 4 l1d
21 62 0 l1d
8 50 2 l1d
6 64 6 l1d
17 64 2 l1d
24 23 6 l1d
31 11 8 l1d
28 17 7 l1d
11 23 2 l1d
29 49 1 l1d
20 52 4 l1d
3 34 7 l1d
8 19 3 l1d
24 60 4 l1d
31 56 8 l1d
12 31 0 l1d
29 54 6 l1d
18 13 5 l1d
10 47 6 l1d
26 60 1 l1d
2 13 2 l1d
7 39 0 l1d
