19 22 1 l1d
31 24 8 l1d
2 5 0 l1d
11 31 1 l1d
2 1 1 l1d
23 3 8 l1d
5 19 4 l1d
29 17 6 l1d
16 63 8 l1d
17 31 6 l1d
26 62 4 l1d
32 44 4 l1d
0 36 6 l1d
24 30 5 l1d
4 30 5 l1d
25 57 3 l1d
26 17 3 l1d
15 34 4 l1d
15 3 7 l1d
31 43 8 l1d
9 57 8 l1d
10 18 2 l1d
18 17 2 l1d
25 3 3 l1d
31 41 3 l1d
29 34 7 l1d
6 44 3 l1d
18 34 6 l1d
24 60 1 l1d
15 45 2 l1d
2 53 3 l1d
32 21 5 l1d
19 16 7 l1d
27 0 8 l1d
32 45 4 l1d
14 62 2 l1d
21 51 4 l1d
15 47 7 l1d
15 47 6 l1d
0 23 2 l1d
7 4 6 l1d
18 9 5 l1d
4 18 2 l1d
17 34 7 l1d
14 9 5 l1d
27 2 3 l1d
16 37 0 l1d
7 38 5 l1d
24 40 3 l1d
12 45 7 l1d
12 32 2 l1d
9 16 8 l1d
3 17 5 l1d
29 45 1 l1d
9 9 0 l1d
22 49 2 l1d
26 51 6 l1d
29 63 7 l1d
25 22 8 l1d
4 55 5 l1d
27 3 7 l1d
13 58 2 l1d
24 54 5 l1d
6 60 3 l1d
15 35 6 l1d
27 26 0 l1d
25 54 5 l1d
26 44 7 l1d
16 48 2 l1d
8 18 5 l1d
31 26 5 l1d
20 57 3 l1d
26 54 0 l1d
1 58 0 l1d
27 64 5 l1d
5 43 5 l1d
10 47 5 l1d
14 25 2 l1d
17 60 4 l1d
15 53 2 l1d
9 36 4 l1d
28 5 4 l1d
3 57 2 l1d
24 57 7 l1d
28 12 7 l1d
15 26 0 l1d
9 24 4 l1d
12 32 0 l1d
31 55 7 l1d
9 32 0 l1d
7 15 4 l1d
25 7 5 l1d
24 27 8 l1d
30 22 6 l1d
20 13 3 l1d
21 32 7 l1d
