16 5 5 l1d
13 2 6 l1d
31 62 1 l1d
25 60 3 l1d
18 14 7 l1d
21 3 2 l1d
16 47 7 l1d
20 30 0 l1d
23 57 7 l1d
18 64 3 l1d
13 4 6 l1d
7 53 3 l1d
20 30 2 l1d
29 49 1 l1d
15 49 5 l1d
27 47 6 l1d
25 60 5 l1d
6 41 4 l1d
4 28 3 l1d
30 62 2 l1d
26 61 3 l1d
13 39 1 l1d
20 29 1 l1d
13 58 3 l1d
8 20 8 l1d
12 43 2 l1d
13 27 5 l1d
9 36 0 l1d
9 22 8 l1d
0 53 3 l1d
11 45 6 l1d
11 61 6 l1d
2 29 5 l1d
27 0 4 l1d
16 6 5 l1d
9 64 7 l1d
22 22 5 l1d
29 56 2 l1d
23 59 5 l1d
15 23 6 l1d
20 62 8 l1d
23 21 3 l1d
32 20 5 l1d
32 45 0 l1d
13 43 1 l1d
23 50 0 l1d
