13 21 2 l1d
5 21 5 l1d
1 9 5 l1d
24 57 1 l1d
21 63 4 l1d
14 13 0 l1d
21 48 0 l1d
14 30 8 l1d
17 61 8 l1d
21 10 3 l1d
22 58 3 l1d
11 7 7 l1d
1 20 4 l1d
15 3 2 l1d
4 20 1 l1d
9 53 2 l1d
17 20 7 l1d
28 32 0 l1d
7 6 4 l1d
14 8 8 l1d
32 18 1 l1d
17 39 5 l1d
21 40 1 l1d
10 30 5 l1d
15 8 0 l1d
14 9 6 l1d
0 64 8 l1d
26 63 6 l1d
29 5 8 l1d
6 6 4 l1d
31 23 0 l1d
16 53 5 l1d
16 52 2 l1d
18 12 6 l1d
11 22 1 l1d
8 17 0 l1d
30 47 6 l1d
17 29 8 l1d
7 4 6 l1d
15 44 6 l1d
1 5 4 l1d
29 29 1 l1d
29 0 4 l1d
5 29 5 l1d
31 27 2 l1d
2 16 4 l1d
1 35 1 l1d
18 56 7 l1d
