26 47 8 l1d
32 8 5 l1d
28 57 3 l1d
7 31 3 l1d
10 43 5 l1d
31 10 0 l1d
23 55 6 l1d
19 40 6 l1d
2 51 4 l1d
30 26 2 l1d
4 60 6 l1d
10 50 2 l1d
9 2 2 l1d
13 44 2 l1d
24 51 4 l1d
14 42 0 l1d
27 30 1 l1d
27 8 7 l1d
16 41 2 l1d
4 63 8 l1d
23 26 0 l1d
20 50 4 l1d
23 26 0 l1d
3 24 5 l1d
1 55 5 l1d
1 25 8 l1d
14 53 2 l1d
18 39 8 l1d
29 63 0 l1d
24 53 4 l1d
7 48 2 l1d
16 62 7 l1d
29 32 6 l1d
31 10 1 l1d
18 44 4 l1d
14 15 1 l1d
2 15 2 l1d
3 57 5 l1d
8 40 5 l1d
26 8 2 l1d
9 30 0 l1d
7 20 4 l1d
8 36 1 l1d
28 46 1 l1d
1 5 2 l1d
5 47 6 l1d
