22 24 3 l1d
4 4 6 l1d
27 61 5 l1d
14 55 0 l1d
17 56 6 l1d
1 7 0 l1d
12 51 7 l1d
12 60 6 l1d
25 59 1 l1d
11 51 7 l1d
3 56 6 l1d
0 42 1 l1d
6 27 6 l1d
19 57 3 l1d
30 28 0 l1d
29 18 8 l1d
21 45 5 l1d
22 60 4 l1d
15 52 7 l1d
23 63 5 l1d
25 8 3 l1d
1 35 4 l1d
9 2 6 l1d
8 29 0 l1d
15 13 6 l1d
14 22 4 l1d
28 50 7 l1d
1 28 8 l1d
16 47 7 l1d
11 35 5 l1d
10 40 3 l1d
1 22 0 l1d
1 32 3 l1d
6 2 0 l1d
4 12 5 l1d
0 21 1 l1d
12 9 1 l1d
11 51 1 l1d
27 15 0 l1d
1 26 0 l1d
6 25 0 l1d
23 59 7 l1d
5 10 1 l1d
11 30 3 l1d
0 18 8 l1d
25 40 4 l1d
9 54 8 l1d
5 2 4 l1d
0 34 7 l1d
4 49 8 l1d
30 47 6 l1d
16 9 5 l1d
13 3 4 l1d
30 35 1 l1d
6 32 8 l1d
10 36 6 l1d
3 18 2 l1d
8 19 6 l1d
11 44 8 l1d
25 5 8 l1d
1 50 6 l1d
23 21 5 l1d
29 64 8 l1d
17 8 3 l1d
7 18 3 l1d
18 37 6 l1d
3 59 1 l1d
20 42 0 l1d
