4 17 7 l1d
13 40 2 l1d
7 48 5 l1d
10 24 6 l1d
27 18 0 l1d
8 47 5 l1d
27 61 1 l1d
24 59 6 l1d
2 2 0 l1d
29 45 0 l1d
0 2 3 l1d
27 44 4 l1d
3 56 3 l1d
27 11 4 l1d
12 4 0 l1d
25 16 7 l1d
4 26 6 l1d
0 24 5 l1d
9 39 4 l1d
7 61 4 l1d
26 7 3 l1d
0 56 2 l1d
1 62 0 l1d
22 49 7 l1d
4 11 4 l1d
15 41 0 l1d
6 16 0 l1d
8 22 1 l1d
29 24 4 l1d
3 2 0 l1d
10 45 1 l1d
32 22 3 l1d
25 6 2 l1d
30 43 6 l1d
28 60 7 l1d
30 21 2 l1d
27 50 6 l1d
1 50 8 l1d
12 14 2 l1d
9 59 2 l1d
13 28 7 l1d
11 18 1 l1d
25 0 7 l1d
16 51 7 l1d
25 17 2 l1d
8 20 5 l1d
0 56 7 l1d
20 56 6 l1d
12 55 3 l1d
28 33 1 l1d
19 61 8 l1d
12 22 8 l1d
28 16 1 l1d
24 30 8 l1d
15 56 0 l1d
22 37 0 l1d
19 60 3 l1d
26 4 2 l1d
19 3 5 l1d
25 11 0 l1d
5 2 8 l1d
5 22 5 l1d
30 27 7 l1d
30 64 3 l1d
11 49 5 l1d
17 9 2 l1d
19 19 6 l1d
29 59 4 l1d
25 7 8 l1d
4 28 5 l1d
