28 13 1 l1d
15 28 7 l1d
3 63 4 l1d
13 19 6 l1d
13 37 8 l1d
15 16 4 l1d
6 62 8 l1d
21 37 5 l1d
28 31 1 l1d
0 62 0 l1d
30 63 3 l1d
26 58 1 l1d
31 40 3 l1d
21 63 0 l1d
15 41 5 l1d
15 52 4 l1d
23 6 3 l1d
16 61 5 l1d
21 44 6 l1d
17 45 3 l1d
29 34 1 l1d
20 20 8 l1d
27 14 0 l1d
20 16 6 l1d
13 63 1 l1d
12 63 3 l1d
31 8 2 l1d
0 28 8 l1d
12 30 6 l1d
8 31 5 l1d
26 51 3 l1d
8 61 3 l1d
15 41 2 l1d
9 45 8 l1d
11 59 4 l1d
6 8 7 l1d
19 1 2 l1d
32 41 8 l1d
0 11 0 l1d
7 40 1 l1d
26 4 4 l1d
6 3 8 l1d
8 23 3 l1d
1 60 3 l1d
0 33 0 l1d
27 33 7 l1d
10 60 1 l1d
13 1 1 l1d
9 46 3 l1d
28 22 5 l1d
13 17 1 l1d
15 4 1 l1d
32 30 6 l1d
2 56 5 l1d
5 31 6 l1d
28 60 5 l1d
12 0 5 l1d
11 33 0 l1d
25 11 7 l1d
9 17 0 l1d
9 32 8 l1d
0 28 2 l1d
23 1 1 l1d
17 9 2 l1d
15 57 2 l1d
23 60 4 l1d
7 5 7 l1d
26 8 0 l1d
22 58 3 l1d
1 45 8 l1d
25 36 4 l1d
16 5 8 l1d
19 55 3 l1d
0 23 3 l1d
6 32 7 l1d
4 34 5 l1d
32 45 2 l1d
10 54 5 l1d
