32 43 4 l1d
0 0 2 l1d
4 7 3 l1d
19 40 2 l1d
21 44 8 l1d
1 9 6 l1d
21 63 1 l1d
31 12 5 l1d
0 62 7 l1d
10 22 0 l1d
23 34 7 l1d
25 33 6 l1d
16 23 7 l1d
1 48 8 l1d
20 45 3 l1d
14 0 2 l1d
21 33 4 l1d
14 57 7 l1d
26 28 1 l1d
32 36 8 l1d
12 11 8 l1d
9 25 5 l1d
21 28 5 l1d
18 25 2 l1d
19 47 1 l1d
9 44 2 l1d
17 57 4 l1d
7 6 1 l1d
9 18 0 l1d
5 8 2 l1d
31 13 4 l1d
6 37 3 l1d
19 26 1 l1d
30 11 5 l1d
2 22 0 l1d
16 59 0 l1d
8 63 7 l1d
17 1 8 l1d
20 29 8 l1d
23 63 5 l1d
18 36 3 l1d
31 13 0 l1d
12 21 1 l1d
24 7 1 l1d
9 9 8 l1d
8 18 3 l1d
26 11 5 l1d
20 28 7 l1d
4 12 0 l1d
22 16 7 l1d
