28 24 1 l1d
7 21 7 l1d
0 30 1 l1d
6 27 0 l1d
18 36 4 l1d
15 31 6 l1d
8 31 5 l1d
14 34 4 l1d
9 11 1 l1d
6 19 6 l1d
5 47 2 l1d
8 52 6 l1d
14 57 4 l1d
8 5 2 l1d
5 9 1 l1d
1 62 8 l1d
8 54 6 l1d
4 57 7 l1d
19 22 4 l1d
9 21 4 l1d
4 56 2 l1d
19 12 2 l1d
28 1 0 l1d
14 13 5 l1d
16 9 7 l1d
17 2 6 l1d
32 58 7 l1d
25 60 8 l1d
32 1 3 l1d
8 2 3 l1d
27 56 0 l1d
5 36 7 l1d
12 51 1 l1d
11 0 0 l1d
24 51 0 l1d
22 11 2 l1d
16 3 8 l1d
1 38 5 l1d
22 23 3 l1d
1 57 2 l1d
26 52 8 l1d
32 59 6 l1d
28 16 4 l1d
23 15 8 l1d
25 22 5 l1d
17 45 0 l1d
9 30 2 l1d
16 36 8 l1d
4 7 5 l1d
12 1 0 l1d
23 31 5 l1d
3 13 4 l1d
13 8 1 l1d
5 11 4 l1d
19 46 6 l1d
15 23 8 l1d
18 4 3 l1d
13 32 8 l1d
0 21 7 l1d
9 17 1 l1d
6 46 0 l1d
30 12 6 l1d
0 13 0 l1d
18 62 7 l1d
5 26 5 l1d
1 18 6 l1d
22 35 5 l1d
26 1 5 l1d
