16 42 3 l1d
21 57 6 l1d
28 4 7 l1d
21 14 4 l1d
27 58 2 l1d
1 10 4 l1d
6 5 4 l1d
21 59 5 l1d
2 10 8 l1d
6 19 5 l1d
2 34 1 l1d
19 28 5 l1d
10 24 6 l1d
26 8 1 l1d
14 35 4 l1d
5 27 0 l1d
15 46 6 l1d
8 12 0 l1d
16 37 5 l1d
28 30 5 l1d
7 57 4 l1d
27 25 8 l1d
15 60 5 l1d
17 9 3 l1d
1 20 7 l1d
25 49 4 l1d
17 16 2 l1d
28 26 0 l1d
19 40 0 l1d
16 54 2 l1d
7 56 6 l1d
31 8 8 l1d
12 13 5 l1d
28 10 1 l1d
17 43 6 l1d
21 31 3 l1d
23 49 8 l1d
10 47 7 l1d
4 25 0 l1d
13 49 4 l1d
20 2 1 l1d
22 52 6 l1d
27 53 7 l1d
10 12 4 l1d
0 43 6 l1d
6 2 7 l1d
25 45 4 l1d
1 33 7 l1d
2 22 2 l1d
22 34 7 l1d
10 49 0 l1d
14 16 2 l1d
23 25 3 l1d
3 30 0 l1d
31 63 7 l1d
30 31 2 l1d
18 20 3 l1d
27 59 4 l1d
25 10 7 l1d
18 17 2 l1d
32 8 2 l1d
3 1 7 l1d
31 36 6 l1d
23 48 6 l1d
15 55 7 l1d
21 2 2 l1d
14 54 5 l1d
32 9 8 l1d
5 34 5 l1d
0 17 4 l1d
30 52 1 l1d
12 35 6 l1d
30 50 2 l1d
6 45 8 l1d
14 53 5 l1d
13 47 3 l1d
11 35 0 l1d
16 10 8 l1d
29 45 6 l1d
6 32 6 l1d
25 54 6 l1d
25 21 0 l1d
16 59 3 l1d
14 51 4 l1d
4 31 1 l1d
0 14 4 l1d
26 42 7 l1d
32 11 2 l1d
13 56 1 l1d
31 6 8 l1d
3 33 3 l1d
11 56 2 l1d
14 35 6 l1d
30 55 2 l1d
24 50 6 l1d
12 14 4 l1d
18 61 2 l1d
26 42 3 l1d
3 49 5 l1d
13 53 4 l1d
20 28 2 l1d
10 37 4 l1d
24 31 2 l1d
31 25 3 l1d
27 5 8 l1d
30 17 0 l1d
