7 59 7 l1d
30 58 4 l1d
25 60 5 l1d
31 62 0 l1d
19 60 2 l1d
12 58 6 l1d
28 30 5 l1d
25 11 5 l1d
23 32 4 l1d
15 47 0 l1d
32 53 8 l1d
26 62 4 l1d
2 34 1 l1d
22 33 3 l1d
30 11 2 l1d
29 10 4 l1d
20 28 8 l1d
15 45 2 l1d
22 53 6 l1d
2 39 7 l1d
7 51 7 l1d
25 62 8 l1d
29 58 8 l1d
2 4 8 l1d
30 14 8 l1d
28 29 7 l1d
1 7 7 l1d
27 2 4 l1d
0 44 4 l1d
28 64 5 l1d
0 2 1 l1d
6 59 3 l1d
1 43 5 l1d
16 38 0 l1d
5 55 8 l1d
22 55 2 l1d
20 42 6 l1d
24 55 3 l1d
10 1 0 l1d
14 35 2 l1d
16 7 3 l1d
9 24 2 l1d
21 29 8 l1d
19 31 3 l1d
31 36 3 l1d
6 46 7 l1d
6 63 7 l1d
32 37 4 l1d
4 43 4 l1d
17 18 8 l1d
13 62 3 l1d
27 31 4 l1d
12 37 5 l1d
4 50 8 l1d
15 43 5 l1d
20 40 7 l1d
22 63 3 l1d
17 4 0 l1d
3 29 6 l1d
31 11 7 l1d
32 44 8 l1d
27 12 5 l1d
23 29 4 l1d
29 42 8 l1d
