13 49 7 l1d
24 26 3 l1d
2 27 6 l1d
7 18 6 l1d
3 45 3 l1d
28 54 5 l1d
7 5 2 l1d
6 4 2 l1d
16 31 1 l1d
4 52 2 l1d
8 28 1 l1d
6 18 0 l1d
29 5 6 l1d
28 37 0 l1d
0 64 6 l1d
9 47 2 l1d
29 5 2 l1d
5 58 3 l1d
28 25 0 l1d
29 59 0 l1d
32 39 4 l1d
19 64 5 l1d
16 28 2 l1d
19 51 8 l1d
23 32 8 l1d
1 10 1 l1d
24 39 3 l1d
8 11 8 l1d
1 7 4 l1d
10 46 1 l1d
32 2 7 l1d
28 63 5 l1d
0 14 7 l1d
13 47 6 l1d
10 6 4 l1d
28 33 5 l1d
8 54 7 l1d
31 27 1 l1d
23 14 5 l1d
19 25 6 l1d
22 20 4 l1d
24 26 0 l1d
1 21 0 l1d
11 31 6 l1d
