18 9 7 l1d
0 16 4 l1d
7 28 8 l1d
16 63 3 l1d
23 43 8 l1d
26 12 7 l1d
4 54 4 l1d
30 5 1 l1d
7 40 3 l1d
20 55 5 l1d
13 38 7 l1d
32 42 7 l1d
8 21 8 l1d
23 17 0 l1d
6 20 3 l1d
19 17 2 l1d
30 32 7 l1d
12 43 1 l1d
0 10 6 l1d
6 37 2 l1d
18 37 7 l1d
0 42 7 l1d
17 43 1 l1d
28 35 3 l1d
25 32 0 l1d
5 10 6 l1d
11 30 4 l1d
28 46 8 l1d
8 21 8 l1d
30 0 2 l1d
16 28 4 l1d
10 18 7 l1d
19 19 6 l1d
15 33 4 l1d
31 0 4 l1d
17 2 1 l1d
32 41 5 l1d
31 6 3 l1d
22 43 3 l1d
25 33 8 l1d
25 47 6 l1d
32 47 2 l1d
21 56 2 l1d
31 37 2 l1d
28 30 3 l1d
21 53 4 l1d
32 43 4 l1d
31 30 1 l1d
32 10 4 l1d
0 62 2 l1d
