20 22 3 l1d
23 13 2 l1d
31 9 7 l1d
18 6 5 l1d
27 8 2 l1d
13 2 8 l1d
31 9 4 l1d
30 33 4 l1d
17 26 7 l1d
24 25 8 l1d
29 25 7 l1d
0 53 1 l1d
12 21 7 l1d
18 33 2 l1d
31 44 7 l1d
28 49 0 l1d
2 61 0 l1d
11 46 6 l1d
23 24 4 l1d
13 60 7 l1d
7 40 6 l1d
19 12 8 l1d
27 41 4 l1d
19 56 4 l1d
6 60 8 l1d
13 37 3 l1d
30 1 5 l1d
4 41 4 l1d
21 44 4 l1d
12 35 1 l1d
11 1 6 l1d
2 60 0 l1d
4 25 4 l1d
1 6 0 l1d
0 28 7 l1d
16 35 1 l1d
12 19 5 l1d
0 16 2 l1d
7 23 4 l1d
20 53 1 l1d
14 26 1 l1d
29 21 1 l1d
26 40 7 l1d
1 4 8 l1d
11 61 1 l1d
7 4 7 l1d
4 30 5 l1d
13 50 6 l1d
21 40 2 l1d
22 37 5 l1d
10 54 1 l1d
22 16 1 l1d
22 4 7 l1d
23 58 7 l1d
9 19 2 l1d
12 19 1 l1d
