0 0 12 5 l1d
0 0 13 5 l1d
0 0 16 5 l1d
0 0 17 5 l1d
0 0 48 5 l1d
0 0 49 5 l1d
0 1 52 5 l1d
0 1 53 5 l1d
0 5 36 5 l1d
0 5 37 5 l1d
0 5 40 5 l1d
0 5 41 5 l1d
0 6 36 5 l1d
0 6 37 5 l1d
0 7 12 5 l1d
0 7 13 5 l1d
0 8 36 5 l1d
0 8 37 5 l1d
0 8 40 5 l1d
0 8 41 5 l1d
0 9 36 5 l1d
0 9 37 5 l1d
0 9 52 5 l1d
0 9 53 5 l1d
0 9 56 5 l1d
0 9 57 5 l1d
0 10 44 5 l1d
0 10 45 5 l1d
0 11 36 5 l1d
0 11 37 5 l1d
0 11 40 5 l1d
0 11 41 5 l1d
0 11 44 5 l1d
0 11 45 5 l1d
0 11 48 5 l1d
0 11 49 5 l1d
0 12 36 5 l1d
0 12 37 5 l1d
0 13 36 5 l1d
0 13 37 5 l1d
0 13 40 5 l1d
0 13 41 5 l1d
0 14 8 5 l1d
0 14 9 5 l1d
0 14 16 5 l1d
0 14 17 5 l1d
0 23 44 5 l1d
0 23 45 5 l1d
0 29 36 5 l1d
0 29 37 5 l1d
