0 1 27 3 l1d
0 1 28 3 l1d
0 4 27 3 l1d
0 4 28 3 l1d
0 5 59 3 l1d
0 5 60 3 l1d
0 7 19 3 l1d
0 7 20 3 l1d
0 7 27 3 l1d
0 7 28 3 l1d
0 7 31 3 l1d
0 7 32 3 l1d
0 8 3 3 l1d
0 8 4 3 l1d
0 8 27 3 l1d
0 8 28 3 l1d
0 9 27 3 l1d
0 9 28 3 l1d
0 13 15 3 l1d
0 13 16 3 l1d
0 14 43 3 l1d
0 14 44 3 l1d
0 15 19 3 l1d
0 15 20 3 l1d
0 15 23 3 l1d
0 15 24 3 l1d
0 15 31 3 l1d
0 15 32 3 l1d
0 19 43 3 l1d
0 19 44 3 l1d
0 19 47 3 l1d
0 19 48 3 l1d
0 20 3 3 l1d
0 20 4 3 l1d
0 20 11 3 l1d
0 20 12 3 l1d
0 20 15 3 l1d
0 20 16 3 l1d
0 20 19 3 l1d
0 20 20 3 l1d
0 20 23 3 l1d
0 20 24 3 l1d
0 20 27 3 l1d
0 20 28 3 l1d
0 20 31 3 l1d
0 20 32 3 l1d
0 20 35 3 l1d
0 20 36 3 l1d
0 21 23 3 l1d
0 21 24 3 l1d
0 21 39 3 l1d
0 21 40 3 l1d
0 21 43 3 l1d
0 21 44 3 l1d
0 22 27 3 l1d
0 22 28 3 l1d
0 23 3 3 l1d
0 23 4 3 l1d
0 23 15 3 l1d
0 23 16 3 l1d
0 24 27 3 l1d
0 24 28 3 l1d
0 28 27 3 l1d
0 28 28 3 l1d
0 29 11 3 l1d
0 29 12 3 l1d
0 30 7 3 l1d
0 30 8 3 l1d
0 30 51 3 l1d
0 30 52 3 l1d
