0 0 36 6 l1d
0 0 37 6 l1d
0 1 48 6 l1d
0 1 49 6 l1d
0 2 32 6 l1d
0 2 33 6 l1d
0 3 36 6 l1d
0 3 37 6 l1d
0 3 40 6 l1d
0 3 41 6 l1d
0 3 44 6 l1d
0 3 45 6 l1d
0 4 36 6 l1d
0 4 37 6 l1d
0 5 4 6 l1d
0 5 5 6 l1d
0 5 36 6 l1d
0 5 37 6 l1d
0 5 40 6 l1d
0 5 41 6 l1d
0 7 28 6 l1d
0 7 29 6 l1d
0 8 4 6 l1d
0 8 5 6 l1d
0 8 16 6 l1d
0 8 17 6 l1d
0 8 28 6 l1d
0 8 29 6 l1d
0 8 32 6 l1d
0 8 33 6 l1d
0 8 36 6 l1d
0 8 37 6 l1d
0 8 44 6 l1d
0 8 45 6 l1d
0 10 24 6 l1d
0 10 25 6 l1d
0 10 48 6 l1d
0 10 49 6 l1d
0 11 36 6 l1d
0 11 37 6 l1d
0 11 44 6 l1d
0 11 45 6 l1d
0 11 60 6 l1d
0 11 61 6 l1d
0 12 28 6 l1d
0 12 29 6 l1d
0 12 32 6 l1d
0 12 33 6 l1d
0 12 36 6 l1d
0 12 37 6 l1d
0 13 4 6 l1d
0 13 5 6 l1d
0 13 8 6 l1d
0 13 9 6 l1d
0 13 16 6 l1d
0 13 17 6 l1d
0 13 36 6 l1d
0 13 37 6 l1d
0 13 44 6 l1d
0 13 45 6 l1d
0 13 48 6 l1d
0 13 49 6 l1d
0 13 52 6 l1d
0 13 53 6 l1d
0 14 40 6 l1d
0 14 41 6 l1d
0 14 44 6 l1d
0 14 45 6 l1d
