16 34 4 l1d
16 35 4 l1d
16 54 4 l1d
16 55 4 l1d
17 50 4 l1d
17 51 4 l1d
18 26 4 l1d
18 27 4 l1d
18 50 4 l1d
18 51 4 l1d
19 58 4 l1d
19 59 4 l1d
20 2 4 l1d
20 3 4 l1d
20 6 4 l1d
20 7 4 l1d
20 26 4 l1d
20 27 4 l1d
20 30 4 l1d
20 31 4 l1d
20 42 4 l1d
20 43 4 l1d
20 50 4 l1d
20 51 4 l1d
20 54 4 l1d
20 55 4 l1d
20 58 4 l1d
20 59 4 l1d
20 62 4 l1d
20 63 4 l1d
21 10 4 l1d
21 11 4 l1d
21 18 4 l1d
21 19 4 l1d
21 22 4 l1d
21 23 4 l1d
21 26 4 l1d
21 27 4 l1d
21 30 4 l1d
21 31 4 l1d
21 34 4 l1d
21 35 4 l1d
21 38 4 l1d
21 39 4 l1d
21 42 4 l1d
21 43 4 l1d
22 50 4 l1d
22 51 4 l1d
22 62 4 l1d
22 63 4 l1d
23 50 4 l1d
23 51 4 l1d
24 22 4 l1d
24 23 4 l1d
24 26 4 l1d
24 27 4 l1d
24 50 4 l1d
24 51 4 l1d
24 58 4 l1d
24 59 4 l1d
24 62 4 l1d
24 63 4 l1d
25 2 4 l1d
25 3 4 l1d
25 22 4 l1d
25 23 4 l1d
25 30 4 l1d
25 31 4 l1d
25 34 4 l1d
25 35 4 l1d
25 42 4 l1d
25 43 4 l1d
25 46 4 l1d
25 47 4 l1d
26 22 4 l1d
26 23 4 l1d
26 30 4 l1d
26 31 4 l1d
26 34 4 l1d
26 35 4 l1d
26 54 4 l1d
26 55 4 l1d
27 50 4 l1d
27 51 4 l1d
28 26 4 l1d
28 27 4 l1d
29 30 4 l1d
29 31 4 l1d
29 34 4 l1d
29 35 4 l1d
29 38 4 l1d
29 39 4 l1d
29 58 4 l1d
29 59 4 l1d
29 62 4 l1d
29 63 4 l1d
30 30 4 l1d
30 31 4 l1d
30 54 4 l1d
30 55 4 l1d
30 58 4 l1d
30 59 4 l1d
31 18 4 l1d
31 19 4 l1d
31 22 4 l1d
31 23 4 l1d
