2 25 1 l1d
2 26 1 l1d
3 53 1 l1d
3 54 1 l1d
11 17 1 l1d
11 18 1 l1d
16 10 5 l1d
16 11 5 l1d
18 5 1 l1d
18 6 1 l1d
19 7 3 l1d
19 8 3 l1d
19 38 5 l1d
19 39 5 l1d
19 54 5 l1d
19 55 5 l1d
19 63 3 l1d
20 0 3 l1d
21 10 5 l1d
21 11 5 l1d
24 34 5 l1d
24 35 5 l1d
26 6 5 l1d
26 7 5 l1d
26 10 5 l1d
26 11 5 l1d
26 26 5 l1d
26 27 5 l1d
26 43 3 l1d
26 44 3 l1d
27 10 5 l1d
27 11 5 l1d
27 23 3 l1d
27 24 3 l1d
27 38 5 l1d
27 39 5 l1d
27 50 5 l1d
27 51 5 l1d
27 58 5 l1d
27 59 3 l1d
27 59 5 l1d
27 60 3 l1d
29 10 5 l1d
29 11 5 l1d
30 26 5 l1d
30 27 5 l1d
30 41 1 l1d
30 42 1 l1d
30 55 3 l1d
30 56 3 l1d
