0 17 18 4 l1d
0 17 19 4 l1d
0 19 50 4 l1d
0 19 51 4 l1d
0 20 26 4 l1d
0 20 27 4 l1d
0 21 30 4 l1d
0 21 31 4 l1d
0 22 18 4 l1d
0 22 19 4 l1d
0 22 30 4 l1d
0 22 31 4 l1d
0 24 18 4 l1d
0 24 19 4 l1d
0 24 58 4 l1d
0 24 59 4 l1d
0 26 26 4 l1d
0 26 27 4 l1d
0 28 30 4 l1d
0 28 31 4 l1d
0 28 58 4 l1d
0 28 59 4 l1d
0 29 10 4 l1d
0 29 11 4 l1d
0 29 26 4 l1d
0 29 27 4 l1d
0 29 50 4 l1d
0 29 51 4 l1d
0 29 58 4 l1d
0 29 59 4 l1d
0 30 26 4 l1d
0 30 27 4 l1d
0 30 30 4 l1d
0 30 31 4 l1d
0 31 22 4 l1d
0 31 23 4 l1d
