16 3 0 l1d
16 4 0 l1d
17 2 6 l1d
17 2 7 l1d
17 3 6 l1d
17 3 7 l1d
17 6 5 l1d
17 6 6 l1d
17 7 5 l1d
17 7 6 l1d
17 10 6 l1d
17 11 0 l1d
17 11 6 l1d
17 12 0 l1d
17 14 6 l1d
17 15 6 l1d
19 10 7 l1d
19 11 7 l1d
19 18 6 l1d
19 19 6 l1d
21 39 0 l1d
21 40 0 l1d
21 42 6 l1d
21 43 6 l1d
22 2 7 l1d
22 3 7 l1d
24 2 6 l1d
24 3 6 l1d
24 11 0 l1d
24 12 0 l1d
24 14 5 l1d
24 15 5 l1d
24 18 6 l1d
24 19 6 l1d
24 26 7 l1d
24 27 7 l1d
24 30 7 l1d
24 31 7 l1d
24 34 6 l1d
24 35 0 l1d
24 35 6 l1d
24 36 0 l1d
25 18 7 l1d
25 19 7 l1d
25 22 6 l1d
25 23 6 l1d
25 38 6 l1d
25 38 7 l1d
25 39 6 l1d
25 39 7 l1d
25 47 0 l1d
25 48 0 l1d
26 23 0 l1d
26 24 0 l1d
27 2 6 l1d
27 3 6 l1d
27 6 6 l1d
27 7 0 l1d
27 7 6 l1d
27 8 0 l1d
27 11 0 l1d
27 12 0 l1d
27 14 7 l1d
27 15 7 l1d
27 18 5 l1d
27 18 6 l1d
27 19 5 l1d
27 19 6 l1d
27 22 5 l1d
27 23 5 l1d
27 26 7 l1d
27 27 7 l1d
29 6 7 l1d
29 7 7 l1d
29 19 0 l1d
29 20 0 l1d
29 54 7 l1d
29 55 7 l1d
