0 4 46 7 l1d
0 4 47 7 l1d
0 17 18 7 l1d
0 17 19 7 l1d
0 17 22 7 l1d
0 17 23 7 l1d
0 17 30 7 l1d
0 17 31 7 l1d
0 18 26 7 l1d
0 18 27 7 l1d
0 18 54 7 l1d
0 18 55 7 l1d
0 19 2 7 l1d
0 19 3 7 l1d
0 19 18 7 l1d
0 19 19 7 l1d
0 19 46 7 l1d
0 19 47 7 l1d
0 20 30 7 l1d
0 20 31 7 l1d
0 21 30 7 l1d
0 21 31 7 l1d
0 21 34 7 l1d
0 21 35 7 l1d
0 21 38 7 l1d
0 21 39 7 l1d
0 22 22 7 l1d
0 22 23 7 l1d
0 23 2 7 l1d
0 23 3 7 l1d
0 24 18 7 l1d
0 24 19 7 l1d
0 24 34 7 l1d
0 24 35 7 l1d
0 24 46 7 l1d
0 24 47 7 l1d
0 26 34 7 l1d
0 26 35 7 l1d
0 26 50 7 l1d
0 26 51 7 l1d
0 29 18 7 l1d
0 29 19 7 l1d
0 29 22 7 l1d
0 29 23 7 l1d
0 30 22 7 l1d
0 30 23 7 l1d
0 31 18 7 l1d
0 31 19 7 l1d
