0 16 34 7 l1d
0 16 35 7 l1d
0 16 46 7 l1d
0 16 47 0 l1d
0 16 47 7 l1d
0 16 48 0 l1d
0 18 50 7 l1d
0 18 51 7 l1d
0 18 58 7 l1d
0 18 59 7 l1d
0 19 34 7 l1d
0 19 35 7 l1d
0 19 43 2 l1d
0 19 44 2 l1d
0 19 46 7 l1d
0 19 47 7 l1d
0 20 2 7 l1d
0 20 3 7 l1d
0 20 14 7 l1d
0 20 15 7 l1d
0 21 34 7 l1d
0 21 35 7 l1d
0 21 46 7 l1d
0 21 47 7 l1d
0 22 6 7 l1d
0 22 7 7 l1d
0 22 18 7 l1d
0 22 19 7 l1d
0 22 34 7 l1d
0 22 35 7 l1d
0 22 38 7 l1d
0 22 39 7 l1d
0 23 23 0 l1d
0 23 24 0 l1d
0 24 18 7 l1d
0 24 19 7 l1d
0 24 26 7 l1d
0 24 27 7 l1d
0 24 34 7 l1d
0 24 35 0 l1d
0 24 35 7 l1d
0 24 36 0 l1d
0 24 38 7 l1d
0 24 39 7 l1d
0 24 42 7 l1d
0 24 43 7 l1d
0 24 47 0 l1d
0 24 48 0 l1d
0 26 2 7 l1d
0 26 3 7 l1d
0 26 10 7 l1d
0 26 11 7 l1d
0 26 14 7 l1d
0 26 15 7 l1d
0 26 50 7 l1d
0 26 51 7 l1d
0 30 34 7 l1d
0 30 35 7 l1d
0 31 18 7 l1d
0 31 19 7 l1d
0 31 22 7 l1d
0 31 23 7 l1d
0 31 26 7 l1d
0 31 27 7 l1d
