0 3 18 4 l1d
0 3 19 4 l1d
0 3 50 4 l1d
0 3 51 4 l1d
0 3 62 4 l1d
0 3 63 4 l1d
0 4 62 4 l1d
0 4 63 4 l1d
0 5 18 4 l1d
0 5 19 4 l1d
0 5 22 4 l1d
0 5 23 4 l1d
0 6 22 4 l1d
0 6 23 4 l1d
0 6 30 4 l1d
0 6 31 4 l1d
0 7 22 4 l1d
0 7 23 4 l1d
0 8 18 4 l1d
0 8 19 4 l1d
0 11 18 4 l1d
0 11 19 4 l1d
0 11 22 4 l1d
0 11 23 4 l1d
0 13 14 4 l1d
0 13 15 4 l1d
0 19 18 4 l1d
0 19 19 4 l1d
0 19 26 4 l1d
0 19 27 4 l1d
0 19 30 4 l1d
0 19 31 4 l1d
0 19 62 4 l1d
0 19 63 4 l1d
0 21 30 4 l1d
0 21 31 4 l1d
0 21 34 4 l1d
0 21 35 4 l1d
0 24 50 4 l1d
0 24 51 4 l1d
0 26 30 4 l1d
0 26 31 4 l1d
0 27 30 4 l1d
0 27 31 4 l1d
0 31 30 4 l1d
0 31 31 4 l1d
