0 34 7 l1d
0 35 7 l1d
1 62 7 l1d
1 63 7 l1d
2 18 7 l1d
2 19 7 l1d
2 50 7 l1d
2 51 7 l1d
3 22 7 l1d
3 23 7 l1d
4 58 7 l1d
4 59 7 l1d
7 50 7 l1d
7 51 7 l1d
8 58 7 l1d
8 59 7 l1d
9 18 7 l1d
9 19 7 l1d
10 34 7 l1d
10 35 7 l1d
12 38 7 l1d
12 39 7 l1d
13 62 7 l1d
13 63 7 l1d
16 30 7 l1d
16 31 7 l1d
17 38 7 l1d
17 39 7 l1d
19 58 7 l1d
19 59 7 l1d
19 62 7 l1d
19 63 7 l1d
20 42 7 l1d
20 43 7 l1d
22 54 7 l1d
22 55 7 l1d
23 30 7 l1d
23 31 7 l1d
25 42 7 l1d
25 43 7 l1d
28 30 7 l1d
28 31 7 l1d
28 38 7 l1d
28 39 7 l1d
