0 1 32 6 l1d
0 1 33 6 l1d
0 8 12 6 l1d
0 8 13 6 l1d
0 8 20 6 l1d
0 8 21 6 l1d
0 8 48 6 l1d
0 8 49 6 l1d
0 14 20 6 l1d
0 14 21 6 l1d
0 15 8 6 l1d
0 15 9 6 l1d
0 15 60 6 l1d
0 15 61 6 l1d
0 16 28 6 l1d
0 16 29 6 l1d
0 16 40 6 l1d
0 16 41 6 l1d
0 16 48 6 l1d
0 16 49 6 l1d
0 17 20 6 l1d
0 17 21 6 l1d
0 17 24 6 l1d
0 17 25 6 l1d
0 17 28 6 l1d
0 17 29 6 l1d
0 18 28 6 l1d
0 18 29 6 l1d
0 21 24 6 l1d
0 21 25 6 l1d
0 22 4 6 l1d
0 22 5 6 l1d
0 23 36 6 l1d
0 23 37 6 l1d
0 24 16 6 l1d
0 24 17 6 l1d
0 24 44 6 l1d
0 24 45 6 l1d
0 25 8 6 l1d
0 25 9 6 l1d
0 25 12 6 l1d
0 25 13 6 l1d
0 25 16 6 l1d
0 25 17 6 l1d
0 25 36 6 l1d
0 25 37 6 l1d
0 25 44 6 l1d
0 25 45 6 l1d
0 25 48 6 l1d
0 25 49 6 l1d
0 26 8 6 l1d
0 26 9 6 l1d
0 27 44 6 l1d
0 27 45 6 l1d
0 28 28 6 l1d
0 28 29 6 l1d
