0 55 1 l1d
0 56 1 l1d
0 63 1 l1d
1 0 1 l1d
1 55 3 l1d
1 56 3 l1d
1 63 1 l1d
2 0 1 l1d
2 19 1 l1d
2 20 1 l1d
4 27 1 l1d
4 28 1 l1d
5 19 1 l1d
5 20 1 l1d
5 51 1 l1d
5 52 1 l1d
5 55 1 l1d
5 56 1 l1d
6 27 1 l1d
6 28 1 l1d
8 19 1 l1d
8 20 1 l1d
8 23 1 l1d
8 24 1 l1d
8 43 1 l1d
8 44 1 l1d
10 19 1 l1d
10 20 1 l1d
10 27 1 l1d
10 28 1 l1d
10 31 1 l1d
10 32 1 l1d
11 19 1 l1d
11 20 1 l1d
11 51 1 l1d
11 52 1 l1d
13 35 1 l1d
13 36 1 l1d
13 47 1 l1d
13 48 1 l1d
18 3 1 l1d
18 4 1 l1d
22 51 1 l1d
22 52 1 l1d
30 19 1 l1d
30 20 1 l1d
