0 16 34 4 l1d
0 16 35 4 l1d
0 16 54 4 l1d
0 16 55 4 l1d
0 17 50 4 l1d
0 17 51 4 l1d
0 18 26 4 l1d
0 18 27 4 l1d
0 19 58 4 l1d
0 19 59 4 l1d
0 20 2 4 l1d
0 20 3 4 l1d
0 20 6 4 l1d
0 20 7 4 l1d
0 20 30 4 l1d
0 20 31 4 l1d
0 20 54 4 l1d
0 20 55 4 l1d
0 20 58 4 l1d
0 20 59 0 l1d
0 20 59 4 l1d
0 20 60 0 l1d
0 20 62 4 l1d
0 20 63 4 l1d
0 21 18 4 l1d
0 21 19 4 l1d
0 21 22 4 l1d
0 21 23 4 l1d
0 21 26 4 l1d
0 21 27 4 l1d
0 21 30 4 l1d
0 21 31 4 l1d
0 21 34 4 l1d
0 21 35 4 l1d
0 21 38 4 l1d
0 21 39 4 l1d
0 21 42 4 l1d
0 21 43 4 l1d
0 22 50 4 l1d
0 22 51 4 l1d
0 23 50 4 l1d
0 23 51 4 l1d
0 24 26 4 l1d
0 24 27 4 l1d
0 24 50 4 l1d
0 24 51 4 l1d
0 24 62 4 l1d
0 24 63 4 l1d
0 25 2 4 l1d
0 25 3 4 l1d
0 25 22 4 l1d
0 25 23 4 l1d
0 25 30 4 l1d
0 25 31 4 l1d
0 25 34 4 l1d
0 25 35 4 l1d
0 25 42 4 l1d
0 25 43 4 l1d
0 25 46 4 l1d
0 25 47 4 l1d
0 26 30 4 l1d
0 26 31 4 l1d
0 26 34 4 l1d
0 26 35 4 l1d
0 26 54 4 l1d
0 26 55 4 l1d
0 27 10 4 l1d
0 27 11 4 l1d
0 27 14 4 l1d
0 27 15 4 l1d
0 27 18 4 l1d
0 27 19 4 l1d
0 27 50 4 l1d
0 27 51 4 l1d
0 28 26 4 l1d
0 28 27 4 l1d
0 29 18 4 l1d
0 29 19 4 l1d
0 29 30 4 l1d
0 29 31 4 l1d
0 29 34 4 l1d
0 29 35 4 l1d
0 29 38 4 l1d
0 29 39 4 l1d
0 29 62 4 l1d
0 29 63 4 l1d
0 30 54 4 l1d
0 30 55 4 l1d
0 30 58 4 l1d
0 30 59 4 l1d
0 31 18 4 l1d
0 31 19 4 l1d
0 31 22 4 l1d
0 31 23 4 l1d
0 31 38 4 l1d
0 31 39 4 l1d
