4 48 5 l1d
4 49 5 l1d
16 24 7 l1d
16 25 7 l1d
17 16 5 l1d
17 17 5 l1d
17 44 5 l1d
17 45 5 l1d
17 48 5 l1d
17 49 5 l1d
18 32 5 l1d
18 33 5 l1d
18 35 1 l1d
18 36 1 l1d
19 60 5 l1d
19 61 5 l1d
20 0 5 l1d
20 1 5 l1d
20 4 5 l1d
20 5 5 l1d
20 12 7 l1d
20 13 7 l1d
20 60 5 l1d
20 61 5 l1d
21 20 5 l1d
21 21 5 l1d
21 24 5 l1d
21 24 7 l1d
21 25 5 l1d
21 25 7 l1d
21 28 5 l1d
21 28 7 l1d
21 29 5 l1d
21 29 7 l1d
21 32 5 l1d
21 33 5 l1d
22 36 7 l1d
22 37 7 l1d
23 0 5 l1d
23 1 5 l1d
23 28 5 l1d
23 29 5 l1d
23 32 5 l1d
23 33 5 l1d
23 36 5 l1d
23 37 5 l1d
23 48 5 l1d
23 49 5 l1d
25 20 5 l1d
25 21 5 l1d
26 12 5 l1d
26 13 5 l1d
27 28 5 l1d
27 29 5 l1d
27 36 5 l1d
27 37 5 l1d
28 40 5 l1d
28 41 5 l1d
29 24 7 l1d
29 25 7 l1d
29 32 5 l1d
29 33 5 l1d
30 16 5 l1d
30 17 5 l1d
31 19 1 l1d
31 20 1 l1d
31 32 5 l1d
31 33 5 l1d
