7 26 6 l1d
30 4 3 l1d
21 57 7 l1d
7 57 5 l1d
29 8 8 l1d
7 49 2 l1d
28 2 4 l1d
13 25 8 l1d
19 23 6 l1d
1 51 1 l1d
23 2 6 l1d
20 36 6 l1d
12 22 0 l1d
16 60 0 l1d
24 45 6 l1d
4 10 6 l1d
26 38 1 l1d
25 15 1 l1d
8 46 0 l1d
6 26 0 l1d
6 34 6 l1d
14 47 5 l1d
30 51 5 l1d
13 1 1 l1d
2 11 6 l1d
11 56 8 l1d
17 29 5 l1d
6 59 3 l1d
4 42 4 l1d
24 16 6 l1d
18 60 1 l1d
25 25 6 l1d
21 20 3 l1d
29 2 6 l1d
2 49 7 l1d
30 33 8 l1d
28 54 8 l1d
19 10 7 l1d
24 54 7 l1d
8 32 0 l1d
5 46 7 l1d
26 17 4 l1d
26 35 7 l1d
1 52 4 l1d
