25 20 5 l1d
5 42 2 l1d
12 17 3 l1d
31 30 3 l1d
14 32 2 l1d
27 48 3 l1d
9 12 1 l1d
18 11 7 l1d
24 53 4 l1d
29 14 3 l1d
0 21 8 l1d
12 50 8 l1d
7 29 2 l1d
14 5 7 l1d
27 32 6 l1d
13 44 2 l1d
27 22 0 l1d
13 38 5 l1d
9 36 1 l1d
12 41 1 l1d
9 2 4 l1d
1 3 4 l1d
18 50 5 l1d
32 36 8 l1d
0 20 5 l1d
29 53 6 l1d
15 19 8 l1d
18 1 1 l1d
28 7 4 l1d
20 41 8 l1d
5 10 3 l1d
18 51 2 l1d
0 47 2 l1d
22 61 0 l1d
25 30 5 l1d
4 6 3 l1d
0 9 7 l1d
12 56 3 l1d
14 44 0 l1d
8 56 8 l1d
15 24 5 l1d
6 60 4 l1d
28 36 7 l1d
23 49 6 l1d
1 26 7 l1d
24 52 0 l1d
7 24 8 l1d
17 32 0 l1d
2 27 1 l1d
32 23 7 l1d
15 54 6 l1d
29 16 8 l1d
18 61 8 l1d
1 12 0 l1d
0 60 6 l1d
15 17 6 l1d
13 30 4 l1d
14 58 3 l1d
30 61 8 l1d
32 33 2 l1d
4 39 4 l1d
18 41 8 l1d
1 21 4 l1d
14 9 2 l1d
15 53 1 l1d
32 10 5 l1d
15 57 6 l1d
3 0 1 l1d
11 64 3 l1d
23 48 5 l1d
11 55 1 l1d
10 18 5 l1d
14 63 0 l1d
13 56 7 l1d
12 29 0 l1d
5 31 0 l1d
17 2 1 l1d
5 50 8 l1d
14 12 2 l1d
25 9 0 l1d
3 58 5 l1d
31 1 0 l1d
5 43 5 l1d
6 4 7 l1d
14 19 7 l1d
10 17 6 l1d
20 41 7 l1d
32 12 7 l1d
11 38 0 l1d
22 51 4 l1d
13 39 2 l1d
28 45 4 l1d
30 58 1 l1d
24 3 5 l1d
16 13 7 l1d
4 19 8 l1d
29 51 1 l1d
32 58 5 l1d
