4 48 5 l1d
10 2 0 l1d
19 21 5 l1d
31 55 4 l1d
13 52 4 l1d
27 39 8 l1d
30 24 3 l1d
4 9 3 l1d
7 64 0 l1d
5 30 2 l1d
5 64 4 l1d
22 64 8 l1d
28 22 4 l1d
26 30 4 l1d
28 39 1 l1d
28 17 8 l1d
25 47 8 l1d
3 11 1 l1d
29 17 6 l1d
28 28 2 l1d
14 25 5 l1d
14 13 2 l1d
8 30 4 l1d
23 27 6 l1d
10 39 0 l1d
18 33 2 l1d
16 25 7 l1d
11 47 6 l1d
2 52 8 l1d
13 45 7 l1d
0 14 5 l1d
16 33 3 l1d
3 29 1 l1d
7 48 3 l1d
19 23 2 l1d
21 13 2 l1d
27 9 1 l1d
22 19 5 l1d
10 60 2 l1d
4 48 8 l1d
27 29 1 l1d
3 63 6 l1d
1 47 4 l1d
31 41 0 l1d
25 11 0 l1d
10 64 1 l1d
25 13 6 l1d
28 16 3 l1d
14 13 1 l1d
27 33 2 l1d
4 4 0 l1d
25 40 3 l1d
