3 34 6 l1d
10 24 6 l1d
27 44 5 l1d
30 49 4 l1d
26 10 1 l1d
5 47 1 l1d
19 6 2 l1d
30 3 2 l1d
2 29 2 l1d
2 28 8 l1d
25 33 4 l1d
16 37 0 l1d
19 3 5 l1d
1 28 7 l1d
1 25 5 l1d
1 2 7 l1d
5 52 8 l1d
14 45 5 l1d
26 10 2 l1d
5 4 1 l1d
15 35 1 l1d
30 31 7 l1d
23 61 8 l1d
10 4 0 l1d
14 26 8 l1d
26 2 1 l1d
9 8 6 l1d
5 12 7 l1d
16 22 1 l1d
8 20 8 l1d
15 26 1 l1d
17 2 6 l1d
17 20 1 l1d
4 34 4 l1d
16 62 7 l1d
14 45 1 l1d
15 30 0 l1d
25 35 2 l1d
32 48 4 l1d
22 47 0 l1d
7 51 3 l1d
18 21 5 l1d
20 7 0 l1d
26 44 1 l1d
14 28 2 l1d
29 10 2 l1d
15 11 7 l1d
32 60 2 l1d
29 20 8 l1d
11 33 8 l1d
1 54 3 l1d
11 24 3 l1d
4 58 6 l1d
12 21 4 l1d
1 11 7 l1d
26 61 6 l1d
6 48 0 l1d
29 0 4 l1d
14 59 2 l1d
2 48 4 l1d
20 44 1 l1d
5 15 4 l1d
7 49 4 l1d
26 55 5 l1d
