26 42 7 l1d
1 8 2 l1d
7 54 6 l1d
11 61 4 l1d
27 55 2 l1d
21 33 3 l1d
13 17 8 l1d
13 19 7 l1d
10 60 6 l1d
30 11 5 l1d
5 57 1 l1d
8 21 3 l1d
14 35 5 l1d
2 22 1 l1d
14 20 5 l1d
21 48 5 l1d
25 27 4 l1d
6 56 6 l1d
19 13 5 l1d
14 61 4 l1d
24 45 5 l1d
2 29 8 l1d
21 44 6 l1d
8 63 4 l1d
20 33 5 l1d
15 35 0 l1d
10 13 2 l1d
7 24 4 l1d
9 53 6 l1d
27 33 5 l1d
11 48 1 l1d
11 43 1 l1d
24 34 8 l1d
2 37 6 l1d
9 6 6 l1d
22 21 1 l1d
13 46 0 l1d
31 52 4 l1d
11 40 2 l1d
15 2 0 l1d
1 48 0 l1d
25 45 1 l1d
1 18 2 l1d
7 43 4 l1d
30 20 6 l1d
30 44 2 l1d
0 15 4 l1d
1 61 6 l1d
7 46 4 l1d
32 13 3 l1d
31 42 4 l1d
26 22 5 l1d
4 3 4 l1d
14 24 6 l1d
7 55 0 l1d
28 53 4 l1d
24 46 2 l1d
18 64 3 l1d
18 35 1 l1d
9 64 6 l1d
30 54 8 l1d
26 32 1 l1d
4 12 1 l1d
22 27 0 l1d
28 5 3 l1d
5 42 8 l1d
22 44 1 l1d
4 64 4 l1d
13 34 4 l1d
23 12 5 l1d
3 50 2 l1d
28 46 3 l1d
22 3 0 l1d
23 36 6 l1d
8 8 5 l1d
25 40 1 l1d
11 25 2 l1d
16 20 1 l1d
8 11 7 l1d
8 12 4 l1d
20 33 5 l1d
22 5 7 l1d
16 43 6 l1d
14 50 2 l1d
0 26 3 l1d
19 20 0 l1d
21 41 1 l1d
4 32 2 l1d
6 33 5 l1d
18 52 5 l1d
2 1 6 l1d
0 44 5 l1d
19 11 3 l1d
21 53 0 l1d
20 32 6 l1d
14 46 4 l1d
25 0 6 l1d
29 46 1 l1d
8 57 4 l1d
17 29 5 l1d
