12 29 0 l1d
13 9 2 l1d
7 8 2 l1d
16 20 7 l1d
22 7 1 l1d
7 12 6 l1d
3 43 0 l1d
6 15 4 l1d
15 18 4 l1d
10 4 4 l1d
1 36 4 l1d
21 2 4 l1d
0 20 1 l1d
23 49 2 l1d
6 48 0 l1d
21 50 5 l1d
3 12 8 l1d
24 43 5 l1d
15 64 5 l1d
23 26 0 l1d
23 54 1 l1d
17 27 6 l1d
15 34 3 l1d
27 27 5 l1d
5 28 1 l1d
9 9 4 l1d
27 5 6 l1d
0 6 4 l1d
8 51 1 l1d
4 41 6 l1d
25 19 0 l1d
27 49 0 l1d
30 37 1 l1d
32 32 4 l1d
18 26 8 l1d
19 39 4 l1d
27 41 4 l1d
12 40 3 l1d
17 15 1 l1d
25 34 5 l1d
19 27 6 l1d
4 19 0 l1d
23 56 5 l1d
23 13 7 l1d
18 47 8 l1d
20 52 0 l1d
31 48 7 l1d
0 48 3 l1d
14 49 7 l1d
4 41 2 l1d
5 48 8 l1d
15 55 1 l1d
26 30 2 l1d
15 11 6 l1d
23 9 1 l1d
17 51 4 l1d
