2 20 6 l1d
32 39 4 l1d
18 3 2 l1d
10 53 1 l1d
1 4 2 l1d
9 39 6 l1d
20 64 5 l1d
12 46 2 l1d
30 47 5 l1d
12 8 7 l1d
1 46 3 l1d
30 19 7 l1d
9 23 5 l1d
30 34 4 l1d
10 23 1 l1d
16 56 5 l1d
21 11 8 l1d
28 1 6 l1d
7 42 1 l1d
25 43 4 l1d
25 14 1 l1d
31 26 2 l1d
10 41 4 l1d
21 57 0 l1d
27 16 6 l1d
14 26 4 l1d
30 52 5 l1d
7 0 2 l1d
30 40 4 l1d
7 32 5 l1d
28 7 5 l1d
20 4 2 l1d
25 42 5 l1d
30 64 1 l1d
6 14 2 l1d
4 31 4 l1d
3 35 5 l1d
23 24 7 l1d
21 14 1 l1d
9 34 8 l1d
26 15 5 l1d
4 56 0 l1d
8 25 7 l1d
22 9 4 l1d
