21 41 2 l1d
30 1 6 l1d
30 28 1 l1d
10 22 3 l1d
1 16 0 l1d
13 1 0 l1d
2 38 3 l1d
14 13 7 l1d
27 31 4 l1d
26 44 4 l1d
23 50 3 l1d
5 11 7 l1d
32 45 3 l1d
13 14 0 l1d
4 11 3 l1d
7 54 7 l1d
1 47 6 l1d
5 7 2 l1d
12 14 1 l1d
22 56 3 l1d
2 53 0 l1d
13 6 4 l1d
17 22 7 l1d
16 58 5 l1d
0 46 6 l1d
0 43 5 l1d
1 61 3 l1d
4 30 5 l1d
17 63 2 l1d
3 8 0 l1d
14 19 4 l1d
24 13 6 l1d
12 34 4 l1d
10 50 2 l1d
1 5 6 l1d
4 59 1 l1d
32 37 7 l1d
13 4 1 l1d
10 47 7 l1d
21 2 0 l1d
13 31 6 l1d
3 12 6 l1d
20 14 1 l1d
14 51 8 l1d
4 55 7 l1d
32 31 1 l1d
20 44 3 l1d
30 42 2 l1d
4 50 8 l1d
13 54 8 l1d
16 36 1 l1d
4 21 1 l1d
20 60 7 l1d
0 16 8 l1d
5 56 6 l1d
0 33 3 l1d
30 52 2 l1d
10 40 7 l1d
