5 35 4 l1d
21 34 4 l1d
25 36 4 l1d
10 9 2 l1d
11 36 3 l1d
1 56 8 l1d
9 45 8 l1d
31 22 6 l1d
32 64 4 l1d
28 12 6 l1d
30 17 5 l1d
28 18 1 l1d
1 64 6 l1d
19 49 6 l1d
17 50 1 l1d
27 52 6 l1d
22 24 0 l1d
18 19 1 l1d
9 21 4 l1d
22 19 4 l1d
25 2 0 l1d
27 14 3 l1d
22 14 7 l1d
7 62 3 l1d
22 59 1 l1d
26 54 5 l1d
3 37 1 l1d
32 24 8 l1d
24 50 6 l1d
10 55 4 l1d
1 15 8 l1d
30 24 2 l1d
31 64 4 l1d
0 39 7 l1d
25 44 0 l1d
9 30 8 l1d
7 62 7 l1d
8 26 7 l1d
27 47 0 l1d
9 53 5 l1d
7 49 6 l1d
0 25 6 l1d
24 36 8 l1d
0 10 5 l1d
16 48 0 l1d
23 12 5 l1d
23 55 8 l1d
1 25 6 l1d
2 20 6 l1d
8 45 1 l1d
7 28 0 l1d
18 35 6 l1d
29 60 2 l1d
8 36 2 l1d
20 55 0 l1d
26 10 5 l1d
15 2 2 l1d
20 9 4 l1d
15 57 7 l1d
2 17 7 l1d
31 55 0 l1d
31 21 6 l1d
3 17 6 l1d
13 37 3 l1d
18 11 2 l1d
8 55 0 l1d
3 5 2 l1d
16 56 3 l1d
8 40 0 l1d
6 22 2 l1d
32 20 3 l1d
4 20 0 l1d
15 8 1 l1d
23 51 7 l1d
25 21 2 l1d
1 9 0 l1d
13 14 0 l1d
16 14 5 l1d
12 55 8 l1d
22 15 7 l1d
29 57 1 l1d
3 14 0 l1d
3 11 5 l1d
27 50 8 l1d
22 24 7 l1d
22 35 7 l1d
15 54 3 l1d
24 36 6 l1d
15 30 2 l1d
0 25 0 l1d
32 55 6 l1d
22 64 8 l1d
13 6 1 l1d
5 31 1 l1d
9 19 0 l1d
11 16 6 l1d
20 24 3 l1d
17 20 4 l1d
28 59 1 l1d
20 55 3 l1d
12 38 2 l1d
31 4 3 l1d
25 60 1 l1d
2 47 0 l1d
11 62 8 l1d
27 49 7 l1d
28 18 7 l1d
27 28 3 l1d
22 55 1 l1d
13 60 1 l1d
10 27 0 l1d
32 7 3 l1d
15 39 1 l1d
25 12 8 l1d
13 14 7 l1d
10 40 8 l1d
19 46 8 l1d
19 50 0 l1d
2 3 5 l1d
24 5 8 l1d
30 61 5 l1d
0 1 6 l1d
19 38 4 l1d
8 27 7 l1d
30 54 1 l1d
25 4 0 l1d
19 57 3 l1d
27 25 4 l1d
0 56 7 l1d
21 35 4 l1d
16 26 2 l1d
28 9 6 l1d
28 21 8 l1d
22 35 2 l1d
19 21 5 l1d
23 12 5 l1d
17 19 1 l1d
19 12 7 l1d
29 35 2 l1d
5 39 4 l1d
26 46 7 l1d
21 24 6 l1d
29 28 6 l1d
9 2 4 l1d
12 61 7 l1d
20 64 6 l1d
20 58 7 l1d
5 28 3 l1d
8 1 0 l1d
17 19 8 l1d
16 8 4 l1d
16 3 6 l1d
9 35 6 l1d
4 25 5 l1d
12 10 0 l1d
15 11 1 l1d
15 24 3 l1d
29 17 7 l1d
5 54 6 l1d
21 42 8 l1d
6 12 1 l1d
18 36 8 l1d
0 7 4 l1d
28 17 6 l1d
32 3 3 l1d
4 40 3 l1d
29 59 0 l1d
16 52 7 l1d
9 41 2 l1d
19 22 6 l1d
31 55 5 l1d
25 33 0 l1d
16 57 5 l1d
20 61 4 l1d
24 14 2 l1d
7 24 1 l1d
12 38 0 l1d
6 6 2 l1d
11 54 2 l1d
10 56 4 l1d
25 16 6 l1d
4 17 6 l1d
22 57 6 l1d
31 56 7 l1d
17 1 6 l1d
3 6 0 l1d
30 7 0 l1d
0 7 4 l1d
19 3 0 l1d
23 30 5 l1d
8 29 1 l1d
23 14 7 l1d
2 25 1 l1d
22 60 6 l1d
0 50 0 l1d
16 20 4 l1d
6 44 5 l1d
2 12 8 l1d
7 3 7 l1d
9 52 3 l1d
0 51 6 l1d
9 38 5 l1d
26 13 5 l1d
8 29 3 l1d
31 21 6 l1d
5 33 8 l1d
19 60 5 l1d
22 10 6 l1d
15 24 6 l1d
5 64 5 l1d
