21 20 8 l1d
8 34 0 l1d
30 11 1 l1d
21 26 1 l1d
16 9 7 l1d
17 51 5 l1d
22 4 2 l1d
9 11 3 l1d
23 16 3 l1d
16 4 1 l1d
17 31 8 l1d
8 54 6 l1d
9 64 3 l1d
27 45 5 l1d
28 57 5 l1d
11 28 3 l1d
28 64 7 l1d
31 4 1 l1d
21 0 6 l1d
4 47 0 l1d
22 48 0 l1d
28 60 5 l1d
17 40 2 l1d
11 38 2 l1d
19 51 3 l1d
22 34 1 l1d
7 31 0 l1d
21 20 4 l1d
7 24 2 l1d
12 28 0 l1d
2 32 1 l1d
20 2 8 l1d
8 39 7 l1d
9 22 8 l1d
15 5 5 l1d
15 6 0 l1d
19 41 5 l1d
12 28 3 l1d
21 43 6 l1d
25 1 8 l1d
16 51 1 l1d
25 56 0 l1d
14 30 5 l1d
1 40 3 l1d
9 21 6 l1d
25 29 1 l1d
28 20 4 l1d
10 49 6 l1d
24 5 8 l1d
3 13 7 l1d
13 34 8 l1d
24 16 0 l1d
6 18 4 l1d
13 45 6 l1d
17 57 3 l1d
5 33 5 l1d
6 47 3 l1d
16 64 2 l1d
2 62 2 l1d
27 56 4 l1d
9 30 5 l1d
10 62 6 l1d
15 59 3 l1d
27 48 6 l1d
28 24 3 l1d
7 32 1 l1d
30 22 6 l1d
32 25 4 l1d
14 34 4 l1d
23 28 8 l1d
21 46 4 l1d
2 63 5 l1d
22 11 1 l1d
6 64 1 l1d
29 63 5 l1d
17 19 6 l1d
21 45 5 l1d
32 48 3 l1d
5 23 0 l1d
24 58 6 l1d
12 11 0 l1d
4 51 8 l1d
13 32 4 l1d
26 39 7 l1d
4 7 7 l1d
6 62 0 l1d
25 7 2 l1d
2 8 6 l1d
29 39 7 l1d
4 37 7 l1d
30 22 7 l1d
6 19 2 l1d
32 44 7 l1d
13 4 1 l1d
24 45 4 l1d
7 27 4 l1d
12 63 2 l1d
29 10 4 l1d
30 10 5 l1d
20 27 7 l1d
18 6 3 l1d
7 13 3 l1d
5 59 6 l1d
24 30 7 l1d
31 1 3 l1d
10 1 6 l1d
32 53 4 l1d
22 50 6 l1d
5 44 8 l1d
25 38 2 l1d
18 11 1 l1d
4 4 1 l1d
31 36 3 l1d
7 24 4 l1d
5 19 0 l1d
21 57 3 l1d
30 20 4 l1d
29 11 0 l1d
6 0 1 l1d
20 8 6 l1d
11 25 2 l1d
12 11 2 l1d
13 11 6 l1d
32 32 0 l1d
14 32 2 l1d
20 42 3 l1d
17 17 1 l1d
22 18 6 l1d
23 6 6 l1d
31 30 3 l1d
32 59 2 l1d
17 32 7 l1d
0 37 4 l1d
19 3 2 l1d
8 64 5 l1d
29 24 8 l1d
6 57 5 l1d
29 56 3 l1d
2 52 3 l1d
16 25 0 l1d
29 47 0 l1d
32 50 5 l1d
0 25 4 l1d
11 49 6 l1d
7 31 4 l1d
13 31 8 l1d
14 32 2 l1d
11 28 0 l1d
11 59 3 l1d
4 54 0 l1d
31 52 7 l1d
20 2 7 l1d
4 32 6 l1d
0 46 1 l1d
23 22 1 l1d
12 11 8 l1d
21 13 7 l1d
27 5 3 l1d
20 14 4 l1d
14 47 1 l1d
14 9 8 l1d
21 31 6 l1d
28 64 6 l1d
26 36 8 l1d
17 0 4 l1d
17 1 3 l1d
