14 0 2 l1d
32 45 4 l1d
25 14 4 l1d
26 58 2 l1d
9 38 4 l1d
21 57 1 l1d
20 7 3 l1d
10 41 0 l1d
23 10 1 l1d
32 61 8 l1d
5 5 0 l1d
12 5 2 l1d
23 15 3 l1d
12 21 3 l1d
25 27 8 l1d
20 24 4 l1d
22 50 4 l1d
5 53 6 l1d
20 60 1 l1d
15 31 3 l1d
22 58 5 l1d
2 38 7 l1d
2 43 2 l1d
19 64 5 l1d
8 1 1 l1d
30 2 7 l1d
18 37 7 l1d
6 23 5 l1d
29 30 4 l1d
19 4 2 l1d
31 2 1 l1d
16 10 1 l1d
29 26 8 l1d
32 41 7 l1d
29 8 2 l1d
24 6 4 l1d
4 58 3 l1d
6 26 0 l1d
3 58 1 l1d
0 50 1 l1d
2 20 0 l1d
24 18 3 l1d
31 15 5 l1d
4 52 8 l1d
22 20 8 l1d
12 46 7 l1d
22 18 1 l1d
8 58 2 l1d
2 45 7 l1d
32 30 4 l1d
4 59 5 l1d
29 64 1 l1d
32 13 5 l1d
9 45 2 l1d
2 31 1 l1d
7 63 3 l1d
