5 43 2 l1d
17 3 1 l1d
29 1 2 l1d
16 64 1 l1d
9 29 6 l1d
12 36 5 l1d
11 52 8 l1d
25 10 7 l1d
25 14 3 l1d
23 49 8 l1d
9 2 4 l1d
1 55 0 l1d
12 62 5 l1d
2 38 0 l1d
11 14 7 l1d
13 13 5 l1d
30 4 6 l1d
24 36 3 l1d
30 14 8 l1d
9 27 1 l1d
1 42 7 l1d
5 54 8 l1d
7 15 5 l1d
29 40 5 l1d
10 43 5 l1d
17 0 8 l1d
28 5 2 l1d
25 5 0 l1d
20 31 1 l1d
2 22 7 l1d
31 11 8 l1d
7 4 1 l1d
4 12 2 l1d
25 15 2 l1d
23 14 7 l1d
10 47 7 l1d
29 32 7 l1d
4 60 4 l1d
29 39 6 l1d
25 61 1 l1d
10 60 4 l1d
22 25 4 l1d
12 50 1 l1d
2 31 5 l1d
24 23 1 l1d
28 61 2 l1d
28 51 5 l1d
17 59 5 l1d
31 32 5 l1d
20 51 7 l1d
29 36 2 l1d
8 53 4 l1d
12 19 5 l1d
14 5 6 l1d
12 4 1 l1d
12 35 3 l1d
11 20 4 l1d
20 13 2 l1d
2 34 4 l1d
24 31 0 l1d
23 8 2 l1d
9 55 7 l1d
6 3 0 l1d
20 2 6 l1d
19 20 3 l1d
30 63 0 l1d
