21 1 0 l1d
21 12 7 l1d
3 27 7 l1d
29 14 8 l1d
10 9 6 l1d
0 52 2 l1d
6 15 2 l1d
4 59 1 l1d
9 22 5 l1d
28 35 0 l1d
23 41 4 l1d
11 9 8 l1d
17 55 0 l1d
15 3 2 l1d
27 11 5 l1d
18 18 4 l1d
17 4 2 l1d
1 7 2 l1d
24 45 4 l1d
12 47 4 l1d
4 61 5 l1d
24 54 7 l1d
10 37 2 l1d
4 57 0 l1d
14 40 8 l1d
1 49 2 l1d
23 3 2 l1d
32 34 3 l1d
4 57 8 l1d
18 18 5 l1d
15 13 7 l1d
22 5 0 l1d
10 44 7 l1d
18 46 8 l1d
17 21 8 l1d
11 21 3 l1d
15 61 1 l1d
19 14 2 l1d
4 36 7 l1d
19 25 5 l1d
21 16 8 l1d
6 5 8 l1d
26 6 7 l1d
2 13 3 l1d
21 17 8 l1d
0 49 6 l1d
8 16 4 l1d
8 61 5 l1d
4 16 3 l1d
32 30 5 l1d
7 30 5 l1d
32 56 4 l1d
8 22 7 l1d
23 4 1 l1d
6 8 8 l1d
7 24 7 l1d
1 26 6 l1d
19 30 7 l1d
7 19 0 l1d
26 33 6 l1d
13 46 6 l1d
23 47 5 l1d
6 59 6 l1d
21 51 5 l1d
8 12 8 l1d
21 14 3 l1d
24 14 7 l1d
6 63 8 l1d
8 34 2 l1d
3 3 0 l1d
18 7 1 l1d
29 4 4 l1d
22 16 4 l1d
20 15 5 l1d
15 30 4 l1d
21 14 1 l1d
27 29 3 l1d
22 15 5 l1d
12 21 6 l1d
8 50 5 l1d
26 42 4 l1d
2 10 8 l1d
7 3 5 l1d
21 26 6 l1d
8 56 1 l1d
26 14 8 l1d
