13 4 6 l1d
7 25 2 l1d
12 26 3 l1d
0 58 7 l1d
23 9 8 l1d
2 15 0 l1d
22 7 1 l1d
12 50 5 l1d
23 0 3 l1d
22 23 8 l1d
32 62 6 l1d
26 49 8 l1d
27 55 1 l1d
4 46 3 l1d
32 8 6 l1d
13 42 8 l1d
9 64 8 l1d
10 13 1 l1d
30 26 7 l1d
12 52 4 l1d
14 29 2 l1d
21 48 2 l1d
20 45 1 l1d
17 57 1 l1d
14 47 8 l1d
27 63 0 l1d
26 0 5 l1d
31 20 1 l1d
11 6 3 l1d
19 9 7 l1d
2 9 0 l1d
4 19 2 l1d
32 62 8 l1d
1 28 3 l1d
11 16 0 l1d
31 29 4 l1d
9 29 0 l1d
7 25 2 l1d
0 9 4 l1d
27 0 1 l1d
12 8 8 l1d
31 54 6 l1d
29 14 6 l1d
17 57 2 l1d
3 9 7 l1d
27 1 5 l1d
25 19 5 l1d
0 18 8 l1d
