7 63 8 l1d
25 17 3 l1d
6 60 4 l1d
21 8 5 l1d
30 49 5 l1d
26 15 8 l1d
21 27 8 l1d
1 2 4 l1d
11 45 5 l1d
3 59 6 l1d
31 9 8 l1d
28 14 3 l1d
0 63 3 l1d
11 2 6 l1d
31 14 2 l1d
18 14 7 l1d
9 9 7 l1d
20 29 3 l1d
29 59 3 l1d
16 56 5 l1d
11 21 5 l1d
0 7 8 l1d
0 46 1 l1d
8 24 5 l1d
13 3 5 l1d
24 14 7 l1d
15 64 4 l1d
16 45 5 l1d
8 9 6 l1d
30 33 1 l1d
13 43 8 l1d
27 2 2 l1d
31 43 4 l1d
2 32 4 l1d
19 37 5 l1d
14 54 5 l1d
22 51 8 l1d
32 47 0 l1d
26 51 2 l1d
28 7 6 l1d
30 51 2 l1d
2 49 2 l1d
3 47 0 l1d
27 18 6 l1d
29 64 7 l1d
7 56 7 l1d
24 29 4 l1d
23 24 8 l1d
8 16 6 l1d
13 2 4 l1d
24 34 4 l1d
0 1 4 l1d
11 50 4 l1d
24 50 3 l1d
5 48 2 l1d
24 25 3 l1d
32 7 7 l1d
32 10 5 l1d
24 58 6 l1d
14 28 5 l1d
28 36 7 l1d
26 59 6 l1d
11 49 2 l1d
25 33 2 l1d
27 43 3 l1d
10 18 3 l1d
24 63 3 l1d
25 25 8 l1d
29 53 4 l1d
5 51 3 l1d
32 23 1 l1d
26 14 4 l1d
5 34 2 l1d
6 57 5 l1d
21 52 2 l1d
18 5 6 l1d
15 33 8 l1d
2 30 4 l1d
21 23 8 l1d
9 54 5 l1d
13 62 1 l1d
0 35 3 l1d
