31 13 6 l1d
24 8 3 l1d
8 10 8 l1d
28 30 8 l1d
24 34 5 l1d
19 30 7 l1d
0 16 4 l1d
28 13 8 l1d
3 11 8 l1d
18 36 5 l1d
29 33 6 l1d
11 19 7 l1d
20 16 3 l1d
9 22 2 l1d
27 29 6 l1d
8 52 3 l1d
19 50 2 l1d
7 19 7 l1d
28 11 4 l1d
28 15 4 l1d
31 13 0 l1d
28 44 6 l1d
18 46 1 l1d
18 3 6 l1d
21 44 6 l1d
19 37 5 l1d
25 42 3 l1d
0 60 7 l1d
24 35 6 l1d
11 17 5 l1d
12 51 1 l1d
18 35 3 l1d
31 40 0 l1d
17 28 1 l1d
17 43 8 l1d
30 8 3 l1d
19 36 2 l1d
23 50 7 l1d
24 59 2 l1d
12 13 8 l1d
28 28 2 l1d
16 15 8 l1d
29 4 3 l1d
26 53 5 l1d
20 38 3 l1d
2 25 4 l1d
