15 49 0 l1d
18 41 7 l1d
16 6 8 l1d
7 61 3 l1d
4 13 4 l1d
25 47 4 l1d
22 52 2 l1d
0 45 5 l1d
22 39 1 l1d
1 6 6 l1d
19 4 5 l1d
6 50 5 l1d
3 21 0 l1d
11 40 7 l1d
26 16 3 l1d
6 47 4 l1d
7 20 4 l1d
16 26 5 l1d
9 9 3 l1d
29 8 7 l1d
14 17 4 l1d
11 54 6 l1d
14 19 7 l1d
3 35 0 l1d
28 41 2 l1d
24 16 1 l1d
2 12 0 l1d
26 6 4 l1d
21 52 8 l1d
27 57 5 l1d
9 31 3 l1d
5 5 3 l1d
2 33 7 l1d
3 45 8 l1d
17 10 7 l1d
30 28 1 l1d
9 49 1 l1d
30 49 2 l1d
32 37 7 l1d
18 18 6 l1d
12 57 1 l1d
24 12 0 l1d
20 54 1 l1d
11 10 0 l1d
15 42 8 l1d
29 57 1 l1d
