5 5 7 l1d
0 10 2 l1d
3 19 4 l1d
6 49 7 l1d
25 36 5 l1d
10 60 6 l1d
11 25 6 l1d
14 35 0 l1d
23 11 4 l1d
20 54 4 l1d
16 11 6 l1d
4 60 7 l1d
19 14 2 l1d
2 45 5 l1d
14 41 7 l1d
4 46 0 l1d
23 38 6 l1d
23 36 5 l1d
1 21 3 l1d
32 16 2 l1d
16 27 6 l1d
32 46 3 l1d
29 63 2 l1d
16 1 4 l1d
21 45 6 l1d
27 36 2 l1d
3 47 2 l1d
17 50 1 l1d
31 47 1 l1d
19 38 5 l1d
1 60 8 l1d
24 34 0 l1d
19 38 0 l1d
27 30 0 l1d
19 23 6 l1d
9 6 3 l1d
4 64 4 l1d
11 12 5 l1d
32 23 4 l1d
11 6 4 l1d
10 12 4 l1d
22 38 2 l1d
11 26 6 l1d
15 10 7 l1d
29 53 1 l1d
7 10 7 l1d
8 17 6 l1d
23 15 5 l1d
14 16 6 l1d
31 53 2 l1d
28 10 6 l1d
20 55 5 l1d
18 36 0 l1d
19 41 7 l1d
32 10 5 l1d
12 52 0 l1d
13 13 6 l1d
10 44 7 l1d
24 15 6 l1d
16 49 5 l1d
13 7 4 l1d
16 14 0 l1d
16 54 2 l1d
1 50 7 l1d
0 55 6 l1d
16 3 2 l1d
29 33 8 l1d
9 59 6 l1d
18 27 2 l1d
2 20 0 l1d
18 14 7 l1d
9 37 7 l1d
26 54 5 l1d
1 23 4 l1d
14 21 1 l1d
12 32 8 l1d
9 29 0 l1d
21 21 2 l1d
2 19 8 l1d
29 43 8 l1d
15 0 5 l1d
8 55 4 l1d
11 51 5 l1d
1 27 1 l1d
22 35 1 l1d
21 27 4 l1d
25 37 2 l1d
31 23 3 l1d
9 24 3 l1d
11 5 4 l1d
10 23 6 l1d
30 49 8 l1d
20 24 7 l1d
12 52 8 l1d
22 43 5 l1d
10 11 1 l1d
