2 62 7 l1d
32 19 0 l1d
4 54 5 l1d
22 26 6 l1d
26 19 4 l1d
11 59 8 l1d
0 44 4 l1d
9 37 3 l1d
24 60 6 l1d
22 53 1 l1d
19 30 0 l1d
6 19 0 l1d
28 2 6 l1d
31 54 6 l1d
0 44 0 l1d
4 26 6 l1d
0 36 2 l1d
31 52 3 l1d
2 15 4 l1d
9 58 1 l1d
21 57 2 l1d
19 34 2 l1d
15 12 2 l1d
1 28 7 l1d
1 2 4 l1d
17 56 2 l1d
24 15 8 l1d
24 49 6 l1d
20 27 4 l1d
24 61 6 l1d
14 11 8 l1d
24 26 6 l1d
21 29 4 l1d
11 64 1 l1d
5 1 7 l1d
15 13 4 l1d
17 25 5 l1d
26 3 1 l1d
17 3 5 l1d
26 6 0 l1d
27 55 4 l1d
0 1 4 l1d
4 45 0 l1d
5 10 4 l1d
