3 60 6 l1d
3 64 8 l1d
8 36 2 l1d
11 30 5 l1d
1 1 5 l1d
2 32 0 l1d
14 12 5 l1d
9 49 5 l1d
28 14 2 l1d
2 29 4 l1d
30 23 1 l1d
5 58 7 l1d
30 32 7 l1d
32 38 8 l1d
24 48 2 l1d
27 60 8 l1d
19 38 0 l1d
2 39 7 l1d
26 15 4 l1d
2 61 5 l1d
28 43 5 l1d
8 46 1 l1d
20 1 1 l1d
18 34 4 l1d
10 61 0 l1d
18 42 5 l1d
32 28 4 l1d
11 42 7 l1d
10 51 2 l1d
28 35 3 l1d
29 56 2 l1d
14 60 6 l1d
8 16 4 l1d
20 55 0 l1d
32 64 8 l1d
17 23 7 l1d
10 28 6 l1d
10 26 6 l1d
32 36 6 l1d
27 53 8 l1d
17 47 4 l1d
2 26 8 l1d
9 41 3 l1d
28 60 0 l1d
14 40 6 l1d
23 38 7 l1d
4 48 1 l1d
2 23 0 l1d
