29 2 4 l1d
26 2 2 l1d
6 23 6 l1d
25 6 7 l1d
10 7 8 l1d
5 43 4 l1d
29 53 0 l1d
19 11 6 l1d
12 49 1 l1d
10 47 7 l1d
1 62 8 l1d
6 41 7 l1d
15 45 4 l1d
5 63 1 l1d
25 33 6 l1d
12 47 8 l1d
14 19 7 l1d
7 20 8 l1d
0 7 0 l1d
2 21 7 l1d
25 51 7 l1d
7 2 1 l1d
22 49 3 l1d
26 0 6 l1d
2 18 8 l1d
31 39 3 l1d
23 25 3 l1d
4 8 5 l1d
7 5 8 l1d
32 17 7 l1d
27 22 7 l1d
15 8 6 l1d
10 50 1 l1d
8 55 7 l1d
9 0 6 l1d
8 53 0 l1d
17 4 0 l1d
1 30 7 l1d
30 50 2 l1d
12 40 7 l1d
14 28 6 l1d
30 47 6 l1d
4 25 2 l1d
30 27 1 l1d
3 48 4 l1d
1 41 0 l1d
9 64 7 l1d
8 6 0 l1d
3 53 6 l1d
28 19 3 l1d
24 46 3 l1d
18 43 7 l1d
2 53 8 l1d
12 23 8 l1d
31 64 2 l1d
22 34 8 l1d
27 22 6 l1d
27 38 7 l1d
22 28 2 l1d
25 4 3 l1d
6 26 8 l1d
11 17 2 l1d
30 8 8 l1d
2 37 3 l1d
