23 37 1 l1d
16 31 1 l1d
23 53 1 l1d
18 4 1 l1d
25 9 0 l1d
20 33 8 l1d
18 10 0 l1d
31 18 6 l1d
22 34 1 l1d
13 43 2 l1d
5 43 2 l1d
26 29 5 l1d
13 23 8 l1d
4 14 2 l1d
29 4 8 l1d
31 61 4 l1d
5 51 8 l1d
26 6 5 l1d
18 34 4 l1d
28 19 7 l1d
31 1 4 l1d
23 6 3 l1d
7 42 0 l1d
19 47 4 l1d
27 56 3 l1d
29 56 0 l1d
14 47 0 l1d
17 58 8 l1d
12 53 0 l1d
11 18 4 l1d
3 25 8 l1d
14 9 3 l1d
15 24 8 l1d
25 45 2 l1d
3 53 6 l1d
9 40 0 l1d
3 38 3 l1d
30 11 2 l1d
5 62 1 l1d
13 7 3 l1d
22 11 6 l1d
25 29 4 l1d
11 59 0 l1d
19 33 0 l1d
9 26 5 l1d
23 18 4 l1d
7 25 4 l1d
22 39 1 l1d
30 33 2 l1d
18 4 5 l1d
22 59 7 l1d
9 2 3 l1d
9 52 1 l1d
2 14 4 l1d
17 13 7 l1d
1 49 7 l1d
8 36 4 l1d
15 27 0 l1d
23 3 3 l1d
23 35 1 l1d
14 25 0 l1d
9 48 3 l1d
9 8 6 l1d
12 53 7 l1d
20 21 8 l1d
10 44 1 l1d
10 21 2 l1d
23 58 4 l1d
15 24 6 l1d
17 20 4 l1d
27 29 3 l1d
11 43 5 l1d
21 64 8 l1d
21 28 6 l1d
31 31 2 l1d
10 9 1 l1d
