31 29 8 l1d
30 7 2 l1d
3 40 5 l1d
29 15 3 l1d
28 62 2 l1d
5 23 0 l1d
8 14 1 l1d
30 55 0 l1d
0 19 4 l1d
19 20 2 l1d
0 40 2 l1d
6 17 1 l1d
6 42 1 l1d
8 61 6 l1d
9 7 4 l1d
27 58 5 l1d
8 3 3 l1d
25 36 1 l1d
1 43 6 l1d
31 42 5 l1d
5 13 6 l1d
15 38 0 l1d
11 44 7 l1d
25 1 6 l1d
29 22 1 l1d
23 13 7 l1d
29 17 8 l1d
6 26 0 l1d
21 31 7 l1d
5 42 4 l1d
9 7 8 l1d
25 18 4 l1d
1 20 6 l1d
22 18 1 l1d
14 62 5 l1d
1 22 7 l1d
4 64 5 l1d
28 29 1 l1d
23 60 4 l1d
24 51 7 l1d
27 54 6 l1d
30 37 5 l1d
12 53 4 l1d
26 21 8 l1d
30 60 1 l1d
3 39 5 l1d
28 20 8 l1d
10 52 5 l1d
28 59 7 l1d
2 35 2 l1d
3 17 3 l1d
3 63 0 l1d
9 33 0 l1d
2 18 1 l1d
11 18 1 l1d
18 20 4 l1d
28 63 3 l1d
17 61 5 l1d
22 13 8 l1d
28 15 7 l1d
10 11 8 l1d
7 1 4 l1d
24 33 8 l1d
16 8 2 l1d
1 0 8 l1d
11 63 1 l1d
10 18 3 l1d
13 44 6 l1d
30 1 7 l1d
17 10 5 l1d
8 54 2 l1d
30 58 4 l1d
32 33 5 l1d
19 18 4 l1d
26 4 8 l1d
3 44 8 l1d
29 44 2 l1d
3 4 2 l1d
22 18 5 l1d
31 53 2 l1d
22 32 6 l1d
7 29 5 l1d
8 37 1 l1d
28 40 2 l1d
21 21 6 l1d
26 59 2 l1d
12 37 0 l1d
31 46 7 l1d
27 56 1 l1d
0 39 7 l1d
2 29 8 l1d
11 27 8 l1d
19 49 5 l1d
16 30 2 l1d
31 59 8 l1d
30 46 7 l1d
6 40 4 l1d
16 35 5 l1d
31 16 1 l1d
27 32 0 l1d
9 44 7 l1d
7 23 5 l1d
7 63 3 l1d
14 12 3 l1d
16 52 4 l1d
18 30 4 l1d
8 51 8 l1d
23 41 2 l1d
11 62 3 l1d
17 42 3 l1d
23 29 6 l1d
4 13 4 l1d
19 51 7 l1d
25 24 7 l1d
14 20 1 l1d
15 34 4 l1d
21 2 7 l1d
8 45 1 l1d
22 60 0 l1d
30 52 8 l1d
15 16 3 l1d
0 48 7 l1d
31 61 3 l1d
18 39 0 l1d
31 32 8 l1d
8 12 4 l1d
32 35 8 l1d
15 12 7 l1d
26 41 7 l1d
12 20 8 l1d
26 27 5 l1d
4 0 3 l1d
18 46 2 l1d
29 64 7 l1d
4 32 2 l1d
18 26 1 l1d
24 1 1 l1d
22 62 1 l1d
19 4 6 l1d
22 48 5 l1d
6 4 7 l1d
23 64 2 l1d
9 4 4 l1d
12 9 6 l1d
32 27 0 l1d
23 13 5 l1d
20 38 2 l1d
16 43 1 l1d
0 46 2 l1d
20 10 2 l1d
5 24 7 l1d
2 4 6 l1d
2 61 0 l1d
26 29 0 l1d
13 63 6 l1d
12 57 1 l1d
7 63 8 l1d
27 13 4 l1d
31 35 0 l1d
28 20 7 l1d
31 53 3 l1d
5 28 6 l1d
9 29 8 l1d
18 15 8 l1d
2 50 7 l1d
19 37 0 l1d
20 17 0 l1d
32 37 4 l1d
4 4 3 l1d
0 16 3 l1d
32 37 0 l1d
2 2 6 l1d
4 50 4 l1d
20 7 7 l1d
20 3 4 l1d
30 34 6 l1d
