19 43 0 l1d
28 23 1 l1d
6 43 8 l1d
21 56 7 l1d
25 25 7 l1d
32 23 7 l1d
27 14 2 l1d
13 26 2 l1d
11 23 0 l1d
8 50 1 l1d
27 29 3 l1d
8 23 7 l1d
23 11 1 l1d
15 25 8 l1d
2 22 1 l1d
9 48 4 l1d
27 37 5 l1d
0 38 6 l1d
29 48 0 l1d
5 22 1 l1d
7 58 4 l1d
19 25 2 l1d
6 32 4 l1d
5 41 5 l1d
13 2 2 l1d
27 37 6 l1d
25 41 7 l1d
2 16 0 l1d
12 32 6 l1d
15 55 4 l1d
18 2 4 l1d
29 32 2 l1d
0 64 1 l1d
8 51 3 l1d
22 7 3 l1d
2 29 7 l1d
32 17 2 l1d
25 38 6 l1d
7 14 3 l1d
20 2 7 l1d
11 58 5 l1d
8 51 2 l1d
8 28 1 l1d
29 7 6 l1d
23 48 3 l1d
32 18 8 l1d
23 20 6 l1d
8 16 5 l1d
23 30 5 l1d
32 58 3 l1d
10 49 1 l1d
5 58 5 l1d
0 55 6 l1d
26 12 7 l1d
32 46 2 l1d
30 5 7 l1d
25 49 8 l1d
23 59 2 l1d
