27 10 8 l1d
6 9 3 l1d
14 27 7 l1d
2 22 1 l1d
4 27 6 l1d
8 41 1 l1d
17 8 0 l1d
29 61 7 l1d
11 63 3 l1d
8 15 1 l1d
12 47 8 l1d
4 46 8 l1d
5 35 6 l1d
24 50 1 l1d
16 19 0 l1d
1 13 2 l1d
13 33 3 l1d
1 42 1 l1d
19 41 3 l1d
7 44 0 l1d
9 32 1 l1d
25 46 4 l1d
11 4 1 l1d
16 29 7 l1d
2 14 3 l1d
28 44 0 l1d
2 3 8 l1d
22 59 2 l1d
1 41 7 l1d
13 39 2 l1d
25 34 6 l1d
25 53 1 l1d
8 29 2 l1d
19 1 2 l1d
6 18 1 l1d
21 48 4 l1d
16 35 4 l1d
22 35 7 l1d
30 47 6 l1d
2 39 5 l1d
2 4 8 l1d
1 16 4 l1d
10 21 3 l1d
25 20 1 l1d
