32 14 5 l1d
9 43 0 l1d
13 24 8 l1d
10 45 1 l1d
31 22 7 l1d
1 36 6 l1d
19 45 0 l1d
4 64 3 l1d
5 38 8 l1d
26 56 6 l1d
16 5 1 l1d
32 21 7 l1d
12 21 5 l1d
12 19 1 l1d
17 32 4 l1d
2 33 0 l1d
28 28 8 l1d
23 37 4 l1d
16 58 7 l1d
16 1 4 l1d
28 14 4 l1d
26 56 5 l1d
1 10 3 l1d
27 63 0 l1d
12 8 1 l1d
9 28 1 l1d
13 27 7 l1d
21 43 0 l1d
1 1 3 l1d
11 25 2 l1d
15 14 8 l1d
20 26 6 l1d
15 17 8 l1d
6 49 8 l1d
9 59 3 l1d
15 15 7 l1d
2 48 4 l1d
22 29 8 l1d
10 53 4 l1d
5 55 0 l1d
27 13 5 l1d
11 19 0 l1d
32 58 0 l1d
3 46 2 l1d
8 17 1 l1d
7 5 6 l1d
27 20 4 l1d
28 60 5 l1d
16 48 2 l1d
27 28 8 l1d
15 35 1 l1d
8 51 0 l1d
6 52 1 l1d
31 44 4 l1d
14 20 1 l1d
29 35 4 l1d
23 13 7 l1d
20 52 4 l1d
27 30 3 l1d
10 15 0 l1d
28 29 7 l1d
20 51 6 l1d
15 28 2 l1d
16 45 0 l1d
30 23 3 l1d
15 4 3 l1d
10 64 4 l1d
9 52 7 l1d
29 57 1 l1d
20 12 4 l1d
8 63 5 l1d
19 60 0 l1d
23 16 4 l1d
7 30 6 l1d
22 8 8 l1d
19 31 4 l1d
18 14 7 l1d
15 27 1 l1d
0 31 7 l1d
28 23 4 l1d
