22 10 6 l1d
7 15 0 l1d
6 24 4 l1d
15 42 3 l1d
22 50 2 l1d
22 33 4 l1d
29 57 3 l1d
16 39 8 l1d
2 35 7 l1d
31 13 6 l1d
3 58 4 l1d
29 2 3 l1d
10 23 4 l1d
22 52 6 l1d
25 13 3 l1d
22 23 6 l1d
29 13 3 l1d
2 41 7 l1d
22 46 0 l1d
10 39 3 l1d
17 18 7 l1d
20 7 6 l1d
18 8 7 l1d
10 54 3 l1d
26 39 1 l1d
1 16 1 l1d
30 51 7 l1d
21 33 6 l1d
28 36 0 l1d
0 5 5 l1d
16 60 1 l1d
20 23 2 l1d
18 16 2 l1d
17 37 6 l1d
15 4 1 l1d
32 19 4 l1d
9 15 5 l1d
32 9 1 l1d
14 50 3 l1d
0 27 1 l1d
17 32 1 l1d
29 35 6 l1d
27 58 7 l1d
16 24 0 l1d
7 6 3 l1d
1 44 7 l1d
22 62 6 l1d
29 50 4 l1d
15 28 8 l1d
31 40 2 l1d
27 19 3 l1d
19 63 7 l1d
8 58 1 l1d
30 5 3 l1d
17 54 0 l1d
7 38 7 l1d
11 56 7 l1d
6 40 0 l1d
26 48 0 l1d
8 29 4 l1d
21 45 4 l1d
21 62 1 l1d
28 62 2 l1d
21 27 5 l1d
2 58 1 l1d
3 2 4 l1d
4 26 6 l1d
15 31 2 l1d
14 0 7 l1d
16 34 5 l1d
19 25 7 l1d
7 6 8 l1d
28 40 0 l1d
7 46 1 l1d
22 35 4 l1d
17 54 3 l1d
4 28 3 l1d
11 64 7 l1d
25 25 7 l1d
19 11 5 l1d
28 55 3 l1d
4 14 1 l1d
32 20 2 l1d
32 13 8 l1d
2 14 6 l1d
2 4 4 l1d
1 11 8 l1d
26 61 7 l1d
21 47 5 l1d
21 6 2 l1d
29 7 3 l1d
11 31 6 l1d
3 54 6 l1d
2 57 0 l1d
0 44 3 l1d
19 30 1 l1d
9 11 7 l1d
22 21 6 l1d
28 60 7 l1d
27 58 8 l1d
23 59 0 l1d
30 63 7 l1d
32 42 0 l1d
2 14 5 l1d
2 2 3 l1d
28 42 1 l1d
8 53 1 l1d
22 48 8 l1d
29 37 7 l1d
31 60 5 l1d
27 22 8 l1d
18 33 8 l1d
20 40 8 l1d
24 31 5 l1d
28 6 6 l1d
28 12 0 l1d
27 38 2 l1d
19 23 6 l1d
13 40 7 l1d
22 46 7 l1d
11 61 5 l1d
22 16 6 l1d
13 6 0 l1d
2 10 2 l1d
31 12 0 l1d
7 0 2 l1d
4 6 1 l1d
5 13 8 l1d
10 39 2 l1d
20 17 6 l1d
29 11 8 l1d
16 61 5 l1d
10 15 7 l1d
8 57 1 l1d
25 18 3 l1d
31 30 7 l1d
20 0 4 l1d
30 0 7 l1d
18 6 4 l1d
18 57 6 l1d
11 29 1 l1d
15 9 3 l1d
16 61 2 l1d
2 26 5 l1d
4 64 3 l1d
23 14 8 l1d
11 17 5 l1d
2 50 8 l1d
27 39 1 l1d
9 11 0 l1d
0 51 2 l1d
30 45 5 l1d
13 8 4 l1d
19 44 1 l1d
4 18 0 l1d
25 26 7 l1d
7 10 7 l1d
11 43 5 l1d
0 41 4 l1d
21 12 8 l1d
18 57 1 l1d
22 57 1 l1d
2 25 6 l1d
26 59 5 l1d
26 7 0 l1d
15 1 4 l1d
18 24 4 l1d
29 9 2 l1d
14 14 7 l1d
7 41 7 l1d
1 42 5 l1d
23 2 5 l1d
18 27 5 l1d
2 37 1 l1d
4 29 1 l1d
4 42 3 l1d
32 6 7 l1d
24 28 4 l1d
22 45 2 l1d
26 36 0 l1d
9 29 0 l1d
21 18 0 l1d
10 14 6 l1d
10 0 6 l1d
9 31 3 l1d
22 61 4 l1d
20 44 2 l1d
31 55 5 l1d
23 52 2 l1d
19 19 5 l1d
0 4 5 l1d
4 9 1 l1d
0 51 6 l1d
31 62 5 l1d
20 32 6 l1d
6 50 4 l1d
23 29 2 l1d
29 0 8 l1d
7 64 2 l1d
31 28 5 l1d
16 15 3 l1d
23 31 8 l1d
18 62 2 l1d
11 57 0 l1d
27 48 0 l1d
8 36 0 l1d
12 2 0 l1d
1 44 0 l1d
12 12 4 l1d
2 22 1 l1d
16 53 5 l1d
16 2 4 l1d
13 48 1 l1d
5 47 2 l1d
2 4 2 l1d
2 62 8 l1d
22 59 1 l1d
11 38 3 l1d
2 16 2 l1d
22 53 4 l1d
22 58 6 l1d
17 52 4 l1d
30 51 2 l1d
9 4 0 l1d
10 51 0 l1d
5 28 1 l1d
28 31 7 l1d
11 28 7 l1d
28 17 7 l1d
15 35 3 l1d
3 21 5 l1d
20 56 8 l1d
17 19 0 l1d
20 14 6 l1d
32 30 0 l1d
16 44 0 l1d
27 27 7 l1d
24 62 5 l1d
11 9 0 l1d
28 57 1 l1d
13 19 8 l1d
26 62 8 l1d
27 36 1 l1d
8 57 8 l1d
16 13 5 l1d
21 49 6 l1d
26 53 7 l1d
6 6 5 l1d
16 33 4 l1d
3 28 3 l1d
28 18 7 l1d
24 59 3 l1d
9 27 3 l1d
30 16 8 l1d
11 12 1 l1d
23 29 5 l1d
