15 62 0 l1d
21 36 2 l1d
13 45 2 l1d
7 18 7 l1d
4 33 0 l1d
29 23 6 l1d
13 48 0 l1d
20 39 4 l1d
30 62 6 l1d
0 39 1 l1d
18 9 4 l1d
24 2 4 l1d
24 58 3 l1d
16 10 4 l1d
13 30 5 l1d
26 57 4 l1d
26 50 7 l1d
28 10 7 l1d
22 33 8 l1d
20 22 3 l1d
11 19 7 l1d
12 41 1 l1d
26 35 5 l1d
6 28 5 l1d
3 9 6 l1d
12 26 3 l1d
5 46 3 l1d
18 37 3 l1d
9 21 8 l1d
5 56 5 l1d
12 32 5 l1d
27 36 6 l1d
15 3 7 l1d
14 62 7 l1d
19 36 3 l1d
1 3 3 l1d
14 57 7 l1d
15 0 0 l1d
0 59 6 l1d
12 9 5 l1d
29 60 7 l1d
25 53 6 l1d
0 14 4 l1d
1 3 2 l1d
20 47 8 l1d
6 9 2 l1d
