5 28 5 l1d
12 61 1 l1d
17 60 2 l1d
16 39 3 l1d
28 20 1 l1d
0 41 1 l1d
4 2 3 l1d
12 59 0 l1d
26 31 3 l1d
28 34 0 l1d
5 48 3 l1d
10 37 8 l1d
30 60 4 l1d
7 22 3 l1d
29 58 7 l1d
14 6 2 l1d
22 48 8 l1d
32 4 1 l1d
17 49 3 l1d
24 18 6 l1d
32 8 6 l1d
29 26 2 l1d
30 56 1 l1d
14 41 8 l1d
9 9 6 l1d
20 52 2 l1d
3 42 4 l1d
26 5 8 l1d
31 55 8 l1d
8 29 2 l1d
21 28 7 l1d
27 9 8 l1d
1 42 5 l1d
20 51 3 l1d
0 20 7 l1d
10 39 2 l1d
32 14 3 l1d
32 16 0 l1d
2 53 0 l1d
11 57 5 l1d
6 0 0 l1d
0 31 0 l1d
11 15 0 l1d
13 8 8 l1d
24 45 1 l1d
27 34 2 l1d
18 27 3 l1d
30 60 8 l1d
32 53 0 l1d
15 3 7 l1d
23 43 8 l1d
21 60 7 l1d
32 12 8 l1d
4 0 8 l1d
30 13 3 l1d
0 54 2 l1d
