21 58 0 l1d
14 32 2 l1d
12 42 5 l1d
10 18 6 l1d
1 58 7 l1d
2 32 1 l1d
6 43 1 l1d
7 57 6 l1d
11 17 7 l1d
8 55 3 l1d
32 38 0 l1d
31 25 3 l1d
21 59 1 l1d
1 3 5 l1d
3 5 1 l1d
23 13 6 l1d
19 2 5 l1d
2 25 6 l1d
29 48 2 l1d
31 24 7 l1d
28 58 5 l1d
18 27 1 l1d
5 12 7 l1d
7 18 2 l1d
28 45 6 l1d
7 49 3 l1d
5 22 4 l1d
9 21 4 l1d
24 5 0 l1d
3 13 6 l1d
18 1 7 l1d
0 41 3 l1d
22 36 1 l1d
21 24 4 l1d
31 20 0 l1d
22 31 3 l1d
17 11 1 l1d
12 35 4 l1d
8 45 3 l1d
3 18 4 l1d
32 14 2 l1d
31 57 2 l1d
26 28 5 l1d
19 52 3 l1d
15 3 3 l1d
10 10 5 l1d
28 45 6 l1d
4 40 3 l1d
5 13 8 l1d
5 59 2 l1d
31 2 1 l1d
19 47 8 l1d
3 24 7 l1d
9 46 3 l1d
13 26 4 l1d
21 8 8 l1d
5 24 1 l1d
13 64 7 l1d
28 56 8 l1d
15 63 5 l1d
0 29 8 l1d
28 14 1 l1d
5 51 0 l1d
16 25 3 l1d
8 56 7 l1d
10 19 6 l1d
28 64 6 l1d
5 10 2 l1d
19 22 8 l1d
13 0 7 l1d
12 44 2 l1d
13 59 4 l1d
16 0 8 l1d
25 54 3 l1d
15 21 6 l1d
26 7 0 l1d
32 27 6 l1d
4 50 2 l1d
5 16 3 l1d
5 1 0 l1d
13 23 0 l1d
28 29 7 l1d
11 24 3 l1d
9 53 3 l1d
15 41 1 l1d
19 50 8 l1d
25 32 3 l1d
20 35 3 l1d
30 40 4 l1d
15 48 2 l1d
23 45 8 l1d
15 22 1 l1d
29 22 0 l1d
25 24 0 l1d
14 10 7 l1d
15 28 2 l1d
5 20 7 l1d
5 35 2 l1d
31 41 8 l1d
15 29 3 l1d
19 20 4 l1d
17 3 8 l1d
8 49 1 l1d
29 42 1 l1d
0 6 8 l1d
3 46 1 l1d
7 41 7 l1d
24 31 8 l1d
13 51 5 l1d
10 48 5 l1d
6 50 8 l1d
17 3 6 l1d
18 58 2 l1d
29 59 2 l1d
10 54 0 l1d
10 27 7 l1d
14 27 5 l1d
21 41 0 l1d
22 2 7 l1d
26 38 8 l1d
20 59 1 l1d
3 18 2 l1d
5 64 1 l1d
5 0 6 l1d
6 2 0 l1d
28 14 0 l1d
10 53 7 l1d
9 35 8 l1d
8 32 1 l1d
4 12 8 l1d
30 37 7 l1d
21 19 6 l1d
32 29 4 l1d
7 18 3 l1d
9 32 0 l1d
28 34 6 l1d
3 45 6 l1d
2 23 2 l1d
26 64 4 l1d
19 60 3 l1d
25 28 4 l1d
13 60 6 l1d
16 39 7 l1d
20 63 7 l1d
25 22 7 l1d
3 17 4 l1d
9 47 6 l1d
1 17 1 l1d
25 20 4 l1d
4 22 2 l1d
