32 62 7 l1d
3 57 1 l1d
10 45 2 l1d
0 56 7 l1d
10 55 5 l1d
14 5 3 l1d
24 48 4 l1d
20 5 4 l1d
24 19 4 l1d
26 62 4 l1d
16 9 1 l1d
29 3 2 l1d
7 2 7 l1d
8 16 7 l1d
1 59 0 l1d
32 2 0 l1d
22 32 1 l1d
7 39 0 l1d
18 0 6 l1d
3 25 0 l1d
28 28 0 l1d
27 41 6 l1d
3 40 5 l1d
23 29 0 l1d
24 43 5 l1d
21 52 7 l1d
9 12 6 l1d
30 6 4 l1d
18 61 0 l1d
14 42 0 l1d
20 2 1 l1d
11 41 0 l1d
4 40 8 l1d
31 29 6 l1d
8 4 6 l1d
4 17 6 l1d
11 60 2 l1d
2 11 3 l1d
1 20 0 l1d
8 49 2 l1d
9 2 4 l1d
14 21 8 l1d
8 23 4 l1d
5 38 0 l1d
0 21 6 l1d
11 48 6 l1d
15 9 2 l1d
18 40 3 l1d
17 58 2 l1d
0 20 0 l1d
12 54 5 l1d
21 41 4 l1d
27 28 0 l1d
32 7 0 l1d
7 53 0 l1d
14 20 4 l1d
23 21 5 l1d
2 55 7 l1d
18 58 6 l1d
19 50 4 l1d
4 37 6 l1d
21 35 1 l1d
15 56 2 l1d
6 49 8 l1d
23 2 6 l1d
9 11 3 l1d
31 0 3 l1d
32 57 5 l1d
31 34 3 l1d
22 8 6 l1d
30 17 3 l1d
25 47 1 l1d
30 14 6 l1d
18 49 1 l1d
4 50 1 l1d
18 62 2 l1d
0 63 4 l1d
4 7 0 l1d
