20 25 3 l1d
3 37 0 l1d
26 64 7 l1d
5 20 7 l1d
22 25 8 l1d
21 56 6 l1d
2 31 7 l1d
21 37 0 l1d
24 32 8 l1d
8 11 0 l1d
27 28 5 l1d
25 28 7 l1d
9 37 1 l1d
0 53 4 l1d
2 44 0 l1d
26 20 6 l1d
25 57 7 l1d
25 4 5 l1d
22 17 5 l1d
3 55 7 l1d
26 20 5 l1d
25 20 3 l1d
6 5 0 l1d
8 21 4 l1d
17 15 4 l1d
6 53 0 l1d
14 27 7 l1d
4 50 7 l1d
19 14 5 l1d
15 30 4 l1d
5 43 4 l1d
11 22 3 l1d
31 10 7 l1d
30 33 6 l1d
4 10 8 l1d
8 27 7 l1d
13 12 1 l1d
12 25 8 l1d
27 32 7 l1d
29 61 3 l1d
31 47 1 l1d
14 55 1 l1d
1 6 8 l1d
19 26 5 l1d
8 23 5 l1d
21 63 8 l1d
11 34 5 l1d
27 23 7 l1d
8 57 8 l1d
32 61 7 l1d
28 16 6 l1d
0 42 3 l1d
12 42 8 l1d
5 23 3 l1d
1 1 3 l1d
1 6 2 l1d
