6 0 2 l1d
7 21 3 l1d
13 11 5 l1d
13 30 2 l1d
13 26 6 l1d
23 40 0 l1d
11 34 4 l1d
6 25 4 l1d
29 12 1 l1d
20 46 2 l1d
16 16 6 l1d
9 59 7 l1d
21 12 8 l1d
8 45 1 l1d
4 38 2 l1d
13 48 5 l1d
18 45 5 l1d
30 37 5 l1d
26 27 8 l1d
8 8 1 l1d
26 34 8 l1d
16 20 7 l1d
3 46 4 l1d
17 24 3 l1d
24 38 1 l1d
19 6 4 l1d
28 42 4 l1d
26 36 7 l1d
12 45 2 l1d
14 2 0 l1d
7 32 6 l1d
28 52 0 l1d
29 1 4 l1d
4 30 2 l1d
26 41 1 l1d
20 63 7 l1d
11 6 0 l1d
21 59 1 l1d
4 25 7 l1d
5 26 5 l1d
7 33 8 l1d
29 2 1 l1d
31 1 8 l1d
29 44 0 l1d
18 20 3 l1d
25 47 3 l1d
0 7 7 l1d
30 32 3 l1d
