27 52 3 l1d
30 34 2 l1d
5 9 7 l1d
11 64 4 l1d
6 53 5 l1d
1 33 8 l1d
4 27 4 l1d
3 14 2 l1d
10 15 5 l1d
30 31 5 l1d
31 8 6 l1d
24 50 4 l1d
2 20 1 l1d
3 62 5 l1d
17 18 1 l1d
20 14 6 l1d
30 0 8 l1d
2 41 2 l1d
11 50 6 l1d
21 56 1 l1d
22 10 6 l1d
7 15 6 l1d
14 47 4 l1d
14 47 0 l1d
21 50 3 l1d
21 9 2 l1d
15 63 2 l1d
28 23 5 l1d
18 19 5 l1d
3 26 4 l1d
17 28 6 l1d
13 23 5 l1d
27 1 1 l1d
7 22 2 l1d
23 23 8 l1d
2 44 4 l1d
31 50 0 l1d
31 30 0 l1d
2 34 7 l1d
14 22 0 l1d
15 10 7 l1d
25 1 0 l1d
16 22 2 l1d
27 14 0 l1d
7 40 8 l1d
7 8 3 l1d
14 39 5 l1d
30 45 7 l1d
8 6 6 l1d
10 12 4 l1d
17 55 1 l1d
3 8 4 l1d
32 17 7 l1d
12 27 4 l1d
7 34 1 l1d
1 61 6 l1d
28 56 0 l1d
12 51 6 l1d
4 23 2 l1d
23 0 2 l1d
5 32 1 l1d
9 10 6 l1d
15 40 2 l1d
10 62 3 l1d
6 33 5 l1d
29 24 4 l1d
19 23 1 l1d
8 17 5 l1d
5 18 3 l1d
19 33 8 l1d
7 43 1 l1d
14 11 8 l1d
12 28 3 l1d
10 11 0 l1d
23 38 4 l1d
28 2 3 l1d
32 35 0 l1d
21 64 5 l1d
29 35 4 l1d
5 50 5 l1d
1 60 5 l1d
17 20 5 l1d
3 0 5 l1d
21 7 4 l1d
29 22 2 l1d
9 31 7 l1d
4 41 8 l1d
20 33 2 l1d
15 48 3 l1d
30 40 0 l1d
16 63 0 l1d
15 63 5 l1d
11 15 4 l1d
23 57 8 l1d
30 63 3 l1d
13 56 1 l1d
19 40 3 l1d
9 35 1 l1d
19 51 4 l1d
7 40 3 l1d
27 25 1 l1d
27 59 2 l1d
9 51 2 l1d
30 19 1 l1d
9 55 0 l1d
26 52 8 l1d
23 49 8 l1d
1 34 1 l1d
8 51 1 l1d
15 28 5 l1d
31 22 5 l1d
11 55 7 l1d
22 17 2 l1d
12 62 5 l1d
6 36 0 l1d
6 34 5 l1d
5 4 8 l1d
15 57 4 l1d
22 56 2 l1d
4 4 2 l1d
25 9 2 l1d
10 48 2 l1d
20 43 6 l1d
17 23 5 l1d
28 14 8 l1d
4 11 8 l1d
29 7 1 l1d
17 53 7 l1d
18 25 4 l1d
31 26 2 l1d
19 27 4 l1d
30 32 1 l1d
27 10 2 l1d
29 10 7 l1d
20 14 1 l1d
21 32 1 l1d
22 6 6 l1d
0 17 8 l1d
18 46 0 l1d
31 1 8 l1d
3 10 1 l1d
12 40 8 l1d
17 33 0 l1d
18 57 7 l1d
3 13 8 l1d
20 35 7 l1d
