1 40 0 l1d
22 36 8 l1d
10 44 3 l1d
26 62 5 l1d
11 1 5 l1d
17 25 3 l1d
14 18 0 l1d
22 14 8 l1d
17 35 3 l1d
23 51 7 l1d
2 34 3 l1d
14 7 5 l1d
30 46 2 l1d
30 11 6 l1d
3 7 2 l1d
27 31 1 l1d
27 45 8 l1d
14 5 7 l1d
5 21 8 l1d
6 9 2 l1d
31 23 0 l1d
28 39 0 l1d
15 56 6 l1d
24 27 5 l1d
19 4 2 l1d
3 5 3 l1d
22 31 8 l1d
31 58 1 l1d
27 37 8 l1d
5 31 0 l1d
17 40 7 l1d
24 58 7 l1d
17 5 7 l1d
16 11 2 l1d
24 7 1 l1d
13 16 4 l1d
31 55 3 l1d
12 38 5 l1d
1 16 1 l1d
31 28 4 l1d
27 43 0 l1d
19 2 3 l1d
22 32 7 l1d
0 51 0 l1d
15 42 3 l1d
28 17 0 l1d
24 3 4 l1d
6 4 6 l1d
13 9 2 l1d
26 3 2 l1d
30 57 4 l1d
16 62 8 l1d
31 62 1 l1d
28 19 0 l1d
29 42 2 l1d
9 1 1 l1d
25 6 7 l1d
13 21 3 l1d
26 64 3 l1d
6 7 3 l1d
16 39 1 l1d
18 60 8 l1d
25 21 3 l1d
0 20 5 l1d
1 19 3 l1d
7 26 3 l1d
11 56 7 l1d
32 30 1 l1d
0 35 1 l1d
2 44 3 l1d
12 23 2 l1d
2 62 0 l1d
19 39 8 l1d
25 7 1 l1d
32 1 8 l1d
23 64 6 l1d
29 4 3 l1d
18 3 8 l1d
31 22 3 l1d
27 51 4 l1d
32 0 7 l1d
21 18 6 l1d
5 20 6 l1d
25 11 3 l1d
20 50 5 l1d
24 0 0 l1d
5 40 7 l1d
1 7 4 l1d
19 30 4 l1d
25 10 5 l1d
3 28 8 l1d
17 20 3 l1d
0 23 5 l1d
14 32 4 l1d
28 43 3 l1d
12 7 5 l1d
19 60 0 l1d
26 45 7 l1d
2 21 4 l1d
7 28 1 l1d
4 33 0 l1d
9 62 3 l1d
3 12 3 l1d
5 25 8 l1d
31 42 6 l1d
29 16 4 l1d
25 48 7 l1d
9 46 6 l1d
17 18 8 l1d
1 63 0 l1d
20 38 3 l1d
28 25 8 l1d
27 1 0 l1d
32 43 2 l1d
13 1 4 l1d
20 32 5 l1d
28 18 1 l1d
30 56 0 l1d
0 61 6 l1d
5 9 4 l1d
26 37 2 l1d
4 40 5 l1d
28 22 4 l1d
2 28 7 l1d
18 20 0 l1d
11 42 8 l1d
4 34 4 l1d
30 62 3 l1d
19 58 3 l1d
27 20 6 l1d
19 53 6 l1d
26 5 8 l1d
30 34 5 l1d
25 35 4 l1d
30 9 4 l1d
7 59 1 l1d
25 18 7 l1d
27 61 5 l1d
28 34 8 l1d
28 54 2 l1d
26 20 3 l1d
2 33 0 l1d
1 59 1 l1d
28 15 0 l1d
3 62 1 l1d
21 36 1 l1d
13 6 2 l1d
16 6 3 l1d
13 30 1 l1d
23 6 2 l1d
