4 2 8 l1d
28 58 1 l1d
6 30 7 l1d
17 59 3 l1d
21 8 5 l1d
17 31 3 l1d
23 40 2 l1d
22 2 5 l1d
16 60 4 l1d
25 20 7 l1d
14 61 8 l1d
7 36 8 l1d
27 2 7 l1d
32 22 1 l1d
3 35 5 l1d
25 63 8 l1d
4 11 5 l1d
24 34 4 l1d
2 22 7 l1d
28 43 5 l1d
13 56 4 l1d
28 40 2 l1d
16 63 7 l1d
32 26 8 l1d
20 28 1 l1d
32 12 6 l1d
12 29 7 l1d
9 15 7 l1d
3 8 5 l1d
19 34 1 l1d
0 58 3 l1d
24 0 6 l1d
5 0 5 l1d
9 44 0 l1d
16 38 0 l1d
16 42 1 l1d
11 2 3 l1d
5 1 4 l1d
32 9 3 l1d
13 3 0 l1d
9 60 7 l1d
19 28 8 l1d
21 58 0 l1d
3 1 5 l1d
31 0 8 l1d
16 63 3 l1d
13 48 3 l1d
12 28 6 l1d
2 8 4 l1d
31 4 1 l1d
13 33 2 l1d
14 35 5 l1d
31 64 2 l1d
0 56 5 l1d
26 3 1 l1d
8 41 1 l1d
5 25 4 l1d
29 37 2 l1d
19 61 8 l1d
26 49 5 l1d
23 28 7 l1d
17 26 8 l1d
14 2 1 l1d
8 34 7 l1d
28 19 8 l1d
8 58 5 l1d
22 15 8 l1d
32 22 2 l1d
32 8 8 l1d
10 49 6 l1d
31 53 5 l1d
26 17 2 l1d
21 47 3 l1d
24 22 3 l1d
27 62 3 l1d
4 61 4 l1d
9 27 8 l1d
4 30 8 l1d
15 10 1 l1d
9 11 2 l1d
26 57 6 l1d
14 61 2 l1d
25 12 3 l1d
9 14 0 l1d
30 29 2 l1d
23 29 7 l1d
4 7 4 l1d
1 17 5 l1d
7 0 7 l1d
32 1 5 l1d
1 22 5 l1d
0 61 1 l1d
10 1 5 l1d
8 32 3 l1d
21 37 1 l1d
15 5 8 l1d
27 19 6 l1d
10 46 6 l1d
25 41 5 l1d
8 1 3 l1d
5 32 6 l1d
7 34 8 l1d
