23 52 8 l1d
25 32 8 l1d
14 11 1 l1d
12 5 0 l1d
4 56 7 l1d
21 38 8 l1d
22 13 6 l1d
0 10 2 l1d
25 46 3 l1d
9 19 6 l1d
28 33 4 l1d
14 22 0 l1d
13 1 2 l1d
21 54 5 l1d
9 34 8 l1d
4 21 8 l1d
32 26 6 l1d
13 26 1 l1d
4 59 1 l1d
19 61 3 l1d
12 1 6 l1d
5 63 1 l1d
5 64 6 l1d
6 25 8 l1d
4 4 1 l1d
6 54 8 l1d
7 36 7 l1d
21 18 4 l1d
25 31 3 l1d
17 0 2 l1d
13 6 4 l1d
3 37 6 l1d
9 31 8 l1d
29 14 1 l1d
16 0 3 l1d
0 42 5 l1d
26 16 6 l1d
11 5 1 l1d
17 19 4 l1d
3 40 0 l1d
8 49 3 l1d
18 52 4 l1d
13 14 4 l1d
19 32 6 l1d
29 28 4 l1d
12 8 3 l1d
17 38 4 l1d
9 32 1 l1d
11 9 0 l1d
11 52 1 l1d
6 27 5 l1d
10 16 7 l1d
29 43 4 l1d
12 33 4 l1d
21 43 2 l1d
24 54 4 l1d
0 24 4 l1d
7 60 6 l1d
7 47 1 l1d
3 14 7 l1d
16 62 8 l1d
16 21 4 l1d
15 33 4 l1d
3 19 5 l1d
26 47 4 l1d
15 50 4 l1d
9 47 0 l1d
31 32 4 l1d
31 35 6 l1d
26 53 8 l1d
28 64 7 l1d
12 10 2 l1d
17 8 6 l1d
12 29 4 l1d
24 57 2 l1d
29 29 7 l1d
12 4 4 l1d
6 38 2 l1d
4 5 3 l1d
29 33 3 l1d
18 5 2 l1d
9 44 0 l1d
5 36 0 l1d
27 5 3 l1d
10 16 0 l1d
24 49 6 l1d
8 37 2 l1d
2 50 0 l1d
26 30 4 l1d
7 27 1 l1d
22 25 7 l1d
31 56 0 l1d
31 41 1 l1d
29 20 8 l1d
32 30 2 l1d
21 15 0 l1d
