20 13 0 l1d
16 9 3 l1d
6 30 2 l1d
9 62 5 l1d
16 4 1 l1d
9 55 8 l1d
27 40 3 l1d
31 14 1 l1d
22 47 3 l1d
32 38 0 l1d
28 30 6 l1d
27 26 4 l1d
0 36 2 l1d
4 19 5 l1d
22 19 3 l1d
11 47 3 l1d
24 52 0 l1d
19 19 6 l1d
3 64 4 l1d
12 20 5 l1d
9 47 4 l1d
18 54 1 l1d
24 59 6 l1d
11 4 0 l1d
13 27 8 l1d
12 64 8 l1d
23 18 2 l1d
4 1 4 l1d
5 61 8 l1d
27 53 0 l1d
18 15 4 l1d
16 64 4 l1d
8 2 4 l1d
23 1 4 l1d
6 7 8 l1d
20 49 3 l1d
7 22 3 l1d
9 40 6 l1d
12 22 0 l1d
12 10 4 l1d
0 48 0 l1d
4 36 4 l1d
8 42 3 l1d
23 41 8 l1d
31 54 7 l1d
6 35 1 l1d
17 19 2 l1d
28 7 4 l1d
11 41 4 l1d
19 53 3 l1d
6 44 6 l1d
5 25 8 l1d
17 6 3 l1d
13 17 8 l1d
