27 13 7 l1d
20 55 8 l1d
22 30 6 l1d
13 34 4 l1d
27 63 0 l1d
24 14 8 l1d
32 0 2 l1d
22 46 4 l1d
30 6 8 l1d
19 45 4 l1d
32 50 1 l1d
25 53 8 l1d
0 41 8 l1d
20 7 5 l1d
26 47 0 l1d
21 17 5 l1d
7 2 7 l1d
28 14 8 l1d
5 28 2 l1d
3 26 4 l1d
25 5 8 l1d
12 37 0 l1d
0 6 6 l1d
22 20 6 l1d
22 59 2 l1d
21 62 6 l1d
20 54 7 l1d
20 63 7 l1d
0 40 2 l1d
31 48 7 l1d
4 55 2 l1d
26 53 0 l1d
25 40 8 l1d
24 46 5 l1d
11 5 7 l1d
30 37 5 l1d
5 5 8 l1d
7 45 4 l1d
5 51 1 l1d
17 11 6 l1d
27 63 6 l1d
26 6 3 l1d
11 38 2 l1d
20 46 4 l1d
6 17 4 l1d
0 28 7 l1d
9 14 5 l1d
0 62 8 l1d
1 36 4 l1d
3 63 8 l1d
6 22 4 l1d
22 32 4 l1d
10 35 2 l1d
28 17 6 l1d
24 9 1 l1d
31 31 4 l1d
1 10 5 l1d
31 54 4 l1d
