0 707392 56 3 324204243 0 0 l1d
0 9280 2 6 264074350 0 1 l1d
1 11584 52 2 218933314 315670799 0 l1d
0 1458752 43 4 245807541 0 1 l1d
2 707328 52 4 0 0 0 l1d
1 843456 18 1 319559910 321331132 1 l1d
1 851776 54 5 109907168 199921762 1 l1d
1 1809088 62 3 269241520 313542548 0 l1d
0 1821504 48 7 275618048 0 1 l1d
0 850944 60 2 151688700 0 0 l1d
0 557824 16 6 325980809 0 0 l1d
1 1810624 38 6 130444079 245094281 1 l1d
2 1351232 15 1 0 0 0 l1d
0 1804224 63 2 240454607 0 1 l1d
2 1319104 6 0 0 0 1 l1d
1 557568 41 4 215805868 302435845 1 l1d
0 755776 42 4 4315919 0 0 l1d
2 1142080 63 4 0 0 0 l1d
1 1812928 0 5 95858984 113783173 1 l1d
0 636608 29 2 209716980 0 1 l1d
0 636736 11 4 102619034 0 0 l1d
0 14912 2 6 79845157 0 0 l1d
2 636096 12 7 0 0 1 l1d
2 819904 45 7 0 0 1 l1d
1 1331904 12 3 40141956 160965710 1 l1d
1 1833664 13 5 235332967 285880657 0 l1d
0 1331712 60 7 160865003 0 1 l1d
1 1838464 37 3 239310067 305942330 1 l1d
2 1068992 56 4 0 0 0 l1d
0 649600 23 1 309743508 0 1 l1d
1 1816128 47 1 23743501 218337790 0 l1d
1 1140416 26 5 241177943 263093745 1 l1d
2 532416 12 6 0 0 1 l1d
1 79808 61 2 96664894 186602742 1 l1d
0 1141440 54 3 266956299 0 0 l1d
1 517632 26 6 294740057 302702959 0 l1d
0 278848 6 0 226088763 0 0 l1d
0 16384 12 4 77917338 0 1 l1d
1 819904 53 0 159203189 173210345 0 l1d
1 1820736 4 1 203072753 222425974 0 l1d
0 1146880 41 5 187396521 0 1 l1d
2 757632 14 3 0 0 0 l1d
0 72512 60 4 48731485 0 0 l1d
0 831232 45 6 281838282 0 0 l1d
0 1068416 18 1 236757614 0 1 l1d
1 1809984 32 5 281663067 284924208 0 l1d
0 533888 31 2 318200382 0 0 l1d
2 652608 7 1 0 0 1 l1d
2 1773056 32 1 0 0 1 l1d
1 1142912 37 1 39343064 169892721 1 l1d
0 1820544 8 4 276761567 0 0 l1d
0 1818688 34 7 200622943 0 1 l1d
2 1664 19 1 0 0 1 l1d
0 270336 19 2 187819152 0 1 l1d
1 651904 52 0 159656478 211998434 0 l1d
1 6528 12 7 249999783 306537904 1 l1d
2 557824 23 2 0 0 0 l1d
0 9216 20 6 44637079 0 1 l1d
1 548416 14 6 281682433 296346121 1 l1d
0 791168 0 4 247807676 0 0 l1d
1 848000 23 6 258600368 314952194 0 l1d
1 11456 40 0 207507249 302540083 0 l1d
0 1141888 23 7 301968145 0 0 l1d
1 1141888 25 2 218625276 236213818 0 l1d
2 518464 19 0 0 0 1 l1d
1 536000 39 1 44234381 152116271 0 l1d
0 636032 60 2 215177923 0 0 l1d
1 293120 43 5 185787080 278551950 0 l1d
2 1351744 18 6 0 0 1 l1d
1 4352 53 2 115372569 227279839 0 l1d
1 821376 11 6 229785667 301061922 1 l1d
1 1811648 42 3 219963100 319985838 1 l1d
1 819328 10 1 7568238 74691941 1 l1d
0 386240 59 7 80685469 0 1 l1d
1 791616 25 0 185590011 320274011 1 l1d
1 819264 63 4 211821163 247109444 0 l1d
2 706752 58 7 0 0 0 l1d
0 1820800 48 0 25345488 0 0 l1d
1 1125568 34 0 256468255 323943749 1 l1d
0 1826112 10 5 306439041 0 0 l1d
0 1276736 35 4 218665395 0 0 l1d
2 706752 37 6 0 0 0 l1d
1 830784 51 5 130758370 295288396 0 l1d
1 819904 35 5 136119903 243464436 1 l1d
0 1818624 19 7 128307772 0 0 l1d
2 1827520 58 6 0 0 1 l1d
0 651520 6 7 130353951 0 1 l1d
2 1824896 28 4 0 0 1 l1d
2 11968 0 1 0 0 1 l1d
2 757632 43 1 0 0 0 l1d
2 1142784 2 4 0 0 0 l1d
1 706944 35 3 294301485 305560563 0 l1d
0 817856 63 5 39271465 0 1 l1d
0 910336 13 7 48790019 0 0 l1d
2 829696 57 2 0 0 1 l1d
1 1822912 41 2 281854020 316500059 1 l1d
0 1809728 5 1 256917813 0 0 l1d
0 4608 27 5 48113710 0 1 l1d
2 552832 22 5 0 0 1 l1d
2 638592 53 1 0 0 1 l1d
0 1823808 33 3 95269293 0 0 l1d
1 1146944 41 4 61653844 313394275 0 l1d
1 1768384 24 6 149502875 286582348 0 l1d
2 537600 45 2 0 0 0 l1d
2 781184 16 0 0 0 0 l1d
2 16768 22 3 0 0 1 l1d
0 279424 13 1 277943739 0 1 l1d
1 1848448 46 7 52316019 146779546 0 l1d
1 851328 15 6 237372485 322240404 0 l1d
2 807744 7 1 0 0 0 l1d
1 1360448 4 2 238747730 274733435 0 l1d
2 636096 34 0 0 0 0 l1d
0 1806144 49 2 87244052 0 1 l1d
2 2304 46 4 0 0 1 l1d
1 706560 44 7 227592533 317480794 1 l1d
0 822720 20 2 268276860 0 1 l1d
0 1143232 9 5 108126584 0 0 l1d
0 1811136 1 1 55941725 0 0 l1d
2 1811840 7 0 0 0 1 l1d
0 1140736 45 2 4700069 0 1 l1d
1 819840 5 6 159828268 166791002 1 l1d
1 1810240 9 2 253253849 263010595 1 l1d
1 1804096 13 5 211844509 241806551 1 l1d
2 818432 55 6 0 0 1 l1d
0 781248 25 3 232243681 0 0 l1d
1 1824064 0 2 55048203 270358254 0 l1d
2 781376 61 3 0 0 1 l1d
2 647808 31 0 0 0 1 l1d
