0 46 6 l1d
0 47 6 l1d
2 20 2 l1d
2 21 2 l1d
3 56 2 l1d
3 57 2 l1d
4 54 4 l1d
4 55 4 l1d
5 52 0 l1d
5 53 0 l1d
5 60 0 l1d
5 61 0 l1d
8 16 0 l1d
8 17 0 l1d
9 48 0 l1d
9 49 0 l1d
9 60 0 l1d
9 61 0 l1d
10 6 4 l1d
10 7 4 l1d
12 38 4 l1d
12 39 4 l1d
13 55 7 l1d
13 56 6 l1d
16 34 2 l1d
16 35 2 l1d
16 47 6 l1d
16 48 6 l1d
16 50 2 l1d
16 51 2 l1d
17 6 2 l1d
17 7 2 l1d
17 58 2 l1d
17 59 2 l1d
18 34 2 l1d
18 35 2 l1d
18 38 2 l1d
18 39 2 l1d
19 34 2 l1d
19 35 2 l1d
19 46 2 l1d
19 47 2 l1d
21 5 4 l1d
21 6 4 l1d
21 9 4 l1d
21 10 4 l1d
21 29 4 l1d
21 30 4 l1d
21 61 4 l1d
21 62 4 l1d
22 41 4 l1d
22 42 4 l1d
22 45 1 l1d
22 45 4 l1d
22 46 1 l1d
22 46 4 l1d
23 21 4 l1d
23 22 4 l1d
23 33 1 l1d
23 34 1 l1d
24 1 4 l1d
24 2 4 l1d
24 5 3 l1d
24 6 2 l1d
24 12 5 l1d
24 13 5 l1d
24 21 0 l1d
24 22 0 l1d
24 37 0 l1d
24 38 0 l1d
24 45 0 l1d
24 46 0 l1d
25 24 7 l1d
25 25 6 l1d
25 44 6 l1d
25 45 6 l1d
25 52 6 l1d
25 53 6 l1d
26 36 6 l1d
26 37 6 l1d
27 28 6 l1d
27 29 6 l1d
28 44 4 l1d
28 45 4 l1d
28 48 1 l1d
28 49 1 l1d
29 4 4 l1d
29 5 4 l1d
29 44 4 l1d
29 45 4 l1d
29 52 4 l1d
29 53 4 l1d
