0 18 5 l1d
0 19 5 l1d
3 6 5 l1d
3 7 5 l1d
3 14 5 l1d
3 15 5 l1d
3 18 5 l1d
3 19 5 l1d
4 34 5 l1d
4 35 5 l1d
4 58 5 l1d
4 59 5 l1d
7 50 5 l1d
7 51 5 l1d
8 18 5 l1d
8 19 5 l1d
12 34 5 l1d
12 35 5 l1d
14 34 5 l1d
14 35 5 l1d
14 54 5 l1d
14 55 5 l1d
15 22 5 l1d
15 23 5 l1d
16 54 5 l1d
16 55 5 l1d
18 18 5 l1d
18 19 5 l1d
18 42 5 l1d
18 43 5 l1d
18 62 5 l1d
18 63 5 l1d
19 26 5 l1d
19 27 5 l1d
19 38 5 l1d
19 39 5 l1d
27 30 5 l1d
27 31 5 l1d
28 42 5 l1d
28 43 5 l1d
29 38 5 l1d
29 39 5 l1d
30 18 5 l1d
30 19 5 l1d
30 50 5 l1d
30 51 5 l1d
