0 22 1 l1d
0 23 1 l1d
0 34 1 l1d
0 35 1 l1d
0 46 1 l1d
0 47 1 l1d
2 5 7 l1d
2 6 7 l1d
2 9 7 l1d
2 10 7 l1d
2 33 7 l1d
2 34 7 l1d
3 25 1 l1d
3 26 1 l1d
4 20 7 l1d
4 21 7 l1d
5 32 1 l1d
5 33 1 l1d
8 35 7 l1d
8 36 7 l1d
9 39 7 l1d
9 40 7 l1d
10 23 5 l1d
10 24 5 l1d
12 59 3 l1d
12 60 3 l1d
14 31 3 l1d
14 32 3 l1d
14 51 3 l1d
14 52 3 l1d
14 55 3 l1d
14 56 3 l1d
15 19 3 l1d
15 20 3 l1d
15 23 3 l1d
15 24 3 l1d
16 47 3 l1d
16 48 3 l1d
20 38 7 l1d
20 39 7 l1d
30 54 5 l1d
30 55 5 l1d
31 14 5 l1d
31 15 5 l1d
