1 60 5 l1d
1 61 5 l1d
4 52 5 l1d
4 53 5 l1d
4 56 5 l1d
4 57 5 l1d
5 28 5 l1d
5 29 5 l1d
10 36 5 l1d
10 37 5 l1d
11 0 5 l1d
11 1 5 l1d
17 40 5 l1d
17 41 5 l1d
20 12 5 l1d
20 13 5 l1d
20 16 5 l1d
20 17 5 l1d
20 36 5 l1d
20 37 5 l1d
20 40 3 l1d
20 40 5 l1d
20 41 3 l1d
20 41 5 l1d
20 44 5 l1d
20 45 5 l1d
20 48 5 l1d
20 49 5 l1d
21 52 5 l1d
21 53 5 l1d
22 0 5 l1d
22 1 5 l1d
22 28 5 l1d
22 29 5 l1d
24 0 5 l1d
24 1 5 l1d
24 12 5 l1d
24 13 5 l1d
24 32 5 l1d
24 33 5 l1d
24 36 5 l1d
24 37 5 l1d
25 32 5 l1d
25 33 5 l1d
25 36 5 l1d
25 37 5 l1d
25 48 5 l1d
25 49 5 l1d
26 36 5 l1d
26 37 5 l1d
26 48 5 l1d
26 49 5 l1d
26 52 5 l1d
26 53 5 l1d
27 0 5 l1d
27 1 5 l1d
27 4 5 l1d
27 5 5 l1d
27 8 5 l1d
27 9 5 l1d
27 12 5 l1d
27 13 5 l1d
27 16 5 l1d
27 17 5 l1d
27 28 5 l1d
27 29 5 l1d
28 4 5 l1d
28 5 5 l1d
28 24 5 l1d
28 25 5 l1d
29 4 5 l1d
29 5 5 l1d
29 12 5 l1d
29 13 5 l1d
29 16 3 l1d
29 16 5 l1d
29 17 3 l1d
29 17 5 l1d
29 20 5 l1d
29 21 5 l1d
29 24 5 l1d
29 25 5 l1d
30 4 5 l1d
30 5 5 l1d
