0 0 7 l1d
0 1 7 l1d
0 50 6 l1d
0 51 6 l1d
2 18 7 l1d
2 19 7 l1d
3 6 7 l1d
3 7 7 l1d
3 58 7 l1d
3 59 7 l1d
6 42 7 l1d
6 43 7 l1d
7 14 7 l1d
7 15 7 l1d
7 18 7 l1d
7 19 7 l1d
8 62 7 l1d
8 63 7 l1d
9 50 7 l1d
9 51 7 l1d
9 58 7 l1d
9 59 7 l1d
9 62 7 l1d
9 63 7 l1d
13 26 7 l1d
13 27 7 l1d
13 62 7 l1d
13 63 7 l1d
14 10 7 l1d
14 11 7 l1d
14 62 7 l1d
14 63 7 l1d
15 18 7 l1d
15 19 7 l1d
15 22 7 l1d
15 23 7 l1d
15 26 7 l1d
15 27 7 l1d
19 10 7 l1d
19 11 7 l1d
23 10 7 l1d
23 11 7 l1d
27 42 7 l1d
27 43 7 l1d
28 26 7 l1d
28 27 7 l1d
