1 26 1 l1d
1 27 1 l1d
10 38 1 l1d
10 39 1 l1d
17 22 1 l1d
17 23 1 l1d
17 38 1 l1d
17 39 1 l1d
18 26 1 l1d
18 27 1 l1d
18 30 1 l1d
18 31 1 l1d
18 54 1 l1d
18 55 1 l1d
19 6 1 l1d
19 7 1 l1d
19 14 1 l1d
19 15 1 l1d
19 18 1 l1d
19 19 1 l1d
20 22 1 l1d
20 23 1 l1d
20 54 1 l1d
20 55 1 l1d
20 58 1 l1d
20 59 1 l1d
21 26 1 l1d
21 27 1 l1d
21 34 1 l1d
21 35 1 l1d
23 18 1 l1d
23 19 1 l1d
23 34 1 l1d
23 35 1 l1d
23 38 1 l1d
23 39 1 l1d
24 18 1 l1d
24 19 1 l1d
24 46 1 l1d
24 47 1 l1d
25 30 1 l1d
25 31 1 l1d
25 34 1 l1d
25 35 1 l1d
25 38 1 l1d
25 39 1 l1d
25 42 1 l1d
25 43 1 l1d
25 58 1 l1d
25 59 1 l1d
26 18 1 l1d
26 19 1 l1d
26 22 1 l1d
26 23 1 l1d
26 30 1 l1d
26 31 1 l1d
27 21 7 l1d
27 22 7 l1d
27 25 7 l1d
27 26 7 l1d
27 29 7 l1d
27 30 7 l1d
27 53 7 l1d
27 54 7 l1d
27 57 7 l1d
27 58 7 l1d
28 17 7 l1d
28 18 7 l1d
28 21 7 l1d
28 22 7 l1d
29 53 7 l1d
29 54 7 l1d
30 17 7 l1d
30 18 7 l1d
30 21 7 l1d
30 22 7 l1d
30 53 7 l1d
30 54 7 l1d
31 21 7 l1d
31 22 7 l1d
31 25 7 l1d
31 26 7 l1d
31 29 7 l1d
31 30 7 l1d
