10 44 6 l1d
10 45 6 l1d
16 24 2 l1d
16 25 2 l1d
16 40 4 l1d
16 41 4 l1d
16 52 1 l1d
16 53 1 l1d
16 56 1 l1d
16 57 1 l1d
17 8 4 l1d
17 9 4 l1d
17 20 1 l1d
17 20 4 l1d
17 21 1 l1d
17 21 4 l1d
17 24 1 l1d
17 24 4 l1d
17 25 1 l1d
17 25 4 l1d
17 28 1 l1d
17 29 1 l1d
18 24 1 l1d
18 25 1 l1d
21 24 1 l1d
21 25 1 l1d
21 28 1 l1d
21 29 1 l1d
22 24 1 l1d
22 25 1 l1d
22 32 4 l1d
22 33 4 l1d
23 56 1 l1d
23 57 1 l1d
24 20 1 l1d
24 21 1 l1d
24 24 1 l1d
24 25 1 l1d
24 36 1 l1d
24 36 4 l1d
24 37 1 l1d
24 37 4 l1d
24 40 5 l1d
24 41 5 l1d
25 20 4 l1d
25 21 4 l1d
27 32 4 l1d
27 33 4 l1d
27 52 1 l1d
27 53 1 l1d
29 48 4 l1d
29 49 4 l1d
30 0 1 l1d
30 1 1 l1d
31 32 1 l1d
31 33 1 l1d
31 60 1 l1d
31 61 1 l1d
