0 48 3 l1d
0 49 3 l1d
1 12 3 l1d
1 13 3 l1d
1 16 3 l1d
1 17 3 l1d
1 20 3 l1d
1 21 3 l1d
1 39 7 l1d
1 40 7 l1d
2 43 7 l1d
2 44 7 l1d
2 47 7 l1d
2 48 7 l1d
3 23 7 l1d
3 24 7 l1d
3 27 7 l1d
3 28 7 l1d
4 63 7 l1d
5 0 7 l1d
5 3 7 l1d
5 4 7 l1d
5 8 2 l1d
5 9 2 l1d
5 31 7 l1d
5 32 7 l1d
6 39 7 l1d
6 40 7 l1d
6 43 7 l1d
6 44 2 l1d
6 44 7 l1d
6 45 2 l1d
6 47 7 l1d
6 48 7 l1d
7 11 7 l1d
7 12 7 l1d
7 15 7 l1d
7 16 7 l1d
7 19 7 l1d
7 20 7 l1d
7 23 7 l1d
7 24 7 l1d
8 15 7 l1d
8 16 7 l1d
8 23 7 l1d
8 24 7 l1d
8 27 7 l1d
8 28 7 l1d
8 39 7 l1d
8 40 7 l1d
9 7 7 l1d
9 8 7 l1d
9 15 7 l1d
9 16 7 l1d
9 27 7 l1d
9 28 7 l1d
9 31 7 l1d
9 32 7 l1d
10 55 7 l1d
10 56 7 l1d
10 59 7 l1d
10 60 7 l1d
11 7 7 l1d
11 8 7 l1d
12 23 7 l1d
12 24 7 l1d
12 39 7 l1d
12 40 7 l1d
13 23 7 l1d
13 24 7 l1d
13 63 7 l1d
14 0 7 l1d
14 3 7 l1d
14 4 7 l1d
14 7 7 l1d
14 8 6 l1d
14 11 5 l1d
14 12 4 l1d
14 15 3 l1d
14 15 6 l1d
14 16 3 l1d
14 16 6 l1d
15 11 4 l1d
15 12 4 l1d
15 15 1 l1d
15 16 1 l1d
15 31 1 l1d
15 32 1 l1d
16 43 1 l1d
16 44 1 l1d
17 31 1 l1d
17 32 1 l1d
18 31 1 l1d
18 32 1 l1d
19 15 1 l1d
19 16 1 l1d
19 23 1 l1d
19 24 1 l1d
19 47 1 l1d
19 48 1 l1d
22 23 1 l1d
22 24 1 l1d
22 31 1 l1d
22 32 1 l1d
23 23 1 l1d
23 24 1 l1d
23 27 1 l1d
23 28 1 l1d
23 31 4 l1d
23 32 4 l1d
23 59 1 l1d
23 60 1 l1d
24 63 1 l1d
25 0 1 l1d
25 59 1 l1d
25 60 1 l1d
26 23 1 l1d
26 24 1 l1d
27 7 1 l1d
27 8 1 l1d
27 15 1 l1d
27 16 1 l1d
27 19 1 l1d
27 20 1 l1d
27 63 1 l1d
28 0 1 l1d
28 23 1 l1d
28 24 1 l1d
31 51 1 l1d
31 52 1 l1d
