16 53 0 l1d
16 54 0 l1d
16 57 0 l1d
16 58 0 l1d
16 61 0 l1d
16 62 0 l1d
17 1 0 l1d
17 2 0 l1d
17 25 0 l1d
17 26 0 l1d
17 29 0 l1d
17 30 0 l1d
17 53 0 l1d
17 54 0 l1d
19 5 0 l1d
19 6 0 l1d
19 29 0 l1d
19 30 0 l1d
19 49 0 l1d
19 50 0 l1d
20 17 0 l1d
20 18 0 l1d
21 17 0 l1d
21 18 0 l1d
22 40 7 l1d
22 41 0 l1d
22 41 7 l1d
22 42 0 l1d
23 21 0 l1d
23 22 0 l1d
23 60 6 l1d
23 61 6 l1d
24 4 6 l1d
24 5 6 l1d
24 12 6 l1d
24 13 6 l1d
24 48 6 l1d
24 49 6 l1d
24 52 6 l1d
24 53 6 l1d
24 60 6 l1d
24 61 6 l1d
25 16 6 l1d
25 17 6 l1d
25 20 6 l1d
25 21 6 l1d
25 52 6 l1d
25 53 6 l1d
26 16 6 l1d
26 17 6 l1d
26 28 6 l1d
26 29 6 l1d
26 32 6 l1d
26 33 6 l1d
26 56 6 l1d
26 57 6 l1d
26 60 6 l1d
26 61 6 l1d
27 4 6 l1d
27 5 6 l1d
27 8 6 l1d
27 9 6 l1d
27 44 6 l1d
27 45 6 l1d
28 32 5 l1d
28 33 5 l1d
28 52 5 l1d
28 52 6 l1d
28 53 5 l1d
28 53 6 l1d
28 60 6 l1d
28 61 6 l1d
29 0 5 l1d
29 1 5 l1d
29 24 6 l1d
29 25 6 l1d
29 28 6 l1d
29 29 6 l1d
29 44 5 l1d
29 45 5 l1d
30 20 6 l1d
30 21 6 l1d
30 24 5 l1d
30 25 5 l1d
30 28 6 l1d
30 29 6 l1d
30 56 6 l1d
30 57 6 l1d
31 24 6 l1d
31 25 6 l1d
