0 32 1 l1d
0 33 1 l1d
2 10 3 l1d
2 11 3 l1d
2 14 3 l1d
2 15 3 l1d
2 18 3 l1d
2 19 3 l1d
2 58 5 l1d
2 59 5 l1d
3 14 3 l1d
3 15 3 l1d
3 18 5 l1d
3 19 5 l1d
5 0 6 l1d
5 1 6 l1d
5 50 3 l1d
5 51 3 l1d
5 58 3 l1d
5 58 5 l1d
5 59 3 l1d
5 59 5 l1d
6 6 3 l1d
6 7 3 l1d
6 30 5 l1d
6 31 5 l1d
6 50 3 l1d
6 51 3 l1d
7 18 3 l1d
7 18 5 l1d
7 19 3 l1d
7 19 5 l1d
7 46 3 l1d
7 47 3 l1d
7 62 5 l1d
7 63 5 l1d
9 6 3 l1d
9 7 3 l1d
10 22 5 l1d
10 23 5 l1d
11 24 2 l1d
11 24 6 l1d
11 25 2 l1d
11 25 6 l1d
11 36 6 l1d
11 37 6 l1d
11 40 1 l1d
11 41 1 l1d
11 48 6 l1d
11 49 6 l1d
11 52 6 l1d
11 53 6 l1d
12 0 2 l1d
12 1 2 l1d
13 18 3 l1d
13 18 5 l1d
13 19 3 l1d
13 19 5 l1d
13 52 6 l1d
13 53 6 l1d
13 58 3 l1d
13 59 3 l1d
15 6 3 l1d
15 7 3 l1d
15 20 6 l1d
15 21 6 l1d
15 30 3 l1d
15 31 3 l1d
15 44 2 l1d
15 45 2 l1d
16 62 3 l1d
16 63 3 l1d
17 46 3 l1d
17 47 3 l1d
19 42 5 l1d
19 43 5 l1d
20 10 3 l1d
20 11 3 l1d
22 10 3 l1d
22 11 3 l1d
22 14 3 l1d
22 15 3 l1d
23 10 3 l1d
23 11 3 l1d
26 38 3 l1d
26 39 3 l1d
28 42 5 l1d
28 43 5 l1d
30 30 3 l1d
30 31 3 l1d
