0 50 5 l1d
0 51 5 l1d
1 18 5 l1d
1 19 5 l1d
1 62 5 l1d
1 63 5 l1d
2 10 5 l1d
2 11 5 l1d
2 14 5 l1d
2 15 5 l1d
2 34 5 l1d
2 35 5 l1d
2 38 5 l1d
2 39 5 l1d
2 50 5 l1d
2 51 5 l1d
4 2 5 l1d
4 3 5 l1d
4 34 5 l1d
4 35 5 l1d
5 34 5 l1d
5 35 5 l1d
6 22 5 l1d
6 23 5 l1d
6 30 5 l1d
6 31 5 l1d
6 34 5 l1d
6 35 5 l1d
6 42 5 l1d
6 43 5 l1d
6 46 5 l1d
6 47 5 l1d
7 18 5 l1d
7 19 5 l1d
7 42 5 l1d
7 43 5 l1d
7 62 5 l1d
7 63 5 l1d
8 14 5 l1d
8 15 5 l1d
8 18 5 l1d
8 19 5 l1d
9 2 5 l1d
9 3 5 l1d
9 14 5 l1d
9 15 5 l1d
9 18 5 l1d
9 19 5 l1d
11 46 5 l1d
11 47 5 l1d
12 6 5 l1d
12 7 5 l1d
12 26 5 l1d
12 27 5 l1d
12 54 5 l1d
12 55 5 l1d
13 18 5 l1d
13 19 5 l1d
15 2 5 l1d
15 3 5 l1d
15 18 5 l1d
15 19 5 l1d
16 22 5 l1d
16 23 5 l1d
17 18 5 l1d
17 19 5 l1d
20 30 5 l1d
20 31 5 l1d
20 50 5 l1d
20 51 5 l1d
21 18 5 l1d
21 19 5 l1d
21 22 5 l1d
21 23 5 l1d
22 18 5 l1d
22 19 5 l1d
23 26 5 l1d
23 27 5 l1d
24 62 5 l1d
24 63 5 l1d
25 30 5 l1d
25 31 5 l1d
26 50 5 l1d
26 51 5 l1d
26 58 5 l1d
26 59 5 l1d
26 62 5 l1d
26 63 5 l1d
28 22 5 l1d
28 23 5 l1d
28 26 5 l1d
28 27 5 l1d
29 18 5 l1d
29 19 5 l1d
29 34 5 l1d
29 35 5 l1d
30 18 5 l1d
30 19 5 l1d
31 18 5 l1d
31 19 5 l1d
