6 28 6 l1d
6 29 6 l1d
6 32 6 l1d
6 33 6 l1d
10 52 6 l1d
10 53 6 l1d
17 40 6 l1d
17 41 6 l1d
18 16 6 l1d
18 17 6 l1d
18 28 6 l1d
18 29 6 l1d
19 4 6 l1d
19 5 6 l1d
19 16 6 l1d
19 17 6 l1d
20 32 6 l1d
20 33 6 l1d
20 36 6 l1d
20 37 6 l1d
21 24 6 l1d
21 25 6 l1d
21 60 6 l1d
21 61 6 l1d
22 48 6 l1d
22 49 6 l1d
22 56 6 l1d
22 57 6 l1d
26 40 6 l1d
26 41 6 l1d
26 44 6 l1d
26 45 6 l1d
27 16 6 l1d
27 17 6 l1d
27 28 6 l1d
27 29 6 l1d
27 56 6 l1d
27 57 6 l1d
28 16 6 l1d
28 17 6 l1d
31 12 6 l1d
31 13 6 l1d
31 32 6 l1d
31 33 6 l1d
