0 36 2 l1d
0 37 2 l1d
1 16 1 l1d
1 17 1 l1d
3 12 2 l1d
3 13 2 l1d
3 16 1 l1d
3 17 1 l1d
8 44 1 l1d
8 45 1 l1d
10 40 1 l1d
10 41 1 l1d
12 36 1 l1d
12 36 2 l1d
12 36 6 l1d
12 37 1 l1d
12 37 2 l1d
12 37 6 l1d
12 40 1 l1d
12 40 6 l1d
12 40 7 l1d
12 41 1 l1d
12 41 6 l1d
12 41 7 l1d
12 44 1 l1d
12 45 1 l1d
12 48 1 l1d
12 48 7 l1d
12 49 1 l1d
12 49 7 l1d
14 40 1 l1d
14 41 1 l1d
16 40 1 l1d
16 41 1 l1d
18 44 1 l1d
18 45 1 l1d
22 48 2 l1d
22 49 2 l1d
24 44 1 l1d
24 45 1 l1d
26 12 1 l1d
26 13 1 l1d
28 36 1 l1d
28 37 1 l1d
29 0 1 l1d
29 1 1 l1d
