1 62 5 l1d
1 63 5 l1d
3 26 5 l1d
3 27 5 l1d
3 54 5 l1d
3 55 5 l1d
3 58 5 l1d
3 59 5 l1d
4 18 5 l1d
4 19 5 l1d
5 18 5 l1d
5 19 5 l1d
5 26 5 l1d
5 27 5 l1d
7 18 5 l1d
7 19 5 l1d
10 18 5 l1d
10 19 5 l1d
10 30 5 l1d
10 31 5 l1d
12 22 5 l1d
12 23 5 l1d
12 26 5 l1d
12 27 5 l1d
13 22 5 l1d
13 23 5 l1d
15 22 5 l1d
15 23 5 l1d
17 26 5 l1d
17 27 5 l1d
17 50 5 l1d
17 51 5 l1d
18 14 5 l1d
18 15 5 l1d
19 38 5 l1d
19 39 5 l1d
19 42 5 l1d
19 43 5 l1d
19 58 5 l1d
19 59 5 l1d
20 18 5 l1d
20 19 5 l1d
20 38 3 l1d
20 39 3 l1d
20 42 5 l1d
20 43 5 l1d
21 30 5 l1d
21 31 5 l1d
22 26 5 l1d
22 27 5 l1d
23 10 5 l1d
23 11 5 l1d
23 14 5 l1d
23 15 5 l1d
23 26 5 l1d
23 27 5 l1d
23 54 5 l1d
23 55 5 l1d
23 56 2 l1d
23 57 2 l1d
23 58 5 l1d
23 59 5 l1d
23 62 5 l1d
23 63 5 l1d
24 0 2 l1d
24 1 2 l1d
24 14 5 l1d
24 15 5 l1d
24 62 5 l1d
24 63 5 l1d
26 28 2 l1d
26 29 2 l1d
27 22 5 l1d
27 22 7 l1d
27 23 5 l1d
27 23 7 l1d
27 24 2 l1d
27 25 2 l1d
28 10 5 l1d
28 11 5 l1d
28 18 5 l1d
28 19 5 l1d
28 62 5 l1d
28 63 5 l1d
29 18 5 l1d
29 19 5 l1d
29 22 5 l1d
29 23 5 l1d
29 58 5 l1d
29 59 5 l1d
30 18 5 l1d
30 19 5 l1d
30 30 5 l1d
30 31 5 l1d
31 6 5 l1d
31 7 5 l1d
31 10 5 l1d
31 11 5 l1d
