1 24 3 l1d
1 25 3 l1d
1 28 3 l1d
1 29 3 l1d
1 32 3 l1d
1 33 3 l1d
3 32 3 l1d
3 33 3 l1d
4 52 3 l1d
4 53 3 l1d
5 48 3 l1d
5 49 3 l1d
5 60 3 l1d
5 61 3 l1d
7 32 3 l1d
7 33 3 l1d
8 0 3 l1d
8 1 3 l1d
8 24 3 l1d
8 25 3 l1d
12 0 3 l1d
12 1 3 l1d
12 56 3 l1d
12 57 3 l1d
14 52 3 l1d
14 53 3 l1d
15 20 3 l1d
15 21 3 l1d
19 12 3 l1d
19 13 3 l1d
21 56 3 l1d
21 57 3 l1d
23 8 3 l1d
23 9 3 l1d
25 28 3 l1d
25 29 3 l1d
26 48 3 l1d
26 49 3 l1d
27 60 3 l1d
27 61 3 l1d
28 16 3 l1d
28 17 3 l1d
29 0 3 l1d
29 1 3 l1d
29 8 3 l1d
29 9 3 l1d
29 16 3 l1d
29 17 3 l1d
29 52 3 l1d
29 53 3 l1d
31 4 3 l1d
31 5 3 l1d
