4 46 3 l1d
4 47 3 l1d
13 22 3 l1d
13 23 3 l1d
15 34 1 l1d
15 35 1 l1d
16 22 3 l1d
16 23 3 l1d
16 26 3 l1d
16 27 3 l1d
16 34 3 l1d
16 35 3 l1d
16 44 2 l1d
16 45 2 l1d
16 54 3 l1d
16 55 3 l1d
17 18 1 l1d
17 18 3 l1d
17 19 1 l1d
17 19 3 l1d
17 22 3 l1d
17 23 3 l1d
17 30 3 l1d
17 31 3 l1d
17 34 3 l1d
17 34 5 l1d
17 35 3 l1d
17 35 5 l1d
18 18 1 l1d
18 19 1 l1d
18 26 3 l1d
18 27 3 l1d
18 38 3 l1d
18 39 3 l1d
18 46 3 l1d
18 47 3 l1d
18 54 3 l1d
18 55 3 l1d
19 2 3 l1d
19 3 3 l1d
19 6 3 l1d
19 7 3 l1d
19 18 3 l1d
19 19 3 l1d
19 26 3 l1d
19 27 3 l1d
19 46 3 l1d
19 47 3 l1d
20 30 3 l1d
20 31 3 l1d
20 34 3 l1d
20 35 3 l1d
20 38 3 l1d
20 39 3 l1d
20 46 3 l1d
20 47 3 l1d
21 2 3 l1d
21 3 3 l1d
21 22 3 l1d
21 23 3 l1d
21 26 3 l1d
21 27 3 l1d
21 30 3 l1d
21 31 3 l1d
21 34 3 l1d
21 35 3 l1d
21 38 3 l1d
21 39 3 l1d
22 22 3 l1d
22 23 3 l1d
22 30 3 l1d
22 31 3 l1d
22 34 3 l1d
22 35 3 l1d
22 46 3 l1d
22 47 3 l1d
22 50 1 l1d
22 51 1 l1d
23 2 3 l1d
23 3 3 l1d
23 14 3 l1d
23 15 3 l1d
23 18 1 l1d
23 18 3 l1d
23 19 1 l1d
23 19 3 l1d
23 22 1 l1d
23 22 3 l1d
23 23 1 l1d
23 23 3 l1d
23 26 3 l1d
23 27 3 l1d
23 34 3 l1d
23 35 3 l1d
23 46 3 l1d
23 47 3 l1d
24 18 3 l1d
24 19 3 l1d
24 22 3 l1d
24 23 3 l1d
24 34 3 l1d
24 34 5 l1d
24 34 6 l1d
24 35 3 l1d
24 35 5 l1d
24 35 6 l1d
24 38 3 l1d
24 39 3 l1d
24 46 3 l1d
24 47 3 l1d
24 54 3 l1d
24 55 3 l1d
25 2 3 l1d
25 3 3 l1d
25 26 3 l1d
25 27 3 l1d
25 30 3 l1d
25 31 3 l1d
25 34 3 l1d
25 35 3 l1d
25 42 3 l1d
25 43 3 l1d
25 46 3 l1d
25 47 3 l1d
26 2 3 l1d
26 3 3 l1d
26 26 1 l1d
26 27 1 l1d
26 30 3 l1d
26 31 3 l1d
26 34 3 l1d
26 35 3 l1d
26 38 3 l1d
26 39 3 l1d
26 46 3 l1d
26 47 3 l1d
26 48 2 l1d
26 49 2 l1d
26 50 3 l1d
26 51 3 l1d
26 54 3 l1d
26 55 3 l1d
27 2 3 l1d
27 3 3 l1d
27 10 3 l1d
27 11 3 l1d
27 18 3 l1d
27 19 3 l1d
27 26 1 l1d
27 27 1 l1d
27 62 3 l1d
27 63 3 l1d
28 18 3 l1d
28 18 5 l1d
28 19 3 l1d
28 19 5 l1d
28 22 3 l1d
28 23 3 l1d
28 30 3 l1d
28 31 3 l1d
29 18 3 l1d
29 19 3 l1d
29 22 3 l1d
29 23 3 l1d
29 26 3 l1d
29 27 3 l1d
30 18 3 l1d
30 19 3 l1d
30 22 1 l1d
30 22 3 l1d
30 23 1 l1d
30 23 3 l1d
30 26 3 l1d
30 27 3 l1d
30 30 3 l1d
30 31 3 l1d
30 46 3 l1d
30 47 3 l1d
30 54 1 l1d
30 54 3 l1d
30 55 1 l1d
30 55 3 l1d
31 18 3 l1d
31 19 3 l1d
31 50 1 l1d
31 51 1 l1d
31 62 3 l1d
31 63 3 l1d
