0 30 5 l1d
0 31 5 l1d
0 34 5 l1d
0 35 5 l1d
0 50 7 l1d
0 51 7 l1d
0 54 5 l1d
0 55 5 l1d
0 58 5 l1d
0 59 5 l1d
0 62 5 l1d
0 63 5 l1d
1 18 5 l1d
1 19 5 l1d
1 30 5 l1d
1 31 5 l1d
1 54 7 l1d
1 55 7 l1d
1 62 5 l1d
1 63 5 l1d
2 18 5 l1d
2 19 5 l1d
2 50 5 l1d
2 51 5 l1d
3 2 5 l1d
3 3 5 l1d
3 18 5 l1d
3 19 5 l1d
3 22 5 l1d
3 23 5 l1d
3 26 5 l1d
3 27 5 l1d
3 58 5 l1d
3 59 5 l1d
4 2 5 l1d
4 3 5 l1d
4 22 5 l1d
4 23 5 l1d
4 26 5 l1d
4 27 5 l1d
5 2 5 l1d
5 3 5 l1d
5 18 5 l1d
5 19 5 l1d
5 50 5 l1d
5 51 5 l1d
5 54 5 l1d
5 55 5 l1d
5 58 5 l1d
5 59 5 l1d
6 6 5 l1d
6 7 5 l1d
6 18 5 l1d
6 18 7 l1d
6 19 5 l1d
6 19 7 l1d
6 22 2 l1d
6 22 5 l1d
6 22 7 l1d
6 23 2 l1d
6 23 5 l1d
6 23 7 l1d
6 26 5 l1d
6 27 5 l1d
6 30 5 l1d
6 31 5 l1d
6 34 5 l1d
6 35 5 l1d
6 54 5 l1d
6 55 5 l1d
6 58 5 l1d
6 59 5 l1d
6 62 5 l1d
6 63 5 l1d
7 26 5 l1d
7 27 5 l1d
7 30 5 l1d
7 30 7 l1d
7 31 5 l1d
7 31 7 l1d
7 50 5 l1d
7 51 5 l1d
8 18 5 l1d
8 19 5 l1d
8 22 5 l1d
8 23 5 l1d
8 26 5 l1d
8 27 5 l1d
8 42 5 l1d
8 43 5 l1d
8 46 5 l1d
8 47 5 l1d
8 50 5 l1d
8 51 5 l1d
9 2 5 l1d
9 3 5 l1d
9 38 5 l1d
9 39 5 l1d
9 42 5 l1d
9 43 5 l1d
9 50 5 l1d
9 51 5 l1d
9 54 5 l1d
9 54 7 l1d
9 55 5 l1d
9 55 7 l1d
9 62 5 l1d
9 63 5 l1d
10 18 5 l1d
10 18 7 l1d
10 19 5 l1d
10 19 7 l1d
10 26 5 l1d
10 27 5 l1d
10 30 5 l1d
10 31 5 l1d
11 18 5 l1d
11 18 7 l1d
11 19 5 l1d
11 19 7 l1d
11 22 5 l1d
11 23 5 l1d
11 26 5 l1d
11 26 7 l1d
11 27 5 l1d
11 27 7 l1d
11 30 5 l1d
11 31 5 l1d
11 34 5 l1d
11 35 5 l1d
11 50 5 l1d
11 51 5 l1d
11 54 5 l1d
11 55 5 l1d
11 58 5 l1d
11 59 5 l1d
12 2 5 l1d
12 3 5 l1d
12 10 5 l1d
12 11 5 l1d
12 18 5 l1d
12 19 5 l1d
12 22 5 l1d
12 23 5 l1d
12 34 5 l1d
12 35 5 l1d
12 38 7 l1d
12 39 7 l1d
12 58 5 l1d
12 59 5 l1d
13 6 5 l1d
13 7 5 l1d
13 18 5 l1d
13 19 5 l1d
13 22 5 l1d
13 22 7 l1d
13 23 5 l1d
13 23 7 l1d
13 34 5 l1d
13 35 5 l1d
13 42 7 l1d
13 43 7 l1d
13 46 5 l1d
13 47 5 l1d
13 50 5 l1d
13 51 5 l1d
14 18 5 l1d
14 19 5 l1d
14 26 7 l1d
14 27 7 l1d
14 46 5 l1d
14 47 5 l1d
14 58 5 l1d
14 59 5 l1d
15 18 5 l1d
15 18 7 l1d
15 19 5 l1d
15 19 7 l1d
15 22 5 l1d
15 23 5 l1d
15 26 5 l1d
15 27 5 l1d
15 30 5 l1d
15 30 7 l1d
15 31 5 l1d
15 31 7 l1d
15 34 5 l1d
15 35 5 l1d
16 26 5 l1d
16 27 5 l1d
16 34 5 l1d
16 35 5 l1d
16 38 5 l1d
16 39 5 l1d
17 50 5 l1d
17 51 5 l1d
17 58 5 l1d
17 59 5 l1d
18 2 5 l1d
18 3 5 l1d
19 18 5 l1d
19 19 5 l1d
19 42 5 l1d
19 43 5 l1d
20 18 5 l1d
20 19 5 l1d
20 50 5 l1d
20 51 5 l1d
20 62 5 l1d
20 63 5 l1d
22 18 5 l1d
22 19 5 l1d
22 50 5 l1d
22 51 5 l1d
22 62 5 l1d
22 63 5 l1d
24 18 5 l1d
24 19 5 l1d
24 34 5 l1d
24 35 5 l1d
26 2 5 l1d
26 3 5 l1d
26 10 5 l1d
26 11 5 l1d
27 38 5 l1d
27 39 5 l1d
27 42 5 l1d
27 43 5 l1d
27 50 5 l1d
27 51 5 l1d
27 54 5 l1d
27 55 5 l1d
27 58 5 l1d
27 59 5 l1d
27 62 5 l1d
27 63 5 l1d
28 2 5 l1d
28 2 7 l1d
28 3 5 l1d
28 3 7 l1d
28 18 5 l1d
28 19 5 l1d
28 34 5 l1d
28 35 5 l1d
29 18 5 l1d
29 19 5 l1d
29 34 5 l1d
29 35 5 l1d
30 18 5 l1d
30 19 5 l1d
31 18 5 l1d
31 19 5 l1d
31 34 5 l1d
31 35 5 l1d
31 38 5 l1d
31 39 5 l1d
