0 28 1 l1d
0 29 1 l1d
0 36 1 l1d
0 37 1 l1d
0 40 1 l1d
0 41 1 l1d
0 44 1 l1d
0 45 1 l1d
2 0 1 l1d
2 1 1 l1d
2 20 1 l1d
2 21 1 l1d
3 32 1 l1d
3 33 1 l1d
3 52 1 l1d
3 53 1 l1d
4 60 1 l1d
4 61 1 l1d
5 0 1 l1d
5 1 1 l1d
5 20 1 l1d
5 21 1 l1d
5 24 1 l1d
5 25 1 l1d
6 4 1 l1d
6 5 1 l1d
6 31 5 l1d
6 32 5 l1d
8 63 5 l1d
9 0 5 l1d
10 15 5 l1d
10 16 5 l1d
12 31 5 l1d
12 32 5 l1d
12 51 5 l1d
12 52 5 l1d
12 63 5 l1d
13 0 5 l1d
15 3 5 l1d
15 4 5 l1d
18 43 5 l1d
18 44 5 l1d
21 47 1 l1d
21 48 1 l1d
23 43 1 l1d
23 44 1 l1d
24 39 1 l1d
24 40 1 l1d
25 35 1 l1d
25 36 1 l1d
26 23 1 l1d
26 24 1 l1d
30 47 1 l1d
30 48 1 l1d
