0 24 5 l1d
0 25 5 l1d
0 28 5 l1d
0 29 5 l1d
0 56 5 l1d
0 57 5 l1d
2 8 5 l1d
2 9 5 l1d
3 40 5 l1d
3 41 5 l1d
5 36 5 l1d
5 37 5 l1d
5 40 5 l1d
5 41 5 l1d
6 12 5 l1d
6 13 5 l1d
6 44 5 l1d
6 45 5 l1d
8 44 5 l1d
8 45 5 l1d
9 16 5 l1d
9 17 5 l1d
9 24 5 l1d
9 25 5 l1d
9 28 5 l1d
9 29 5 l1d
9 44 5 l1d
9 45 5 l1d
10 20 5 l1d
10 21 5 l1d
10 28 5 l1d
10 29 5 l1d
11 20 5 l1d
11 21 5 l1d
11 40 5 l1d
11 41 5 l1d
11 60 5 l1d
11 61 5 l1d
12 24 5 l1d
12 25 5 l1d
12 60 5 l1d
12 61 5 l1d
13 28 5 l1d
13 29 5 l1d
13 40 5 l1d
13 41 5 l1d
14 12 5 l1d
14 13 5 l1d
14 28 5 l1d
14 29 5 l1d
14 32 5 l1d
14 33 5 l1d
14 40 5 l1d
14 41 5 l1d
15 12 5 l1d
15 13 5 l1d
15 40 5 l1d
15 41 5 l1d
15 56 5 l1d
15 57 5 l1d
16 16 5 l1d
16 17 5 l1d
16 60 5 l1d
16 61 5 l1d
17 0 5 l1d
17 1 5 l1d
18 12 5 l1d
18 13 5 l1d
18 28 5 l1d
18 29 5 l1d
18 32 5 l1d
18 33 5 l1d
18 48 5 l1d
18 49 5 l1d
18 56 5 l1d
18 57 5 l1d
19 8 5 l1d
19 9 5 l1d
19 24 5 l1d
19 25 5 l1d
19 60 5 l1d
19 61 5 l1d
20 28 5 l1d
20 29 5 l1d
20 32 5 l1d
20 33 5 l1d
20 40 5 l1d
20 41 5 l1d
21 48 5 l1d
21 49 5 l1d
22 56 3 l1d
22 57 3 l1d
23 44 3 l1d
23 45 3 l1d
24 28 3 l1d
24 29 3 l1d
24 60 3 l1d
24 61 3 l1d
26 12 3 l1d
26 13 3 l1d
26 24 3 l1d
26 25 3 l1d
26 26 0 l1d
26 27 0 l1d
26 28 3 l1d
26 29 3 l1d
26 32 3 l1d
26 33 3 l1d
27 24 3 l1d
27 25 3 l1d
27 28 3 l1d
27 29 3 l1d
27 32 3 l1d
27 33 3 l1d
28 0 3 l1d
28 1 3 l1d
28 24 3 l1d
28 25 3 l1d
28 28 3 l1d
28 29 3 l1d
28 32 3 l1d
28 33 3 l1d
28 44 3 l1d
28 45 3 l1d
28 52 3 l1d
28 53 3 l1d
28 60 3 l1d
28 61 3 l1d
29 8 3 l1d
29 9 3 l1d
29 10 0 l1d
29 11 0 l1d
29 12 3 l1d
29 13 3 l1d
30 40 3 l1d
30 41 3 l1d
30 44 3 l1d
30 45 3 l1d
30 48 3 l1d
30 49 3 l1d
31 0 3 l1d
31 1 3 l1d
31 20 3 l1d
31 21 3 l1d
31 28 3 l1d
31 29 3 l1d
