0 46 1 l1d
0 47 1 l1d
1 34 6 l1d
1 35 6 l1d
2 34 1 l1d
2 35 1 l1d
4 2 5 l1d
4 2 6 l1d
4 3 5 l1d
4 3 6 l1d
5 2 5 l1d
5 3 5 l1d
6 18 1 l1d
6 19 1 l1d
10 18 1 l1d
10 19 1 l1d
11 14 6 l1d
11 15 6 l1d
13 46 1 l1d
13 47 1 l1d
14 10 1 l1d
14 11 1 l1d
14 38 1 l1d
14 39 1 l1d
16 18 1 l1d
16 19 1 l1d
16 26 1 l1d
16 27 1 l1d
17 14 1 l1d
17 15 1 l1d
18 2 1 l1d
18 3 1 l1d
18 6 1 l1d
18 7 1 l1d
18 18 1 l1d
18 19 1 l1d
18 30 1 l1d
18 31 1 l1d
18 34 1 l1d
18 35 1 l1d
19 42 1 l1d
19 43 1 l1d
20 26 2 l1d
20 27 2 l1d
22 18 1 l1d
22 19 1 l1d
23 62 6 l1d
23 63 6 l1d
24 18 1 l1d
24 18 6 l1d
24 19 1 l1d
24 19 6 l1d
24 46 1 l1d
24 47 1 l1d
25 10 1 l1d
25 11 1 l1d
31 18 6 l1d
31 19 6 l1d
