9 24 7 l1d
9 25 7 l1d
12 8 7 l1d
12 9 7 l1d
12 12 7 l1d
12 13 7 l1d
12 16 7 l1d
12 17 7 l1d
12 32 7 l1d
12 33 7 l1d
16 28 7 l1d
16 29 7 l1d
16 32 7 l1d
16 33 7 l1d
17 8 7 l1d
17 9 7 l1d
17 12 7 l1d
17 13 7 l1d
17 16 7 l1d
17 17 7 l1d
17 44 7 l1d
17 45 7 l1d
17 60 7 l1d
17 61 7 l1d
18 0 7 l1d
18 1 7 l1d
18 20 7 l1d
18 21 7 l1d
18 28 7 l1d
18 29 7 l1d
18 40 7 l1d
18 41 7 l1d
18 44 7 l1d
18 45 7 l1d
18 60 7 l1d
18 61 7 l1d
19 20 7 l1d
19 21 7 l1d
19 24 2 l1d
19 25 2 l1d
20 0 7 l1d
20 1 7 l1d
21 16 7 l1d
21 17 7 l1d
21 32 7 l1d
21 33 7 l1d
22 20 7 l1d
22 21 7 l1d
22 24 7 l1d
22 25 7 l1d
22 28 7 l1d
22 29 7 l1d
22 32 7 l1d
22 33 7 l1d
22 36 7 l1d
22 37 7 l1d
23 24 7 l1d
23 25 7 l1d
23 32 7 l1d
23 33 7 l1d
24 8 7 l1d
24 9 7 l1d
24 20 7 l1d
24 21 7 l1d
25 28 7 l1d
25 29 7 l1d
25 36 7 l1d
25 37 7 l1d
26 8 7 l1d
26 9 7 l1d
26 24 7 l1d
26 25 7 l1d
26 32 7 l1d
26 33 7 l1d
26 36 7 l1d
26 37 7 l1d
26 40 7 l1d
26 41 7 l1d
26 48 7 l1d
26 49 7 l1d
26 52 2 l1d
26 52 7 l1d
26 53 2 l1d
26 53 7 l1d
26 60 7 l1d
26 61 7 l1d
27 0 7 l1d
27 1 7 l1d
27 4 7 l1d
27 5 7 l1d
27 8 7 l1d
27 9 7 l1d
27 12 7 l1d
27 13 7 l1d
27 16 7 l1d
27 17 7 l1d
27 20 7 l1d
27 21 7 l1d
27 24 3 l1d
27 24 7 l1d
27 25 3 l1d
27 25 7 l1d
27 32 7 l1d
27 33 7 l1d
27 52 7 l1d
27 53 7 l1d
28 24 7 l1d
28 25 7 l1d
28 28 7 l1d
28 29 7 l1d
28 48 7 l1d
28 49 7 l1d
28 60 7 l1d
28 61 7 l1d
29 16 7 l1d
29 17 7 l1d
29 48 7 l1d
29 49 7 l1d
29 52 7 l1d
29 53 7 l1d
29 56 2 l1d
29 57 2 l1d
29 60 7 l1d
29 61 7 l1d
31 16 7 l1d
31 17 7 l1d
31 20 7 l1d
31 21 7 l1d
31 24 7 l1d
31 25 7 l1d
31 28 7 l1d
31 29 7 l1d
31 32 7 l1d
31 33 7 l1d
31 52 7 l1d
31 53 7 l1d
31 60 7 l1d
31 61 7 l1d
