1 2 1 l1d
1 3 1 l1d
1 6 1 l1d
1 7 1 l1d
2 6 1 l1d
2 7 1 l1d
2 10 1 l1d
2 11 1 l1d
3 14 1 l1d
3 15 1 l1d
3 22 1 l1d
3 23 1 l1d
3 34 1 l1d
3 35 1 l1d
4 54 1 l1d
4 55 1 l1d
6 22 1 l1d
6 23 1 l1d
6 58 1 l1d
6 59 1 l1d
6 62 1 l1d
6 63 1 l1d
7 10 1 l1d
7 11 1 l1d
7 34 1 l1d
7 35 1 l1d
7 38 1 l1d
7 39 1 l1d
7 42 1 l1d
7 43 1 l1d
7 46 1 l1d
7 47 1 l1d
9 50 1 l1d
9 51 1 l1d
10 2 1 l1d
10 3 1 l1d
10 18 1 l1d
10 19 1 l1d
11 2 1 l1d
11 3 1 l1d
11 6 1 l1d
11 7 1 l1d
11 10 1 l1d
11 11 1 l1d
11 42 1 l1d
11 43 1 l1d
12 34 1 l1d
12 35 1 l1d
12 46 1 l1d
12 47 1 l1d
13 14 1 l1d
13 15 1 l1d
13 18 1 l1d
13 19 1 l1d
13 34 1 l1d
13 35 1 l1d
13 42 1 l1d
13 43 1 l1d
13 46 1 l1d
13 47 1 l1d
15 14 1 l1d
15 15 1 l1d
17 6 1 l1d
17 7 1 l1d
17 18 1 l1d
17 19 1 l1d
17 30 1 l1d
17 31 1 l1d
18 2 1 l1d
18 3 1 l1d
18 14 1 l1d
18 15 1 l1d
18 18 1 l1d
18 19 1 l1d
18 42 1 l1d
18 43 1 l1d
19 62 1 l1d
19 63 1 l1d
20 10 1 l1d
20 11 1 l1d
21 18 1 l1d
21 19 1 l1d
22 30 1 l1d
22 31 1 l1d
25 2 1 l1d
25 3 1 l1d
25 34 1 l1d
25 35 1 l1d
27 38 1 l1d
27 39 1 l1d
27 58 1 l1d
27 59 1 l1d
29 54 1 l1d
29 55 1 l1d
30 58 1 l1d
30 59 1 l1d
31 34 1 l1d
31 35 1 l1d
