0 6 1 l1d
0 7 1 l1d
1 2 3 l1d
1 3 3 l1d
2 18 3 l1d
2 19 3 l1d
5 46 3 l1d
5 47 3 l1d
6 34 3 l1d
6 35 3 l1d
6 38 3 l1d
6 39 3 l1d
7 2 3 l1d
7 3 3 l1d
7 10 3 l1d
7 11 3 l1d
7 14 3 l1d
7 15 3 l1d
7 18 3 l1d
7 19 3 l1d
7 46 3 l1d
7 47 3 l1d
13 18 3 l1d
13 19 3 l1d
14 10 3 l1d
14 11 3 l1d
16 30 3 l1d
16 31 3 l1d
16 38 3 l1d
16 39 3 l1d
16 42 3 l1d
16 43 3 l1d
16 54 3 l1d
16 55 3 l1d
17 10 3 l1d
17 11 3 l1d
17 22 3 l1d
17 23 3 l1d
17 26 3 l1d
17 27 3 l1d
18 2 3 l1d
18 3 3 l1d
18 6 3 l1d
18 7 3 l1d
18 10 3 l1d
18 11 3 l1d
18 30 3 l1d
18 31 3 l1d
18 34 3 l1d
18 35 3 l1d
18 42 3 l1d
18 43 3 l1d
18 50 3 l1d
18 51 3 l1d
19 18 3 l1d
19 19 3 l1d
19 34 3 l1d
19 35 3 l1d
20 18 3 l1d
20 19 3 l1d
20 26 3 l1d
20 27 3 l1d
21 6 3 l1d
21 7 3 l1d
21 10 3 l1d
21 11 3 l1d
21 14 3 l1d
21 15 3 l1d
21 22 3 l1d
21 23 3 l1d
21 26 3 l1d
21 27 3 l1d
21 30 3 l1d
21 31 3 l1d
21 34 3 l1d
21 35 3 l1d
22 18 3 l1d
22 19 3 l1d
23 18 3 l1d
23 19 3 l1d
23 22 3 l1d
23 23 3 l1d
23 46 3 l1d
23 47 3 l1d
23 50 3 l1d
23 51 3 l1d
23 58 3 l1d
23 59 3 l1d
23 62 3 l1d
23 63 3 l1d
24 18 3 l1d
24 19 3 l1d
25 18 3 l1d
25 19 3 l1d
25 50 3 l1d
25 51 3 l1d
25 58 3 l1d
25 59 3 l1d
26 10 3 l1d
26 11 3 l1d
26 18 3 l1d
26 19 3 l1d
27 62 3 l1d
27 63 3 l1d
28 26 3 l1d
28 27 3 l1d
28 30 3 l1d
28 31 3 l1d
28 50 3 l1d
28 51 3 l1d
28 54 3 l1d
28 55 3 l1d
29 18 3 l1d
29 19 3 l1d
29 22 3 l1d
29 23 3 l1d
29 26 3 l1d
29 27 3 l1d
29 50 3 l1d
29 51 3 l1d
30 18 3 l1d
30 19 3 l1d
30 26 3 l1d
30 27 3 l1d
