16 34 7 l1d
16 35 7 l1d
16 46 7 l1d
16 47 7 l1d
17 54 7 l1d
17 55 7 l1d
18 18 7 l1d
18 19 7 l1d
18 34 7 l1d
18 35 7 l1d
20 42 7 l1d
20 43 7 l1d
22 2 7 l1d
22 3 7 l1d
22 30 7 l1d
22 31 7 l1d
22 34 7 l1d
22 35 7 l1d
22 50 7 l1d
22 51 7 l1d
23 6 7 l1d
23 7 7 l1d
23 34 7 l1d
23 35 7 l1d
24 14 7 l1d
24 15 7 l1d
24 18 7 l1d
24 19 7 l1d
24 22 7 l1d
24 23 7 l1d
24 26 7 l1d
24 27 7 l1d
25 22 7 l1d
25 23 7 l1d
25 30 7 l1d
25 31 7 l1d
25 58 7 l1d
25 59 7 l1d
26 2 7 l1d
26 3 7 l1d
26 22 7 l1d
26 23 7 l1d
26 26 7 l1d
26 27 7 l1d
26 34 7 l1d
26 35 7 l1d
26 38 7 l1d
26 39 7 l1d
26 42 7 l1d
26 43 7 l1d
26 46 7 l1d
26 47 7 l1d
27 54 7 l1d
27 55 7 l1d
27 62 7 l1d
27 63 7 l1d
28 22 7 l1d
28 23 7 l1d
28 34 7 l1d
28 35 7 l1d
29 6 7 l1d
29 7 7 l1d
29 10 7 l1d
29 11 7 l1d
29 14 3 l1d
29 14 7 l1d
29 15 3 l1d
29 15 7 l1d
29 18 7 l1d
29 19 7 l1d
29 50 7 l1d
29 51 7 l1d
29 54 7 l1d
29 55 7 l1d
29 62 7 l1d
29 63 7 l1d
30 18 7 l1d
30 19 7 l1d
31 34 7 l1d
31 35 7 l1d
31 38 7 l1d
31 39 7 l1d
31 42 7 l1d
31 43 7 l1d
31 50 7 l1d
31 51 7 l1d
31 54 7 l1d
31 55 7 l1d
