4 22 2 l1d
4 23 2 l1d
16 18 1 l1d
16 19 1 l1d
16 50 1 l1d
16 51 1 l1d
16 54 1 l1d
16 54 7 l1d
16 55 1 l1d
16 55 7 l1d
16 62 1 l1d
16 63 1 l1d
17 50 7 l1d
17 51 7 l1d
17 54 7 l1d
17 55 7 l1d
19 18 7 l1d
19 19 7 l1d
19 26 1 l1d
19 26 7 l1d
19 27 1 l1d
19 27 7 l1d
19 30 1 l1d
19 31 1 l1d
20 2 7 l1d
20 3 7 l1d
20 18 1 l1d
20 19 0 l1d
20 21 7 l1d
20 22 0 l1d
20 22 5 l1d
20 22 7 l1d
20 23 0 l1d
20 23 5 l1d
20 25 7 l1d
20 26 4 l1d
20 26 6 l1d
20 27 3 l1d
20 29 5 l1d
20 29 6 l1d
20 30 5 l1d
20 30 6 l1d
20 49 6 l1d
20 50 6 l1d
20 53 5 l1d
20 53 6 l1d
20 54 5 l1d
20 54 6 l1d
21 9 6 l1d
21 10 3 l1d
21 10 6 l1d
21 11 3 l1d
21 13 6 l1d
21 14 3 l1d
21 14 6 l1d
21 15 3 l1d
21 21 6 l1d
21 22 6 l1d
21 49 6 l1d
21 50 6 l1d
21 61 6 l1d
21 62 6 l1d
22 2 3 l1d
22 3 3 l1d
22 6 3 l1d
22 7 3 l1d
23 33 3 l1d
23 34 3 l1d
23 41 3 l1d
23 42 3 l1d
23 45 3 l1d
23 46 3 l1d
24 61 1 l1d
24 62 1 l1d
25 1 7 l1d
25 2 7 l1d
25 5 2 l1d
25 6 2 l1d
25 25 1 l1d
25 25 7 l1d
25 26 1 l1d
25 26 7 l1d
25 49 1 l1d
25 50 1 l1d
28 1 1 l1d
28 2 0 l1d
28 17 5 l1d
28 18 5 l1d
29 4 7 l1d
29 5 7 l1d
29 9 0 l1d
29 9 5 l1d
29 10 0 l1d
29 10 5 l1d
31 24 7 l1d
31 25 7 l1d
