1 12 1 l1d
1 13 1 l1d
2 12 1 l1d
2 13 1 l1d
3 8 1 l1d
3 9 1 l1d
4 48 1 l1d
4 49 1 l1d
7 0 1 l1d
7 1 1 l1d
7 8 1 l1d
7 9 1 l1d
10 40 1 l1d
10 41 1 l1d
14 32 1 l1d
14 33 1 l1d
16 20 1 l1d
16 21 1 l1d
16 24 1 l1d
16 24 3 l1d
16 25 1 l1d
16 25 3 l1d
16 35 7 l1d
16 36 7 l1d
16 39 7 l1d
16 40 7 l1d
16 59 7 l1d
16 60 7 l1d
17 15 7 l1d
17 16 7 l1d
17 19 7 l1d
17 20 7 l1d
17 23 7 l1d
17 24 7 l1d
17 27 7 l1d
17 28 7 l1d
17 31 7 l1d
17 32 7 l1d
17 35 7 l1d
17 36 7 l1d
17 39 7 l1d
17 40 7 l1d
17 43 7 l1d
17 44 1 l1d
17 44 7 l1d
17 45 1 l1d
17 47 7 l1d
17 48 7 l1d
17 55 7 l1d
17 56 7 l1d
17 59 7 l1d
17 60 7 l1d
17 63 7 l1d
18 0 7 l1d
18 3 7 l1d
18 4 1 l1d
18 4 7 l1d
18 5 1 l1d
18 7 7 l1d
18 8 7 l1d
18 11 7 l1d
18 12 7 l1d
18 15 7 l1d
18 16 7 l1d
18 19 7 l1d
18 20 7 l1d
18 23 7 l1d
18 24 0 l1d
18 24 1 l1d
18 24 7 l1d
18 25 0 l1d
18 25 1 l1d
18 27 7 l1d
18 28 5 l1d
18 31 3 l1d
18 32 1 l1d
18 33 3 l1d
18 34 3 l1d
18 34 7 l1d
18 35 7 l1d
18 38 7 l1d
18 39 7 l1d
18 46 7 l1d
18 47 7 l1d
19 14 7 l1d
19 15 1 l1d
19 15 7 l1d
19 16 1 l1d
19 18 7 l1d
19 19 1 l1d
19 19 7 l1d
19 20 1 l1d
19 22 7 l1d
19 23 1 l1d
19 23 7 l1d
19 24 1 l1d
19 27 1 l1d
19 28 1 l1d
19 38 7 l1d
19 39 7 l1d
19 50 7 l1d
19 51 1 l1d
19 51 7 l1d
19 52 1 l1d
19 54 7 l1d
19 55 4 l1d
19 55 7 l1d
19 56 4 l1d
19 58 7 l1d
19 59 7 l1d
19 62 7 l1d
19 63 7 l1d
20 2 7 l1d
20 3 7 l1d
20 10 7 l1d
20 11 1 l1d
20 11 7 l1d
20 12 1 l1d
20 14 7 l1d
20 15 7 l1d
20 58 7 l1d
20 59 7 l1d
20 62 7 l1d
20 63 7 l1d
21 6 7 l1d
21 7 7 l1d
21 10 7 l1d
21 11 7 l1d
21 17 3 l1d
21 18 3 l1d
21 18 7 l1d
21 19 1 l1d
21 19 7 l1d
21 20 1 l1d
21 22 7 l1d
21 23 1 l1d
21 23 7 l1d
21 24 1 l1d
21 26 7 l1d
21 27 1 l1d
21 27 7 l1d
21 28 1 l1d
21 29 3 l1d
21 30 3 l1d
21 30 7 l1d
21 31 7 l1d
21 34 7 l1d
21 35 7 l1d
22 6 7 l1d
22 7 7 l1d
22 14 7 l1d
22 15 7 l1d
22 18 7 l1d
22 19 7 l1d
22 35 1 l1d
22 36 1 l1d
22 38 7 l1d
22 39 7 l1d
22 42 7 l1d
22 43 7 l1d
22 55 4 l1d
22 56 4 l1d
22 62 7 l1d
22 63 4 l1d
22 63 7 l1d
23 0 4 l1d
23 14 7 l1d
23 15 1 l1d
23 15 7 l1d
23 16 1 l1d
23 18 7 l1d
23 19 1 l1d
23 19 7 l1d
23 20 1 l1d
23 22 7 l1d
23 23 6 l1d
23 26 5 l1d
23 27 3 l1d
23 30 1 l1d
23 30 3 l1d
23 30 6 l1d
23 31 1 l1d
23 31 3 l1d
23 31 6 l1d
23 34 1 l1d
23 35 1 l1d
23 38 1 l1d
23 39 1 l1d
23 42 1 l1d
23 43 1 l1d
23 46 1 l1d
23 47 1 l1d
23 54 1 l1d
23 55 1 l1d
24 6 1 l1d
24 7 1 l1d
24 18 1 l1d
24 19 1 l1d
24 22 3 l1d
24 23 3 l1d
24 34 3 l1d
24 35 3 l1d
24 38 1 l1d
24 38 6 l1d
24 39 1 l1d
24 39 6 l1d
24 42 1 l1d
24 42 6 l1d
24 43 1 l1d
24 43 6 l1d
24 46 1 l1d
24 47 1 l1d
24 50 1 l1d
24 51 1 l1d
24 58 1 l1d
24 59 1 l1d
24 62 1 l1d
24 62 3 l1d
24 63 1 l1d
24 63 3 l1d
25 2 1 l1d
25 2 3 l1d
25 3 1 l1d
25 3 3 l1d
25 18 1 l1d
25 18 3 l1d
25 19 1 l1d
25 19 3 l1d
25 22 1 l1d
25 23 1 l1d
25 24 5 l1d
25 25 5 l1d
25 46 1 l1d
25 47 1 l1d
25 54 1 l1d
25 55 1 l1d
25 58 1 l1d
25 59 1 l1d
25 62 1 l1d
25 63 1 l1d
26 10 1 l1d
26 10 3 l1d
26 11 1 l1d
26 11 3 l1d
26 14 1 l1d
26 15 1 l1d
26 16 5 l1d
26 17 5 l1d
26 22 1 l1d
26 23 1 l1d
26 26 1 l1d
26 27 1 l1d
26 30 1 l1d
26 30 6 l1d
26 31 1 l1d
26 31 6 l1d
26 34 1 l1d
26 34 3 l1d
26 34 6 l1d
26 35 1 l1d
26 35 3 l1d
26 35 6 l1d
26 38 3 l1d
26 39 3 l1d
26 46 1 l1d
26 46 3 l1d
26 47 1 l1d
26 47 3 l1d
26 50 3 l1d
26 51 3 l1d
26 54 3 l1d
26 55 3 l1d
26 58 3 l1d
26 59 3 l1d
26 60 5 l1d
26 61 5 l1d
26 62 1 l1d
26 62 3 l1d
26 63 1 l1d
26 63 3 l1d
27 2 3 l1d
27 3 3 l1d
27 10 3 l1d
27 11 3 l1d
27 18 6 l1d
27 19 6 l1d
27 22 2 l1d
27 23 1 l1d
27 25 7 l1d
27 26 5 l1d
27 29 3 l1d
27 29 5 l1d
27 30 3 l1d
27 30 5 l1d
27 33 3 l1d
27 34 3 l1d
27 37 3 l1d
27 38 3 l1d
27 41 3 l1d
27 42 3 l1d
27 49 3 l1d
27 50 3 l1d
27 53 3 l1d
27 53 5 l1d
27 54 3 l1d
27 54 5 l1d
27 57 3 l1d
27 57 5 l1d
27 58 3 l1d
27 58 5 l1d
28 33 3 l1d
28 33 5 l1d
28 34 3 l1d
28 34 5 l1d
28 37 3 l1d
28 37 5 l1d
28 38 3 l1d
28 38 5 l1d
28 41 3 l1d
28 41 5 l1d
28 42 3 l1d
28 42 5 l1d
28 45 3 l1d
28 45 5 l1d
28 46 3 l1d
28 46 5 l1d
29 21 5 l1d
29 22 5 l1d
29 29 3 l1d
29 30 3 l1d
29 37 3 l1d
29 38 3 l1d
29 53 5 l1d
29 54 5 l1d
30 13 3 l1d
30 14 3 l1d
30 33 3 l1d
30 33 5 l1d
30 34 3 l1d
30 34 5 l1d
30 37 3 l1d
30 38 3 l1d
30 41 3 l1d
30 42 3 l1d
30 45 3 l1d
30 45 5 l1d
30 46 3 l1d
30 46 5 l1d
31 1 5 l1d
31 2 5 l1d
31 9 3 l1d
31 10 3 l1d
31 13 3 l1d
31 14 3 l1d
31 15 7 l1d
31 16 7 l1d
31 17 3 l1d
31 18 3 l1d
31 21 3 l1d
31 22 3 l1d
31 29 3 l1d
31 30 3 l1d
31 37 3 l1d
31 38 3 l1d
