2 40 7 l1d
2 41 7 l1d
3 48 7 l1d
3 49 7 l1d
8 40 7 l1d
8 41 7 l1d
16 8 7 l1d
16 9 7 l1d
16 36 7 l1d
16 37 7 l1d
16 60 7 l1d
16 61 7 l1d
17 20 7 l1d
17 21 7 l1d
17 56 7 l1d
17 57 7 l1d
18 20 7 l1d
18 21 7 l1d
18 24 7 l1d
18 25 7 l1d
18 28 7 l1d
18 29 7 l1d
18 40 7 l1d
18 41 7 l1d
19 20 7 l1d
19 21 7 l1d
20 16 7 l1d
20 17 7 l1d
21 24 7 l1d
21 25 7 l1d
21 32 7 l1d
21 33 7 l1d
23 20 5 l1d
23 21 5 l1d
23 24 5 l1d
23 25 5 l1d
24 20 5 l1d
24 21 5 l1d
24 40 5 l1d
24 41 5 l1d
25 24 5 l1d
25 25 5 l1d
25 52 5 l1d
25 53 5 l1d
27 28 5 l1d
27 29 5 l1d
28 32 5 l1d
28 33 5 l1d
29 0 5 l1d
29 1 5 l1d
29 24 5 l1d
29 25 5 l1d
29 56 5 l1d
29 57 5 l1d
