0 28 5 l1d
0 29 5 l1d
1 52 5 l1d
1 53 5 l1d
4 28 5 l1d
4 29 5 l1d
4 32 5 l1d
4 33 5 l1d
6 20 5 l1d
6 21 5 l1d
7 60 5 l1d
7 61 5 l1d
11 52 5 l1d
11 53 5 l1d
16 8 5 l1d
16 9 5 l1d
16 12 5 l1d
16 13 5 l1d
16 44 5 l1d
16 45 5 l1d
16 48 5 l1d
16 49 5 l1d
17 60 5 l1d
17 61 5 l1d
18 40 5 l1d
18 41 5 l1d
18 44 5 l1d
18 45 5 l1d
18 48 5 l1d
18 49 5 l1d
19 16 5 l1d
19 17 5 l1d
19 40 5 l1d
19 41 5 l1d
19 44 5 l1d
19 45 5 l1d
20 28 5 l1d
20 29 5 l1d
21 16 5 l1d
21 17 5 l1d
21 20 5 l1d
21 21 5 l1d
21 36 5 l1d
21 37 5 l1d
22 36 5 l1d
22 37 5 l1d
22 40 5 l1d
22 41 5 l1d
23 4 5 l1d
23 5 5 l1d
23 16 5 l1d
23 17 5 l1d
23 20 5 l1d
23 21 5 l1d
23 44 5 l1d
23 45 5 l1d
23 52 5 l1d
23 53 5 l1d
24 36 5 l1d
24 37 5 l1d
24 40 5 l1d
24 41 5 l1d
24 44 5 l1d
24 45 5 l1d
24 48 5 l1d
24 49 5 l1d
25 4 5 l1d
25 5 5 l1d
25 8 5 l1d
25 9 5 l1d
25 12 5 l1d
25 13 5 l1d
25 16 5 l1d
25 17 5 l1d
25 40 5 l1d
25 41 5 l1d
25 44 5 l1d
25 45 5 l1d
26 0 5 l1d
26 1 5 l1d
26 20 5 l1d
26 21 5 l1d
26 24 5 l1d
26 25 5 l1d
26 40 5 l1d
26 41 5 l1d
26 44 5 l1d
26 45 5 l1d
26 52 5 l1d
26 53 5 l1d
26 56 5 l1d
26 57 5 l1d
27 4 5 l1d
27 5 5 l1d
27 8 5 l1d
27 9 5 l1d
27 24 5 l1d
27 25 5 l1d
27 28 5 l1d
27 29 5 l1d
27 32 5 l1d
27 33 5 l1d
27 44 5 l1d
27 45 5 l1d
27 48 5 l1d
27 49 5 l1d
28 36 5 l1d
28 37 5 l1d
28 40 5 l1d
28 41 5 l1d
28 48 5 l1d
28 49 5 l1d
28 56 5 l1d
28 57 5 l1d
29 8 5 l1d
29 9 5 l1d
29 40 5 l1d
29 41 5 l1d
29 44 5 l1d
29 45 5 l1d
29 48 5 l1d
29 49 5 l1d
30 12 5 l1d
30 13 5 l1d
30 16 5 l1d
30 17 5 l1d
30 24 5 l1d
30 25 5 l1d
31 4 5 l1d
31 5 5 l1d
31 40 5 l1d
31 41 5 l1d
31 44 5 l1d
31 45 5 l1d
31 52 5 l1d
31 53 5 l1d
31 56 5 l1d
31 57 5 l1d
