0 24 1 l1d
0 25 1 l1d
0 28 1 l1d
0 29 1 l1d
0 32 1 l1d
0 33 1 l1d
0 36 1 l1d
0 37 1 l1d
0 40 1 l1d
0 41 1 l1d
0 44 1 l1d
0 45 1 l1d
0 48 1 l1d
0 49 1 l1d
1 8 1 l1d
1 9 1 l1d
1 28 1 l1d
1 29 1 l1d
1 32 1 l1d
1 33 1 l1d
2 24 1 l1d
2 25 1 l1d
2 52 1 l1d
2 53 1 l1d
2 60 1 l1d
2 61 1 l1d
3 8 1 l1d
3 9 1 l1d
3 12 1 l1d
3 13 1 l1d
3 16 1 l1d
3 17 1 l1d
3 44 1 l1d
3 45 1 l1d
4 28 1 l1d
4 29 1 l1d
4 40 1 l1d
4 41 1 l1d
5 24 1 l1d
5 25 1 l1d
6 8 1 l1d
6 9 1 l1d
6 16 1 l1d
6 17 1 l1d
6 20 1 l1d
6 21 1 l1d
10 20 1 l1d
10 21 1 l1d
10 24 1 l1d
10 25 1 l1d
10 28 1 l1d
10 29 1 l1d
12 8 1 l1d
12 9 1 l1d
12 12 1 l1d
12 13 1 l1d
12 16 1 l1d
12 17 1 l1d
13 32 1 l1d
13 33 1 l1d
13 36 1 l1d
13 37 1 l1d
14 24 1 l1d
14 25 1 l1d
14 48 1 l1d
14 49 1 l1d
18 44 1 l1d
18 45 1 l1d
18 48 1 l1d
18 49 1 l1d
19 28 1 l1d
19 29 1 l1d
19 40 1 l1d
19 41 1 l1d
19 44 1 l1d
19 45 1 l1d
20 32 1 l1d
20 33 1 l1d
21 4 1 l1d
21 5 1 l1d
21 8 1 l1d
21 9 1 l1d
21 60 1 l1d
21 61 1 l1d
22 8 1 l1d
22 9 1 l1d
23 12 1 l1d
23 13 1 l1d
24 36 1 l1d
24 37 1 l1d
26 24 1 l1d
26 25 1 l1d
28 28 1 l1d
28 29 1 l1d
29 20 1 l1d
29 21 1 l1d
29 24 1 l1d
29 25 1 l1d
29 28 1 l1d
29 29 1 l1d
29 40 1 l1d
29 41 1 l1d
29 44 1 l1d
29 45 1 l1d
29 56 1 l1d
29 57 1 l1d
29 60 1 l1d
29 61 1 l1d
31 32 1 l1d
31 33 1 l1d
