4 32 5 l1d
4 33 5 l1d
4 43 7 l1d
4 44 7 l1d
5 12 5 l1d
5 13 5 l1d
16 57 7 l1d
16 58 7 l1d
18 37 6 l1d
18 38 6 l1d
19 25 7 l1d
19 26 7 l1d
19 41 7 l1d
19 42 7 l1d
19 49 6 l1d
19 50 6 l1d
19 57 7 l1d
19 58 7 l1d
19 61 7 l1d
19 62 7 l1d
20 41 7 l1d
20 42 7 l1d
20 49 7 l1d
20 50 7 l1d
20 57 6 l1d
20 57 7 l1d
20 58 6 l1d
20 58 7 l1d
21 17 7 l1d
21 18 7 l1d
21 21 7 l1d
21 22 7 l1d
21 25 7 l1d
21 26 7 l1d
21 49 4 l1d
21 50 4 l1d
23 17 5 l1d
23 18 5 l1d
24 33 3 l1d
24 34 3 l1d
25 27 1 l1d
25 28 1 l1d
25 52 5 l1d
25 53 5 l1d
25 56 3 l1d
25 57 3 l1d
26 32 3 l1d
26 33 3 l1d
26 56 1 l1d
26 57 1 l1d
27 16 1 l1d
27 17 1 l1d
27 48 1 l1d
27 49 1 l1d
27 52 1 l1d
27 53 1 l1d
28 42 5 l1d
28 43 5 l1d
28 48 1 l1d
28 49 1 l1d
28 56 1 l1d
28 57 1 l1d
30 23 7 l1d
30 24 7 l1d
31 15 6 l1d
31 16 6 l1d
