0 4 1 l1d
0 4 5 l1d
0 5 1 l1d
0 5 5 l1d
0 52 1 l1d
0 53 1 l1d
0 60 1 l1d
0 61 1 l1d
1 24 1 l1d
1 25 1 l1d
2 20 1 l1d
2 20 5 l1d
2 21 1 l1d
2 21 5 l1d
2 24 1 l1d
2 25 1 l1d
2 32 1 l1d
2 33 1 l1d
2 60 1 l1d
2 61 1 l1d
3 0 1 l1d
3 1 1 l1d
3 8 5 l1d
3 9 5 l1d
4 4 1 l1d
4 5 1 l1d
4 12 1 l1d
4 12 5 l1d
4 13 1 l1d
4 13 5 l1d
4 16 1 l1d
4 17 1 l1d
5 4 1 l1d
5 5 1 l1d
5 8 1 l1d
5 9 1 l1d
6 12 1 l1d
6 13 1 l1d
6 28 1 l1d
6 29 1 l1d
6 32 1 l1d
6 33 1 l1d
6 36 1 l1d
6 37 1 l1d
6 40 1 l1d
6 41 1 l1d
6 44 1 l1d
6 45 1 l1d
6 48 1 l1d
6 49 1 l1d
7 4 1 l1d
7 5 1 l1d
7 28 1 l1d
7 29 1 l1d
7 44 1 l1d
7 45 1 l1d
7 52 1 l1d
7 53 1 l1d
8 12 5 l1d
8 13 5 l1d
9 16 1 l1d
9 17 1 l1d
9 20 1 l1d
9 21 1 l1d
9 32 1 l1d
9 33 1 l1d
9 36 1 l1d
9 37 1 l1d
10 4 1 l1d
10 5 1 l1d
10 8 1 l1d
10 9 1 l1d
10 12 1 l1d
10 13 1 l1d
10 24 1 l1d
10 24 5 l1d
10 25 1 l1d
10 25 5 l1d
10 28 1 l1d
10 28 5 l1d
10 29 1 l1d
10 29 5 l1d
10 32 1 l1d
10 33 1 l1d
10 36 1 l1d
10 37 1 l1d
10 40 1 l1d
10 41 1 l1d
10 44 1 l1d
10 44 5 l1d
10 45 1 l1d
10 45 5 l1d
10 48 1 l1d
10 49 1 l1d
11 0 1 l1d
11 1 1 l1d
11 4 1 l1d
11 5 1 l1d
11 8 1 l1d
11 9 1 l1d
11 12 1 l1d
11 13 1 l1d
11 16 1 l1d
11 17 1 l1d
11 20 1 l1d
11 21 1 l1d
11 24 1 l1d
11 25 1 l1d
11 40 1 l1d
11 41 1 l1d
11 44 1 l1d
11 45 1 l1d
11 56 1 l1d
11 57 1 l1d
12 24 1 l1d
12 25 1 l1d
12 40 1 l1d
12 41 1 l1d
12 44 1 l1d
12 45 1 l1d
12 48 1 l1d
12 48 5 l1d
12 49 1 l1d
12 49 5 l1d
14 12 1 l1d
14 13 1 l1d
14 28 1 l1d
14 29 1 l1d
14 44 1 l1d
14 45 1 l1d
15 20 1 l1d
15 20 5 l1d
15 21 1 l1d
15 21 5 l1d
15 52 1 l1d
15 53 1 l1d
15 56 1 l1d
15 57 1 l1d
19 60 1 l1d
19 61 1 l1d
21 60 1 l1d
21 61 1 l1d
27 20 5 l1d
27 21 5 l1d
27 60 1 l1d
27 61 1 l1d
30 20 1 l1d
30 21 1 l1d
