0 6 7 l1d
0 7 7 l1d
0 26 7 l1d
0 27 7 l1d
0 42 7 l1d
0 43 7 l1d
2 2 7 l1d
2 3 7 l1d
2 22 7 l1d
2 23 7 l1d
2 34 7 l1d
2 35 7 l1d
4 18 7 l1d
4 19 7 l1d
4 26 7 l1d
4 27 7 l1d
7 18 7 l1d
7 19 7 l1d
8 18 7 l1d
8 19 7 l1d
10 2 7 l1d
10 3 7 l1d
10 30 7 l1d
10 31 7 l1d
14 26 7 l1d
14 27 7 l1d
14 30 7 l1d
14 31 7 l1d
15 26 7 l1d
15 27 7 l1d
18 10 7 l1d
18 11 7 l1d
18 14 7 l1d
18 15 7 l1d
18 34 7 l1d
18 35 7 l1d
18 38 7 l1d
18 39 7 l1d
22 2 7 l1d
22 3 7 l1d
26 2 7 l1d
26 3 7 l1d
26 6 7 l1d
26 7 7 l1d
26 42 7 l1d
26 43 7 l1d
28 2 7 l1d
28 3 7 l1d
28 54 7 l1d
28 55 7 l1d
