0 20 1 l1d
0 21 1 l1d
0 24 1 l1d
0 25 1 l1d
0 32 1 l1d
0 33 1 l1d
1 20 1 l1d
1 21 1 l1d
1 32 1 l1d
1 33 1 l1d
2 36 1 l1d
2 37 1 l1d
3 28 1 l1d
3 29 1 l1d
3 32 1 l1d
3 33 1 l1d
4 16 1 l1d
4 17 1 l1d
4 20 1 l1d
4 21 1 l1d
4 40 1 l1d
4 41 1 l1d
4 48 1 l1d
4 49 1 l1d
4 52 1 l1d
4 53 1 l1d
4 56 1 l1d
4 57 1 l1d
5 4 1 l1d
5 5 1 l1d
5 32 1 l1d
5 33 1 l1d
6 24 1 l1d
6 25 1 l1d
6 28 1 l1d
6 29 1 l1d
7 52 1 l1d
7 53 1 l1d
8 32 1 l1d
8 33 1 l1d
8 48 1 l1d
8 49 1 l1d
10 24 1 l1d
10 25 1 l1d
11 24 1 l1d
11 25 1 l1d
11 32 1 l1d
11 33 1 l1d
12 32 1 l1d
12 33 1 l1d
13 20 1 l1d
13 21 1 l1d
13 32 1 l1d
13 33 1 l1d
13 40 1 l1d
13 41 1 l1d
13 52 1 l1d
13 53 1 l1d
13 56 1 l1d
13 57 1 l1d
14 0 1 l1d
14 1 1 l1d
17 44 1 l1d
17 45 1 l1d
18 20 1 l1d
18 21 1 l1d
19 24 1 l1d
19 25 1 l1d
19 60 1 l1d
19 61 1 l1d
20 0 1 l1d
20 1 1 l1d
20 20 1 l1d
20 21 1 l1d
20 32 1 l1d
20 33 1 l1d
20 36 1 l1d
20 37 1 l1d
20 52 1 l1d
20 53 1 l1d
21 20 1 l1d
21 21 1 l1d
21 40 1 l1d
21 41 1 l1d
21 52 1 l1d
21 53 1 l1d
21 56 1 l1d
21 57 1 l1d
22 20 1 l1d
22 21 1 l1d
22 24 1 l1d
22 25 1 l1d
25 0 1 l1d
25 1 1 l1d
26 28 1 l1d
26 29 1 l1d
27 36 1 l1d
27 37 1 l1d
27 56 1 l1d
27 57 1 l1d
28 40 1 l1d
28 41 1 l1d
28 56 1 l1d
28 57 1 l1d
29 16 1 l1d
29 17 1 l1d
30 4 1 l1d
30 5 1 l1d
30 12 1 l1d
30 13 1 l1d
30 32 1 l1d
30 33 1 l1d
30 36 1 l1d
30 37 1 l1d
30 48 1 l1d
30 49 1 l1d
31 28 1 l1d
31 29 1 l1d
