1 28 2 l1d
1 29 2 l1d
1 32 2 l1d
1 33 2 l1d
3 24 2 l1d
3 25 2 l1d
3 48 2 l1d
3 49 2 l1d
6 28 2 l1d
6 29 2 l1d
8 12 2 l1d
8 13 2 l1d
8 16 2 l1d
8 17 2 l1d
8 20 2 l1d
8 21 2 l1d
8 36 2 l1d
8 37 2 l1d
8 40 2 l1d
8 41 2 l1d
8 48 2 l1d
8 49 2 l1d
10 56 2 l1d
10 57 2 l1d
12 16 2 l1d
12 17 2 l1d
12 24 2 l1d
12 25 2 l1d
12 28 2 l1d
12 29 2 l1d
13 4 2 l1d
13 5 2 l1d
14 20 2 l1d
14 21 2 l1d
14 24 2 l1d
14 25 2 l1d
15 0 2 l1d
15 1 2 l1d
15 8 2 l1d
15 9 2 l1d
15 60 2 l1d
15 61 2 l1d
16 28 2 l1d
16 29 2 l1d
16 40 2 l1d
16 41 2 l1d
16 44 2 l1d
16 45 2 l1d
16 48 2 l1d
16 49 2 l1d
17 8 2 l1d
17 9 2 l1d
17 16 2 l1d
17 17 2 l1d
17 20 2 l1d
17 21 2 l1d
17 24 2 l1d
17 25 2 l1d
17 28 2 l1d
17 29 2 l1d
17 36 2 l1d
17 37 2 l1d
17 40 2 l1d
17 41 2 l1d
17 44 2 l1d
17 45 2 l1d
18 8 2 l1d
18 9 2 l1d
18 28 2 l1d
18 29 2 l1d
18 32 2 l1d
18 33 2 l1d
18 40 2 l1d
18 41 2 l1d
18 56 2 l1d
18 57 2 l1d
18 60 2 l1d
18 61 2 l1d
19 40 2 l1d
19 41 2 l1d
20 20 2 l1d
20 21 2 l1d
20 24 2 l1d
20 25 2 l1d
20 28 2 l1d
20 29 2 l1d
20 32 2 l1d
20 33 2 l1d
20 60 2 l1d
20 61 2 l1d
21 24 2 l1d
21 25 2 l1d
21 32 2 l1d
21 33 2 l1d
21 56 2 l1d
21 57 2 l1d
21 60 2 l1d
21 61 2 l1d
22 0 2 l1d
22 1 2 l1d
22 4 2 l1d
22 5 2 l1d
22 8 2 l1d
22 9 2 l1d
22 16 2 l1d
22 17 2 l1d
22 28 2 l1d
22 29 2 l1d
22 40 2 l1d
22 41 2 l1d
22 48 2 l1d
22 49 2 l1d
22 60 2 l1d
22 61 2 l1d
23 36 2 l1d
23 37 2 l1d
23 40 2 l1d
23 41 2 l1d
23 44 2 l1d
23 45 2 l1d
24 8 2 l1d
24 9 2 l1d
24 16 2 l1d
24 17 2 l1d
24 36 2 l1d
24 37 2 l1d
24 40 2 l1d
24 41 2 l1d
24 44 2 l1d
24 45 2 l1d
25 8 2 l1d
25 9 2 l1d
25 12 2 l1d
25 13 2 l1d
25 16 2 l1d
25 17 2 l1d
25 36 2 l1d
25 37 2 l1d
25 44 2 l1d
25 45 2 l1d
25 48 2 l1d
25 49 2 l1d
26 4 2 l1d
26 5 2 l1d
26 8 2 l1d
26 9 2 l1d
26 12 2 l1d
26 13 2 l1d
26 16 2 l1d
26 17 2 l1d
26 40 2 l1d
26 41 2 l1d
26 44 2 l1d
26 45 2 l1d
27 8 2 l1d
27 9 2 l1d
27 12 2 l1d
27 13 2 l1d
27 16 2 l1d
27 17 2 l1d
27 20 2 l1d
27 21 2 l1d
27 36 2 l1d
27 37 2 l1d
27 44 2 l1d
27 45 2 l1d
27 48 2 l1d
27 49 2 l1d
27 60 2 l1d
27 61 2 l1d
28 0 2 l1d
28 1 2 l1d
28 28 2 l1d
28 29 2 l1d
29 8 2 l1d
29 9 2 l1d
29 24 2 l1d
29 25 2 l1d
29 36 2 l1d
29 37 2 l1d
29 40 2 l1d
29 41 2 l1d
29 44 2 l1d
29 45 2 l1d
30 28 2 l1d
30 29 2 l1d
30 56 2 l1d
30 57 2 l1d
31 32 2 l1d
31 33 2 l1d
