1 52 3 l1d
1 53 3 l1d
1 56 3 l1d
1 57 3 l1d
3 48 3 l1d
3 49 3 l1d
4 24 3 l1d
4 25 3 l1d
6 60 3 l1d
6 61 3 l1d
9 0 3 l1d
9 1 3 l1d
9 4 3 l1d
9 5 3 l1d
9 40 3 l1d
9 41 3 l1d
9 44 3 l1d
9 45 3 l1d
9 60 3 l1d
9 61 3 l1d
10 12 3 l1d
10 13 3 l1d
10 40 3 l1d
10 41 3 l1d
11 40 3 l1d
11 41 3 l1d
12 24 5 l1d
12 25 5 l1d
12 28 3 l1d
12 29 3 l1d
12 36 3 l1d
12 37 3 l1d
12 40 3 l1d
12 41 3 l1d
12 44 5 l1d
12 45 5 l1d
12 60 3 l1d
12 61 3 l1d
13 28 3 l1d
13 29 3 l1d
14 36 3 l1d
14 37 3 l1d
14 48 3 l1d
14 49 3 l1d
28 48 3 l1d
28 49 3 l1d
