1 36 7 l1d
1 37 7 l1d
2 28 7 l1d
2 29 7 l1d
2 44 7 l1d
2 45 7 l1d
3 4 7 l1d
3 5 7 l1d
4 56 7 l1d
4 57 7 l1d
7 0 7 l1d
7 1 7 l1d
7 4 7 l1d
7 5 7 l1d
7 44 7 l1d
7 45 7 l1d
9 20 7 l1d
9 21 7 l1d
10 28 7 l1d
10 29 7 l1d
10 36 7 l1d
10 37 7 l1d
10 46 6 l1d
10 47 6 l1d
11 12 7 l1d
11 13 7 l1d
11 26 6 l1d
11 27 6 l1d
11 56 7 l1d
11 57 7 l1d
15 44 7 l1d
15 45 7 l1d
16 52 7 l1d
16 53 7 l1d
16 60 7 l1d
16 61 7 l1d
18 24 7 l1d
18 25 7 l1d
20 44 7 l1d
20 45 7 l1d
22 12 7 l1d
22 13 7 l1d
22 28 7 l1d
22 29 7 l1d
23 12 7 l1d
23 13 7 l1d
27 32 7 l1d
27 33 7 l1d
29 36 7 l1d
29 37 7 l1d
31 20 7 l1d
31 21 7 l1d
31 28 7 l1d
31 29 7 l1d
31 32 7 l1d
31 33 7 l1d
