16 52 1 l1d
16 52 7 l1d
16 53 1 l1d
16 53 7 l1d
17 56 7 l1d
17 57 7 l1d
17 60 1 l1d
17 61 1 l1d
18 0 1 l1d
18 0 7 l1d
18 1 1 l1d
18 1 7 l1d
18 24 7 l1d
18 25 7 l1d
20 32 7 l1d
20 33 7 l1d
21 32 1 l1d
21 33 1 l1d
25 24 1 l1d
25 25 1 l1d
25 48 1 l1d
25 49 1 l1d
27 52 2 l1d
27 53 2 l1d
27 56 7 l1d
27 57 7 l1d
27 60 7 l1d
27 61 7 l1d
28 0 1 l1d
28 0 7 l1d
28 1 1 l1d
28 1 7 l1d
28 20 1 l1d
28 21 1 l1d
28 24 1 l1d
28 24 7 l1d
28 25 1 l1d
28 25 7 l1d
28 28 1 l1d
28 28 7 l1d
28 29 1 l1d
28 29 7 l1d
28 32 1 l1d
28 32 7 l1d
28 33 1 l1d
28 33 7 l1d
28 56 7 l1d
28 57 7 l1d
29 28 7 l1d
29 29 7 l1d
30 0 1 l1d
30 1 1 l1d
30 32 7 l1d
30 33 7 l1d
