8 32 7 l1d
8 33 7 l1d
9 24 7 l1d
9 25 7 l1d
10 4 7 l1d
10 5 7 l1d
13 24 7 l1d
13 25 7 l1d
14 20 7 l1d
14 21 7 l1d
16 22 6 l1d
16 23 6 l1d
16 44 7 l1d
16 45 7 l1d
17 56 7 l1d
17 57 7 l1d
18 0 7 l1d
18 1 7 l1d
18 20 7 l1d
18 21 7 l1d
21 44 7 l1d
21 45 7 l1d
21 48 7 l1d
21 49 7 l1d
22 28 7 l1d
22 29 7 l1d
25 24 7 l1d
25 25 7 l1d
25 48 7 l1d
25 49 7 l1d
26 48 7 l1d
26 49 7 l1d
28 12 7 l1d
28 13 7 l1d
28 24 7 l1d
28 25 7 l1d
28 28 7 l1d
28 29 7 l1d
28 32 7 l1d
28 33 7 l1d
29 36 7 l1d
29 37 7 l1d
29 60 7 l1d
29 61 7 l1d
30 20 7 l1d
30 21 7 l1d
