0 36 5 l1d
0 37 5 l1d
0 40 5 l1d
0 41 5 l1d
0 44 1 l1d
0 44 5 l1d
0 45 1 l1d
0 45 5 l1d
0 48 5 l1d
0 49 5 l1d
1 44 5 l1d
1 45 5 l1d
2 36 5 l1d
2 37 5 l1d
4 48 5 l1d
4 49 5 l1d
6 0 5 l1d
6 1 5 l1d
6 44 5 l1d
6 45 5 l1d
6 48 5 l1d
6 49 5 l1d
7 36 5 l1d
7 37 5 l1d
7 40 1 l1d
7 41 1 l1d
8 8 5 l1d
8 9 5 l1d
8 12 5 l1d
8 13 5 l1d
8 16 5 l1d
8 17 5 l1d
8 60 5 l1d
8 61 5 l1d
10 8 5 l1d
10 9 5 l1d
10 28 5 l1d
10 29 5 l1d
10 32 5 l1d
10 33 5 l1d
11 12 5 l1d
11 13 5 l1d
11 20 5 l1d
11 21 5 l1d
11 24 5 l1d
11 25 5 l1d
11 28 5 l1d
11 29 5 l1d
11 32 5 l1d
11 33 5 l1d
11 44 1 l1d
11 45 1 l1d
12 20 5 l1d
12 21 5 l1d
13 60 5 l1d
13 61 5 l1d
14 24 5 l1d
14 25 5 l1d
14 28 5 l1d
14 29 5 l1d
14 60 5 l1d
14 61 5 l1d
15 4 5 l1d
15 5 5 l1d
15 20 5 l1d
15 21 5 l1d
19 24 5 l1d
19 25 5 l1d
20 52 5 l1d
20 53 5 l1d
27 18 6 l1d
27 19 6 l1d
