9 14 0 l1d
9 15 0 l1d
11 58 0 l1d
11 59 0 l1d
18 18 7 l1d
18 19 7 l1d
18 22 7 l1d
18 23 7 l1d
18 30 7 l1d
18 31 7 l1d
18 34 7 l1d
18 35 7 l1d
18 50 7 l1d
18 51 7 l1d
18 54 7 l1d
18 55 7 l1d
19 22 7 l1d
19 23 7 l1d
19 26 7 l1d
19 27 7 l1d
19 58 7 l1d
19 59 7 l1d
20 2 7 l1d
20 3 7 l1d
20 26 7 l1d
20 27 7 l1d
20 46 7 l1d
20 47 7 l1d
21 26 7 l1d
21 27 7 l1d
21 30 7 l1d
21 31 7 l1d
22 54 3 l1d
22 55 3 l1d
24 10 1 l1d
24 11 1 l1d
24 18 1 l1d
24 19 1 l1d
24 22 1 l1d
24 23 1 l1d
24 26 1 l1d
24 26 2 l1d
24 27 1 l1d
24 27 2 l1d
24 30 1 l1d
24 31 1 l1d
26 38 1 l1d
26 39 1 l1d
27 22 1 l1d
27 23 1 l1d
27 26 1 l1d
27 27 1 l1d
28 26 1 l1d
28 27 1 l1d
29 26 1 l1d
29 27 1 l1d
29 30 2 l1d
29 31 2 l1d
31 53 7 l1d
31 54 7 l1d
