0 6 3 l1d
0 7 3 l1d
1 2 1 l1d
1 2 6 l1d
1 3 1 l1d
1 3 6 l1d
1 6 1 l1d
1 6 5 l1d
1 6 6 l1d
1 6 7 l1d
1 7 1 l1d
1 7 5 l1d
1 7 6 l1d
1 7 7 l1d
1 10 3 l1d
1 10 6 l1d
1 11 3 l1d
1 11 6 l1d
1 54 1 l1d
1 55 1 l1d
3 14 7 l1d
3 15 7 l1d
3 30 5 l1d
3 31 5 l1d
5 6 1 l1d
5 7 1 l1d
5 10 7 l1d
5 11 7 l1d
7 6 5 l1d
7 7 5 l1d
7 14 7 l1d
7 15 7 l1d
9 2 1 l1d
9 3 1 l1d
9 6 1 l1d
9 7 1 l1d
9 38 3 l1d
9 39 3 l1d
10 18 3 l1d
10 19 3 l1d
10 22 3 l1d
10 23 3 l1d
10 26 1 l1d
10 27 1 l1d
10 30 1 l1d
10 31 1 l1d
13 10 7 l1d
13 11 7 l1d
15 18 1 l1d
15 19 1 l1d
24 22 5 l1d
24 23 5 l1d
