0 48 6 l1d
0 49 6 l1d
4 40 6 l1d
4 41 6 l1d
11 8 6 l1d
11 9 6 l1d
11 48 6 l1d
11 49 6 l1d
14 14 6 l1d
14 15 6 l1d
16 48 6 l1d
16 49 6 l1d
16 56 6 l1d
16 57 6 l1d
18 4 6 l1d
18 5 6 l1d
18 28 6 l1d
18 29 6 l1d
18 36 6 l1d
18 37 6 l1d
18 40 6 l1d
18 41 6 l1d
18 48 6 l1d
18 49 6 l1d
19 0 6 l1d
19 1 6 l1d
19 4 6 l1d
19 5 6 l1d
19 40 6 l1d
19 41 6 l1d
19 44 6 l1d
19 45 6 l1d
19 48 6 l1d
19 49 6 l1d
20 0 6 l1d
20 1 6 l1d
20 32 6 l1d
20 33 6 l1d
20 44 6 l1d
20 45 6 l1d
20 48 6 l1d
20 49 6 l1d
21 20 6 l1d
21 21 6 l1d
21 48 6 l1d
21 49 6 l1d
21 56 6 l1d
21 57 6 l1d
22 0 6 l1d
22 1 6 l1d
22 20 6 l1d
22 21 6 l1d
25 32 6 l1d
25 33 6 l1d
26 12 6 l1d
26 13 6 l1d
26 20 6 l1d
26 21 6 l1d
26 60 6 l1d
26 61 6 l1d
27 32 6 l1d
27 33 6 l1d
27 36 6 l1d
27 37 6 l1d
28 32 6 l1d
28 33 6 l1d
28 40 6 l1d
28 41 6 l1d
28 52 6 l1d
28 53 6 l1d
29 20 6 l1d
29 21 6 l1d
29 24 6 l1d
29 25 6 l1d
29 60 6 l1d
29 61 6 l1d
30 36 6 l1d
30 37 6 l1d
30 48 6 l1d
30 49 6 l1d
31 20 6 l1d
31 21 6 l1d
31 28 6 l1d
31 29 6 l1d
31 32 6 l1d
31 33 6 l1d
31 36 6 l1d
31 37 6 l1d
31 40 6 l1d
31 41 6 l1d
31 60 6 l1d
31 61 6 l1d
