17 18 2 l1d
17 18 3 l1d
17 19 2 l1d
17 19 3 l1d
17 56 5 l1d
17 57 5 l1d
17 60 5 l1d
17 61 5 l1d
18 0 5 l1d
18 1 5 l1d
19 58 2 l1d
19 59 2 l1d
20 18 2 l1d
20 19 2 l1d
20 30 2 l1d
20 31 2 l1d
21 18 2 l1d
21 19 2 l1d
21 26 2 l1d
21 27 2 l1d
21 30 2 l1d
21 30 3 l1d
21 31 2 l1d
21 31 3 l1d
23 62 2 l1d
23 63 2 l1d
24 10 3 l1d
24 11 3 l1d
24 26 3 l1d
24 27 3 l1d
25 18 2 l1d
25 19 2 l1d
25 34 2 l1d
25 35 2 l1d
27 58 3 l1d
27 59 3 l1d
27 62 2 l1d
27 62 3 l1d
27 63 2 l1d
27 63 3 l1d
28 58 2 l1d
28 59 2 l1d
29 34 2 l1d
29 35 2 l1d
30 22 2 l1d
30 23 2 l1d
30 30 2 l1d
30 31 2 l1d
31 18 1 l1d
31 19 1 l1d
31 26 2 l1d
31 27 2 l1d
31 58 2 l1d
31 59 2 l1d
