0 18 7 l1d
0 19 7 l1d
2 18 0 l1d
2 18 7 l1d
5 17 0 l1d
5 17 7 l1d
6 28 3 l1d
6 29 3 l1d
7 32 1 l1d
7 33 1 l1d
9 47 4 l1d
9 48 3 l1d
9 51 3 l1d
9 52 3 l1d
10 31 1 l1d
10 32 1 l1d
12 14 6 l1d
12 15 5 l1d
12 18 4 l1d
12 19 3 l1d
12 22 3 l1d
12 23 3 l1d
12 26 3 l1d
12 27 3 l1d
17 29 2 l1d
17 30 1 l1d
18 13 1 l1d
18 14 1 l1d
20 12 3 l1d
20 13 3 l1d
20 14 2 l1d
20 15 2 l1d
20 21 5 l1d
20 22 4 l1d
21 11 3 l1d
21 12 3 l1d
22 11 2 l1d
22 12 1 l1d
23 4 6 l1d
23 5 6 l1d
23 30 3 l1d
23 31 3 l1d
23 34 3 l1d
23 35 3 l1d
23 38 3 l1d
23 39 3 l1d
24 10 2 l1d
24 11 1 l1d
26 53 5 l1d
26 54 5 l1d
27 25 3 l1d
27 26 3 l1d
29 30 4 l1d
29 31 4 l1d
29 36 5 l1d
29 37 5 l1d
29 60 3 l1d
29 61 3 l1d
