0 30 7 l1d
0 31 7 l1d
1 52 6 l1d
1 53 6 l1d
1 56 6 l1d
1 57 6 l1d
1 60 6 l1d
1 61 6 l1d
2 16 6 l1d
2 17 6 l1d
2 18 7 l1d
2 19 7 l1d
2 22 7 l1d
2 23 7 l1d
3 0 6 l1d
3 1 6 l1d
3 22 7 l1d
3 23 7 l1d
3 26 7 l1d
3 27 7 l1d
3 30 7 l1d
3 31 7 l1d
4 0 6 l1d
4 1 6 l1d
4 26 7 l1d
4 27 7 l1d
4 30 7 l1d
4 31 7 l1d
4 38 7 l1d
4 39 7 l1d
5 18 7 l1d
5 19 7 l1d
6 18 7 l1d
6 19 7 l1d
6 54 7 l1d
6 55 7 l1d
6 62 7 l1d
6 63 7 l1d
7 18 7 l1d
7 19 7 l1d
7 26 7 l1d
7 27 7 l1d
7 28 6 l1d
7 29 6 l1d
7 32 6 l1d
7 33 6 l1d
7 54 7 l1d
7 55 7 l1d
8 22 7 l1d
8 23 7 l1d
8 24 6 l1d
8 25 6 l1d
8 28 6 l1d
8 29 6 l1d
8 32 6 l1d
8 33 6 l1d
8 48 6 l1d
8 49 6 l1d
8 54 7 l1d
8 55 7 l1d
8 62 7 l1d
8 63 7 l1d
9 50 7 l1d
9 51 7 l1d
10 14 7 l1d
10 15 7 l1d
10 30 7 l1d
10 31 7 l1d
10 34 7 l1d
10 35 7 l1d
10 54 7 l1d
10 55 7 l1d
11 18 7 l1d
11 19 7 l1d
11 22 7 l1d
11 23 7 l1d
11 26 7 l1d
11 27 7 l1d
11 28 6 l1d
11 29 6 l1d
11 30 7 l1d
11 31 7 l1d
12 30 7 l1d
12 31 7 l1d
12 54 7 l1d
12 55 7 l1d
12 58 7 l1d
12 59 7 l1d
12 62 7 l1d
12 63 7 l1d
13 18 7 l1d
13 19 7 l1d
13 26 7 l1d
13 27 7 l1d
13 30 7 l1d
13 31 7 l1d
13 58 7 l1d
13 59 7 l1d
13 62 7 l1d
13 63 7 l1d
14 50 7 l1d
14 51 7 l1d
15 30 7 l1d
15 31 7 l1d
15 58 7 l1d
15 59 7 l1d
15 62 7 l1d
15 63 7 l1d
17 18 7 l1d
17 19 7 l1d
18 14 7 l1d
18 15 7 l1d
18 46 7 l1d
18 47 7 l1d
19 30 7 l1d
19 31 7 l1d
19 34 7 l1d
19 35 7 l1d
19 38 7 l1d
19 39 7 l1d
19 54 7 l1d
19 55 7 l1d
20 28 6 l1d
20 29 6 l1d
20 34 7 l1d
20 35 7 l1d
23 18 7 l1d
23 19 7 l1d
25 2 7 l1d
25 3 7 l1d
25 10 7 l1d
25 11 7 l1d
25 14 7 l1d
25 15 7 l1d
25 26 7 l1d
25 27 7 l1d
26 18 7 l1d
26 19 7 l1d
26 30 7 l1d
26 31 7 l1d
27 14 7 l1d
27 15 7 l1d
27 18 7 l1d
27 19 7 l1d
27 30 7 l1d
27 31 7 l1d
28 2 7 l1d
28 3 7 l1d
28 6 7 l1d
28 7 7 l1d
29 2 7 l1d
29 3 7 l1d
29 16 6 l1d
29 17 6 l1d
30 18 7 l1d
30 19 7 l1d
31 26 7 l1d
31 27 7 l1d
31 54 7 l1d
31 55 7 l1d
