17 6 1 l1d
17 7 1 l1d
17 42 1 l1d
17 43 1 l1d
18 46 1 l1d
18 47 1 l1d
18 50 1 l1d
18 51 1 l1d
19 6 1 l1d
19 7 1 l1d
20 50 1 l1d
20 51 1 l1d
20 62 1 l1d
20 63 1 l1d
21 18 1 l1d
21 19 1 l1d
21 30 1 l1d
21 31 1 l1d
21 46 1 l1d
21 47 1 l1d
24 22 1 l1d
24 23 1 l1d
26 62 1 l1d
26 63 1 l1d
27 26 1 l1d
27 27 1 l1d
27 30 1 l1d
27 31 1 l1d
27 38 1 l1d
27 39 1 l1d
28 30 1 l1d
28 31 1 l1d
28 34 1 l1d
28 35 1 l1d
29 46 1 l1d
29 47 1 l1d
29 62 1 l1d
29 63 1 l1d
31 18 1 l1d
31 19 1 l1d
31 30 1 l1d
31 31 1 l1d
31 54 1 l1d
31 55 1 l1d
