1 16 3 l1d
1 17 3 l1d
12 44 3 l1d
12 45 3 l1d
16 4 3 l1d
16 5 3 l1d
17 8 3 l1d
17 9 3 l1d
18 8 3 l1d
18 9 3 l1d
18 28 3 l1d
18 29 3 l1d
19 56 3 l1d
19 57 3 l1d
20 8 3 l1d
20 9 3 l1d
20 12 3 l1d
20 13 3 l1d
20 20 1 l1d
20 21 1 l1d
20 28 1 l1d
20 29 1 l1d
20 32 1 l1d
20 33 1 l1d
20 36 1 l1d
20 37 1 l1d
20 40 1 l1d
20 41 1 l1d
20 44 1 l1d
20 45 1 l1d
20 48 1 l1d
20 49 1 l1d
20 52 1 l1d
20 53 1 l1d
20 56 1 l1d
20 57 1 l1d
21 0 1 l1d
21 1 1 l1d
21 4 1 l1d
21 5 1 l1d
21 8 1 l1d
21 9 1 l1d
21 44 1 l1d
21 45 1 l1d
22 4 1 l1d
22 5 1 l1d
22 12 1 l1d
22 13 1 l1d
22 44 1 l1d
22 45 1 l1d
23 11 7 l1d
23 12 6 l1d
23 15 5 l1d
23 16 4 l1d
23 43 3 l1d
23 44 3 l1d
23 47 3 l1d
23 48 3 l1d
24 39 3 l1d
24 40 3 l1d
24 47 3 l1d
24 48 3 l1d
25 7 3 l1d
25 8 3 l1d
25 11 3 l1d
25 12 3 l1d
25 15 3 l1d
25 16 3 l1d
25 47 3 l1d
25 48 3 l1d
27 15 3 l1d
27 16 3 l1d
27 27 3 l1d
27 28 3 l1d
29 7 3 l1d
29 8 3 l1d
29 15 3 l1d
29 16 3 l1d
29 47 3 l1d
29 48 3 l1d
29 51 3 l1d
29 52 3 l1d
29 55 3 l1d
29 56 3 l1d
30 31 3 l1d
30 32 3 l1d
30 39 3 l1d
30 40 3 l1d
30 43 3 l1d
30 44 3 l1d
31 11 3 l1d
31 12 3 l1d
31 15 3 l1d
31 16 3 l1d
31 59 3 l1d
31 60 3 l1d
