0 4 2 l1d
0 5 2 l1d
0 8 2 l1d
0 9 2 l1d
0 20 2 l1d
0 21 2 l1d
0 32 2 l1d
0 33 2 l1d
0 36 2 l1d
0 37 2 l1d
0 40 2 l1d
0 41 2 l1d
0 44 2 l1d
0 44 5 l1d
0 45 2 l1d
0 45 5 l1d
0 48 2 l1d
0 49 2 l1d
0 52 2 l1d
0 53 2 l1d
0 56 2 l1d
0 57 2 l1d
1 4 2 l1d
1 5 2 l1d
1 12 2 l1d
1 13 2 l1d
1 16 2 l1d
1 17 2 l1d
1 36 2 l1d
1 37 2 l1d
1 44 2 l1d
1 45 2 l1d
1 48 2 l1d
1 49 2 l1d
1 52 2 l1d
1 53 2 l1d
1 60 2 l1d
1 61 2 l1d
2 4 2 l1d
2 5 2 l1d
2 8 2 l1d
2 9 2 l1d
2 12 2 l1d
2 13 2 l1d
2 16 2 l1d
2 17 2 l1d
2 20 2 l1d
2 21 2 l1d
2 24 2 l1d
2 25 2 l1d
2 28 2 l1d
2 29 2 l1d
2 32 2 l1d
2 32 5 l1d
2 33 2 l1d
2 33 5 l1d
2 36 2 l1d
2 37 2 l1d
2 40 2 l1d
2 41 2 l1d
2 44 2 l1d
2 45 2 l1d
2 48 2 l1d
2 49 2 l1d
2 52 2 l1d
2 53 2 l1d
2 56 2 l1d
2 57 2 l1d
2 60 2 l1d
2 61 2 l1d
3 0 2 l1d
3 1 2 l1d
3 4 2 l1d
3 5 2 l1d
3 8 2 l1d
3 9 2 l1d
3 12 2 l1d
3 13 2 l1d
3 16 2 l1d
3 16 5 l1d
3 17 2 l1d
3 17 5 l1d
3 32 2 l1d
3 33 2 l1d
3 36 2 l1d
3 37 2 l1d
3 40 2 l1d
3 40 5 l1d
3 41 2 l1d
3 41 5 l1d
3 44 2 l1d
3 45 2 l1d
3 48 2 l1d
3 49 2 l1d
3 52 2 l1d
3 53 2 l1d
4 4 2 l1d
4 5 2 l1d
4 20 2 l1d
4 21 2 l1d
4 24 2 l1d
4 25 2 l1d
4 32 2 l1d
4 33 2 l1d
4 36 2 l1d
4 37 2 l1d
4 52 2 l1d
4 53 2 l1d
4 56 2 l1d
4 57 2 l1d
4 60 2 l1d
4 61 2 l1d
5 4 2 l1d
5 5 2 l1d
5 8 2 l1d
5 9 2 l1d
5 20 2 l1d
5 21 2 l1d
5 24 2 l1d
5 25 2 l1d
5 28 2 l1d
5 29 2 l1d
5 36 2 l1d
5 36 6 l1d
5 37 2 l1d
5 37 6 l1d
5 40 2 l1d
5 41 2 l1d
5 44 2 l1d
5 45 2 l1d
5 48 2 l1d
5 49 2 l1d
5 60 2 l1d
5 61 2 l1d
6 0 2 l1d
6 1 2 l1d
6 20 2 l1d
6 21 2 l1d
6 24 2 l1d
6 25 2 l1d
6 28 2 l1d
6 29 2 l1d
6 32 2 l1d
6 33 2 l1d
6 36 2 l1d
6 37 2 l1d
6 52 2 l1d
6 52 5 l1d
6 53 2 l1d
6 53 5 l1d
6 56 2 l1d
6 57 2 l1d
6 60 2 l1d
6 61 2 l1d
7 0 2 l1d
7 1 2 l1d
7 4 2 l1d
7 5 2 l1d
7 8 2 l1d
7 9 2 l1d
7 12 2 l1d
7 13 2 l1d
7 16 2 l1d
7 17 2 l1d
7 28 2 l1d
7 29 2 l1d
7 36 2 l1d
7 37 2 l1d
7 40 2 l1d
7 41 2 l1d
7 44 2 l1d
7 45 2 l1d
7 48 2 l1d
7 48 5 l1d
7 49 2 l1d
7 49 5 l1d
8 4 2 l1d
8 5 2 l1d
8 16 2 l1d
8 17 2 l1d
8 20 2 l1d
8 21 2 l1d
8 24 2 l1d
8 25 2 l1d
8 28 2 l1d
8 29 2 l1d
8 32 2 l1d
8 33 2 l1d
8 36 2 l1d
8 37 2 l1d
8 44 2 l1d
8 45 2 l1d
8 48 2 l1d
8 49 2 l1d
8 52 2 l1d
8 53 2 l1d
8 56 2 l1d
8 57 2 l1d
9 0 2 l1d
9 1 2 l1d
9 4 2 l1d
9 5 2 l1d
9 8 2 l1d
9 9 2 l1d
9 12 2 l1d
9 13 2 l1d
9 16 2 l1d
9 17 2 l1d
9 28 2 l1d
9 29 2 l1d
9 32 2 l1d
9 33 2 l1d
9 36 2 l1d
9 36 5 l1d
9 37 2 l1d
9 37 5 l1d
9 40 2 l1d
9 41 2 l1d
9 52 2 l1d
9 53 2 l1d
9 56 2 l1d
9 56 5 l1d
9 57 2 l1d
9 57 5 l1d
10 0 2 l1d
10 1 2 l1d
10 4 2 l1d
10 5 2 l1d
10 12 2 l1d
10 13 2 l1d
10 16 2 l1d
10 17 2 l1d
10 20 2 l1d
10 21 2 l1d
10 24 2 l1d
10 25 2 l1d
10 28 2 l1d
10 29 2 l1d
10 32 2 l1d
10 33 2 l1d
10 40 2 l1d
10 40 5 l1d
10 41 2 l1d
10 41 5 l1d
10 48 2 l1d
10 49 2 l1d
10 52 2 l1d
10 53 2 l1d
10 56 2 l1d
10 57 2 l1d
10 60 2 l1d
10 61 2 l1d
11 8 2 l1d
11 9 2 l1d
11 28 2 l1d
11 29 2 l1d
11 32 2 l1d
11 33 2 l1d
11 36 2 l1d
11 37 2 l1d
11 44 2 l1d
11 45 2 l1d
11 48 2 l1d
11 49 2 l1d
11 52 2 l1d
11 53 2 l1d
11 56 2 l1d
11 57 2 l1d
11 60 2 l1d
11 61 2 l1d
12 0 2 l1d
12 1 2 l1d
12 12 2 l1d
12 13 2 l1d
12 28 2 l1d
12 29 2 l1d
12 32 2 l1d
12 33 2 l1d
12 36 2 l1d
12 37 2 l1d
12 40 2 l1d
12 40 6 l1d
12 41 2 l1d
12 41 6 l1d
12 44 2 l1d
12 45 2 l1d
12 48 2 l1d
12 49 2 l1d
12 52 2 l1d
12 53 2 l1d
13 0 2 l1d
13 1 2 l1d
13 4 2 l1d
13 5 2 l1d
13 8 2 l1d
13 9 2 l1d
13 16 2 l1d
13 17 2 l1d
13 32 2 l1d
13 33 2 l1d
13 36 2 l1d
13 37 2 l1d
13 40 2 l1d
13 41 2 l1d
13 44 2 l1d
13 44 5 l1d
13 45 2 l1d
13 45 5 l1d
13 48 2 l1d
13 48 5 l1d
13 49 2 l1d
13 49 5 l1d
13 52 2 l1d
13 53 2 l1d
13 56 2 l1d
13 57 2 l1d
13 60 2 l1d
13 61 2 l1d
14 0 2 l1d
14 1 2 l1d
14 16 2 l1d
14 17 2 l1d
14 20 2 l1d
14 21 2 l1d
14 36 2 l1d
14 37 2 l1d
14 40 2 l1d
14 41 2 l1d
14 44 2 l1d
14 45 2 l1d
14 52 2 l1d
14 53 2 l1d
14 60 2 l1d
14 61 2 l1d
15 8 2 l1d
15 9 2 l1d
15 60 2 l1d
15 61 2 l1d
16 32 2 l1d
16 33 2 l1d
16 60 2 l1d
16 61 2 l1d
22 36 2 l1d
22 37 2 l1d
24 4 2 l1d
24 5 2 l1d
27 52 2 l1d
27 53 2 l1d
28 20 2 l1d
28 21 2 l1d
28 52 2 l1d
28 53 2 l1d
31 40 2 l1d
31 41 2 l1d
