1 28 1 l1d
1 29 1 l1d
2 16 1 l1d
2 17 1 l1d
3 28 1 l1d
3 29 1 l1d
4 32 5 l1d
4 33 5 l1d
8 52 1 l1d
8 53 1 l1d
11 28 5 l1d
11 29 5 l1d
11 40 5 l1d
11 41 5 l1d
12 4 5 l1d
12 5 5 l1d
12 8 5 l1d
12 9 5 l1d
12 12 1 l1d
12 13 1 l1d
12 16 1 l1d
12 17 1 l1d
12 28 1 l1d
12 29 1 l1d
12 48 5 l1d
12 49 5 l1d
13 24 1 l1d
13 25 1 l1d
16 28 5 l1d
16 29 5 l1d
17 28 5 l1d
17 29 5 l1d
17 32 5 l1d
17 33 5 l1d
18 28 1 l1d
18 29 1 l1d
19 0 1 l1d
19 1 1 l1d
19 24 5 l1d
19 25 5 l1d
19 28 5 l1d
19 29 5 l1d
20 28 1 l1d
20 29 1 l1d
20 56 5 l1d
20 57 5 l1d
20 60 5 l1d
20 61 5 l1d
21 60 1 l1d
21 61 1 l1d
22 20 5 l1d
22 21 5 l1d
22 28 5 l1d
22 29 5 l1d
23 24 1 l1d
23 25 1 l1d
23 32 5 l1d
23 33 5 l1d
24 40 5 l1d
24 41 5 l1d
25 20 5 l1d
25 21 5 l1d
25 32 1 l1d
25 33 1 l1d
26 56 3 l1d
26 57 3 l1d
26 60 3 l1d
26 61 3 l1d
27 0 0 l1d
27 1 0 l1d
27 31 7 l1d
27 32 7 l1d
27 43 7 l1d
27 44 7 l1d
27 47 7 l1d
27 48 7 l1d
28 0 3 l1d
28 1 3 l1d
29 0 3 l1d
29 1 3 l1d
29 51 5 l1d
29 52 5 l1d
29 63 5 l1d
30 0 5 l1d
30 19 5 l1d
30 20 1 l1d
30 20 5 l1d
30 21 1 l1d
31 19 5 l1d
31 20 5 l1d
31 23 5 l1d
31 24 5 l1d
31 32 1 l1d
31 33 1 l1d
