1 6 1 l1d
1 7 1 l1d
1 10 6 l1d
1 11 6 l1d
1 26 1 l1d
1 27 1 l1d
1 34 1 l1d
1 35 1 l1d
2 33 7 l1d
2 34 7 l1d
2 45 7 l1d
2 46 7 l1d
3 18 4 l1d
3 19 4 l1d
4 25 7 l1d
4 26 7 l1d
5 17 7 l1d
5 18 7 l1d
7 49 7 l1d
7 50 7 l1d
11 33 7 l1d
11 34 1 l1d
11 34 7 l1d
11 35 1 l1d
11 37 7 l1d
11 38 7 l1d
11 49 3 l1d
11 50 3 l1d
12 21 3 l1d
12 22 3 l1d
12 25 3 l1d
12 26 3 l1d
12 33 3 l1d
12 34 3 l1d
17 61 1 l1d
17 62 1 l1d
21 40 5 l1d
21 41 5 l1d
25 48 5 l1d
25 49 5 l1d
25 60 5 l1d
25 61 5 l1d
27 8 5 l1d
27 9 5 l1d
28 32 3 l1d
28 33 3 l1d
28 56 3 l1d
28 57 3 l1d
29 24 3 l1d
29 25 3 l1d
29 28 3 l1d
29 29 3 l1d
