18 46 1 l1d
18 47 1 l1d
18 50 1 l1d
18 51 1 l1d
18 58 1 l1d
18 59 1 l1d
19 18 1 l1d
19 19 1 l1d
19 22 1 l1d
19 23 1 l1d
19 30 1 l1d
19 31 1 l1d
19 34 1 l1d
19 35 1 l1d
19 50 1 l1d
19 51 1 l1d
21 18 1 l1d
21 19 1 l1d
23 62 1 l1d
23 63 1 l1d
25 50 1 l1d
25 51 1 l1d
25 54 1 l1d
25 55 1 l1d
27 50 1 l1d
27 51 1 l1d
28 2 1 l1d
28 3 1 l1d
28 34 1 l1d
28 35 1 l1d
28 42 1 l1d
28 43 1 l1d
28 46 1 l1d
28 47 1 l1d
29 18 1 l1d
29 19 1 l1d
29 22 2 l1d
29 23 2 l1d
29 30 1 l1d
29 31 1 l1d
30 62 1 l1d
30 63 1 l1d
