1 40 5 l1d
1 41 5 l1d
2 40 5 l1d
2 41 5 l1d
4 8 5 l1d
4 9 5 l1d
10 8 5 l1d
10 9 5 l1d
10 32 5 l1d
10 33 5 l1d
10 48 5 l1d
10 49 5 l1d
11 36 5 l1d
11 37 5 l1d
16 44 5 l1d
16 45 5 l1d
17 16 5 l1d
17 17 5 l1d
17 60 5 l1d
17 61 5 l1d
18 8 5 l1d
18 9 5 l1d
18 12 5 l1d
18 13 5 l1d
18 16 5 l1d
18 17 5 l1d
18 20 5 l1d
18 21 5 l1d
18 24 5 l1d
18 25 5 l1d
18 32 5 l1d
18 33 5 l1d
18 60 5 l1d
18 61 5 l1d
20 24 5 l1d
20 25 5 l1d
20 40 5 l1d
20 41 5 l1d
21 4 5 l1d
21 5 5 l1d
22 4 5 l1d
22 5 5 l1d
22 32 5 l1d
22 33 5 l1d
24 28 5 l1d
24 29 5 l1d
24 32 5 l1d
24 33 5 l1d
27 36 5 l1d
27 37 5 l1d
28 20 5 l1d
28 21 5 l1d
28 24 5 l1d
28 25 5 l1d
28 28 5 l1d
28 29 5 l1d
28 48 1 l1d
28 49 1 l1d
28 56 1 l1d
28 57 1 l1d
29 24 1 l1d
29 25 1 l1d
29 28 1 l1d
29 29 1 l1d
29 32 1 l1d
29 33 1 l1d
29 44 1 l1d
29 45 1 l1d
29 48 1 l1d
29 49 1 l1d
29 56 1 l1d
29 57 1 l1d
29 60 1 l1d
29 61 1 l1d
30 20 1 l1d
30 21 1 l1d
31 24 1 l1d
31 25 1 l1d
31 28 1 l1d
31 29 1 l1d
