16 20 3 l1d
16 21 2 l1d
16 24 0 l1d
16 24 1 l1d
16 24 7 l1d
16 25 0 l1d
16 27 6 l1d
16 28 6 l1d
16 31 6 l1d
16 32 6 l1d
18 19 6 l1d
18 20 5 l1d
18 23 4 l1d
18 23 5 l1d
18 24 3 l1d
18 24 4 l1d
18 27 3 l1d
18 28 2 l1d
18 31 1 l1d
18 32 0 l1d
18 38 6 l1d
18 39 6 l1d
18 42 6 l1d
18 43 5 l1d
18 46 4 l1d
18 47 3 l1d
18 62 2 l1d
18 63 2 l1d
22 17 2 l1d
22 18 2 l1d
22 29 0 l1d
22 30 0 l1d
24 20 0 l1d
24 20 1 l1d
24 20 7 l1d
24 21 0 l1d
24 27 6 l1d
24 28 6 l1d
24 31 6 l1d
24 32 6 l1d
25 27 2 l1d
25 28 1 l1d
25 42 6 l1d
25 43 6 l1d
26 14 6 l1d
26 15 6 l1d
26 18 6 l1d
26 19 5 l1d
26 22 5 l1d
26 23 4 l1d
26 26 2 l1d
26 27 1 l1d
27 26 0 l1d
27 27 0 l1d
28 13 4 l1d
28 14 3 l1d
28 21 0 l1d
28 22 0 l1d
28 57 0 l1d
28 58 0 l1d
29 17 0 l1d
29 18 0 l1d
30 12 7 l1d
30 13 6 l1d
30 16 4 l1d
30 17 4 l1d
30 24 4 l1d
30 25 4 l1d
31 48 0 l1d
31 49 0 l1d
