1 14 0 l1d
1 15 0 l1d
3 6 0 l1d
3 7 0 l1d
3 10 0 l1d
3 11 0 l1d
3 14 0 l1d
3 15 0 l1d
3 18 0 l1d
3 19 0 l1d
3 26 0 l1d
3 27 0 l1d
4 17 4 l1d
4 18 4 l1d
4 25 4 l1d
4 26 4 l1d
4 29 4 l1d
4 30 4 l1d
4 33 4 l1d
4 34 4 l1d
4 37 4 l1d
4 38 4 l1d
5 1 4 l1d
5 2 4 l1d
5 5 4 l1d
5 6 4 l1d
5 9 4 l1d
5 10 4 l1d
5 13 4 l1d
5 14 4 l1d
5 17 3 l1d
5 18 2 l1d
5 21 1 l1d
5 22 0 l1d
5 28 5 l1d
5 29 4 l1d
5 60 0 l1d
5 61 0 l1d
6 44 0 l1d
6 45 0 l1d
6 52 0 l1d
6 53 0 l1d
9 15 4 l1d
9 16 4 l1d
9 23 4 l1d
9 24 4 l1d
11 63 4 l1d
12 0 4 l1d
12 15 2 l1d
12 16 2 l1d
12 31 2 l1d
12 32 2 l1d
14 30 7 l1d
14 31 6 l1d
16 46 6 l1d
16 47 6 l1d
18 14 6 l1d
18 15 6 l1d
20 25 3 l1d
20 26 3 l1d
21 61 3 l1d
21 62 3 l1d
22 17 3 l1d
22 18 3 l1d
23 22 6 l1d
23 23 6 l1d
25 14 6 l1d
25 15 6 l1d
25 18 6 l1d
25 19 6 l1d
25 22 6 l1d
25 23 6 l1d
27 46 6 l1d
27 47 6 l1d
27 50 6 l1d
27 51 6 l1d
27 58 6 l1d
27 59 6 l1d
31 26 2 l1d
31 27 2 l1d
