13 25 7 l1d
13 26 7 l1d
16 21 1 l1d
16 22 1 l1d
17 4 4 l1d
17 5 3 l1d
17 8 2 l1d
17 9 1 l1d
17 12 0 l1d
17 12 7 l1d
18 62 2 l1d
18 63 1 l1d
19 13 4 l1d
19 14 3 l1d
19 17 2 l1d
19 18 1 l1d
19 20 3 l1d
19 21 0 l1d
19 21 2 l1d
19 21 7 l1d
19 28 2 l1d
19 28 7 l1d
19 29 2 l1d
19 29 7 l1d
19 32 7 l1d
19 33 7 l1d
19 60 4 l1d
19 61 3 l1d
20 0 2 l1d
20 1 1 l1d
20 15 7 l1d
20 16 7 l1d
20 39 7 l1d
20 40 7 l1d
21 3 3 l1d
21 4 3 l1d
21 15 0 l1d
21 15 7 l1d
21 18 1 l1d
21 18 6 l1d
21 19 0 l1d
21 19 5 l1d
21 21 7 l1d
21 22 4 l1d
21 22 6 l1d
21 23 3 l1d
21 33 6 l1d
21 34 5 l1d
21 37 4 l1d
21 38 3 l1d
22 25 1 l1d
22 26 1 l1d
22 29 0 l1d
22 29 7 l1d
22 36 4 l1d
22 37 3 l1d
22 63 7 l1d
23 0 7 l1d
23 3 7 l1d
23 4 7 l1d
23 7 6 l1d
23 8 5 l1d
23 11 5 l1d
23 12 5 l1d
23 15 4 l1d
23 16 3 l1d
23 31 3 l1d
23 32 3 l1d
23 62 6 l1d
23 63 5 l1d
24 2 5 l1d
24 3 5 l1d
24 14 5 l1d
24 15 5 l1d
24 61 6 l1d
24 62 3 l1d
24 62 6 l1d
24 63 3 l1d
25 5 5 l1d
25 6 4 l1d
25 9 3 l1d
25 10 2 l1d
25 17 4 l1d
25 18 3 l1d
25 21 3 l1d
25 22 3 l1d
25 25 3 l1d
25 26 3 l1d
25 29 3 l1d
25 30 3 l1d
25 33 3 l1d
25 34 3 l1d
27 0 5 l1d
27 1 5 l1d
27 8 5 l1d
27 9 5 l1d
27 12 4 l1d
27 13 3 l1d
28 11 5 l1d
28 12 5 l1d
28 15 4 l1d
28 16 3 l1d
28 31 1 l1d
28 32 1 l1d
28 43 1 l1d
28 44 1 l1d
29 18 4 l1d
29 19 3 l1d
29 22 3 l1d
29 23 3 l1d
30 25 6 l1d
30 26 5 l1d
31 17 1 l1d
31 18 1 l1d
