16 22 1 l1d
16 23 1 l1d
16 62 1 l1d
16 63 1 l1d
17 2 1 l1d
17 3 1 l1d
17 10 1 l1d
17 11 1 l1d
17 18 1 l1d
17 19 1 l1d
17 24 7 l1d
17 25 7 l1d
17 26 1 l1d
17 27 1 l1d
17 28 7 l1d
17 29 7 l1d
17 30 1 l1d
17 31 1 l1d
18 10 1 l1d
18 11 1 l1d
18 62 1 l1d
18 63 1 l1d
19 2 1 l1d
19 3 1 l1d
19 6 1 l1d
19 7 1 l1d
19 18 1 l1d
19 19 1 l1d
19 26 1 l1d
19 27 1 l1d
19 30 1 l1d
19 31 1 l1d
19 46 1 l1d
19 47 1 l1d
19 50 1 l1d
19 51 1 l1d
19 62 1 l1d
19 63 1 l1d
20 2 1 l1d
20 3 1 l1d
20 54 1 l1d
20 55 1 l1d
20 58 1 l1d
20 59 1 l1d
21 10 3 l1d
21 11 3 l1d
21 18 1 l1d
21 19 1 l1d
21 22 1 l1d
21 23 1 l1d
21 30 1 l1d
21 31 1 l1d
21 34 1 l1d
21 35 1 l1d
21 38 1 l1d
21 39 1 l1d
21 52 6 l1d
21 53 6 l1d
21 54 1 l1d
21 55 1 l1d
21 62 1 l1d
21 63 1 l1d
22 18 1 l1d
22 19 1 l1d
22 26 1 l1d
22 27 1 l1d
22 30 1 l1d
22 31 1 l1d
22 38 1 l1d
22 39 1 l1d
22 50 1 l1d
22 51 1 l1d
22 62 1 l1d
22 63 1 l1d
23 18 1 l1d
23 18 3 l1d
23 19 1 l1d
23 19 3 l1d
23 22 1 l1d
23 23 1 l1d
23 33 7 l1d
23 34 7 l1d
23 45 7 l1d
23 46 7 l1d
23 49 7 l1d
23 50 7 l1d
23 53 7 l1d
23 54 7 l1d
23 61 7 l1d
23 62 7 l1d
25 21 7 l1d
25 22 7 l1d
25 25 7 l1d
25 26 7 l1d
25 29 7 l1d
25 30 7 l1d
25 53 7 l1d
25 54 7 l1d
25 61 7 l1d
25 62 7 l1d
26 5 7 l1d
26 6 7 l1d
26 29 7 l1d
26 30 7 l1d
26 33 7 l1d
26 34 7 l1d
26 45 5 l1d
26 46 5 l1d
26 49 5 l1d
26 50 5 l1d
26 53 5 l1d
26 54 5 l1d
26 57 5 l1d
26 58 5 l1d
27 29 5 l1d
27 30 5 l1d
27 56 2 l1d
27 57 2 l1d
28 33 5 l1d
28 34 5 l1d
29 17 5 l1d
29 18 5 l1d
29 29 5 l1d
29 30 5 l1d
29 57 5 l1d
29 58 4 l1d
29 61 3 l1d
29 62 2 l1d
30 1 1 l1d
30 2 1 l1d
30 5 1 l1d
30 6 1 l1d
30 9 1 l1d
30 10 1 l1d
30 33 1 l1d
30 34 1 l1d
31 5 1 l1d
31 6 1 l1d
31 9 1 l1d
31 10 1 l1d
31 25 1 l1d
31 26 1 l1d
31 33 1 l1d
31 34 1 l1d
31 37 1 l1d
31 38 1 l1d
31 41 1 l1d
31 42 0 l1d
31 44 7 l1d
31 45 7 l1d
