16 26 5 l1d
16 27 5 l1d
16 34 6 l1d
16 35 6 l1d
16 38 5 l1d
16 39 5 l1d
16 46 6 l1d
16 47 6 l1d
16 62 6 l1d
16 63 6 l1d
17 30 5 l1d
17 31 5 l1d
18 2 5 l1d
18 2 6 l1d
18 3 5 l1d
18 3 6 l1d
18 18 5 l1d
18 18 6 l1d
18 19 5 l1d
18 19 6 l1d
18 22 5 l1d
18 23 5 l1d
18 26 5 l1d
18 26 6 l1d
18 27 5 l1d
18 27 6 l1d
18 30 5 l1d
18 30 6 l1d
18 31 5 l1d
18 31 6 l1d
18 54 5 l1d
18 55 5 l1d
18 58 5 l1d
18 59 5 l1d
18 62 5 l1d
18 63 5 l1d
19 14 5 l1d
19 15 5 l1d
19 18 6 l1d
19 19 6 l1d
19 26 5 l1d
19 26 6 l1d
19 27 5 l1d
19 27 6 l1d
19 34 6 l1d
19 35 6 l1d
20 2 5 l1d
20 3 5 l1d
20 6 5 l1d
20 7 5 l1d
20 18 5 l1d
20 19 5 l1d
20 22 5 l1d
20 23 5 l1d
20 34 6 l1d
20 35 6 l1d
20 50 6 l1d
20 51 6 l1d
20 54 5 l1d
20 55 5 l1d
20 58 5 l1d
20 59 5 l1d
20 62 6 l1d
20 63 6 l1d
21 2 5 l1d
21 3 5 l1d
21 18 5 l1d
21 19 5 l1d
21 22 5 l1d
21 23 5 l1d
21 38 5 l1d
21 39 5 l1d
22 18 5 l1d
22 19 5 l1d
23 38 5 l1d
23 39 5 l1d
23 42 5 l1d
23 43 5 l1d
24 18 5 l1d
24 18 6 l1d
24 19 5 l1d
24 19 6 l1d
24 22 5 l1d
24 23 5 l1d
24 30 5 l1d
24 31 5 l1d
24 38 5 l1d
24 39 5 l1d
24 62 5 l1d
24 63 5 l1d
25 46 6 l1d
25 47 6 l1d
25 54 5 l1d
25 55 5 l1d
26 18 5 l1d
26 18 6 l1d
26 19 5 l1d
26 19 6 l1d
26 26 5 l1d
26 27 5 l1d
26 30 5 l1d
26 30 6 l1d
26 31 5 l1d
26 31 6 l1d
26 34 5 l1d
26 35 5 l1d
27 18 6 l1d
27 19 6 l1d
27 22 4 l1d
27 23 3 l1d
27 34 3 l1d
27 35 3 l1d
28 18 3 l1d
28 18 4 l1d
28 19 3 l1d
28 19 4 l1d
28 22 3 l1d
28 23 3 l1d
28 26 3 l1d
28 26 4 l1d
28 27 3 l1d
28 27 4 l1d
28 30 3 l1d
28 30 4 l1d
28 31 3 l1d
28 31 4 l1d
28 34 3 l1d
28 35 2 l1d
28 38 1 l1d
28 39 1 l1d
29 2 1 l1d
29 3 1 l1d
29 6 1 l1d
29 7 1 l1d
29 34 2 l1d
29 35 2 l1d
29 38 2 l1d
29 39 2 l1d
29 61 7 l1d
29 62 7 l1d
30 21 7 l1d
30 22 7 l1d
30 37 7 l1d
30 38 7 l1d
30 41 7 l1d
30 42 7 l1d
31 1 7 l1d
31 2 7 l1d
