17 42 5 l1d
17 43 5 l1d
18 2 5 l1d
18 3 5 l1d
18 10 5 l1d
18 11 5 l1d
18 18 5 l1d
18 19 5 l1d
19 2 7 l1d
19 3 7 l1d
20 14 7 l1d
20 15 7 l1d
21 10 5 l1d
21 11 5 l1d
21 50 5 l1d
21 51 5 l1d
21 54 5 l1d
21 55 5 l1d
21 58 7 l1d
21 59 7 l1d
24 2 7 l1d
24 3 7 l1d
25 34 5 l1d
25 34 7 l1d
25 35 5 l1d
25 35 7 l1d
25 54 5 l1d
25 54 7 l1d
25 55 5 l1d
25 55 7 l1d
26 42 5 l1d
26 43 5 l1d
27 42 5 l1d
27 43 5 l1d
27 46 5 l1d
27 47 5 l1d
28 34 5 l1d
28 34 7 l1d
28 35 5 l1d
28 35 7 l1d
28 38 7 l1d
28 39 7 l1d
28 42 5 l1d
28 43 5 l1d
29 42 7 l1d
29 43 7 l1d
29 46 7 l1d
29 47 7 l1d
