0 8 5 l1d
0 9 5 l1d
2 6 1 l1d
2 7 1 l1d
2 10 1 l1d
2 11 1 l1d
4 44 5 l1d
4 45 5 l1d
4 52 5 l1d
4 53 5 l1d
9 48 5 l1d
9 49 5 l1d
10 34 1 l1d
10 35 1 l1d
11 44 5 l1d
11 45 5 l1d
16 20 5 l1d
16 21 5 l1d
16 44 5 l1d
16 45 5 l1d
17 24 5 l1d
17 25 5 l1d
17 28 5 l1d
17 29 5 l1d
18 24 5 l1d
18 25 5 l1d
19 20 5 l1d
19 21 5 l1d
19 32 5 l1d
19 33 5 l1d
21 24 5 l1d
21 25 5 l1d
21 28 5 l1d
21 29 5 l1d
24 24 5 l1d
24 25 5 l1d
24 28 5 l1d
24 29 5 l1d
27 4 5 l1d
27 5 5 l1d
27 12 5 l1d
27 13 5 l1d
27 24 5 l1d
27 25 5 l1d
27 28 5 l1d
27 29 5 l1d
27 36 5 l1d
27 37 5 l1d
29 60 5 l1d
29 61 5 l1d
30 60 5 l1d
30 61 5 l1d
31 0 5 l1d
31 1 5 l1d
