0 56 7 l1d
0 57 7 l1d
0 60 7 l1d
0 61 7 l1d
1 52 7 l1d
1 53 7 l1d
3 20 2 l1d
3 21 2 l1d
3 24 2 l1d
3 25 2 l1d
3 28 7 l1d
3 29 7 l1d
3 32 2 l1d
3 33 2 l1d
4 32 6 l1d
4 33 5 l1d
4 36 5 l1d
4 37 5 l1d
4 40 5 l1d
4 41 5 l1d
4 44 5 l1d
4 45 5 l1d
5 8 5 l1d
5 9 5 l1d
5 20 4 l1d
5 21 3 l1d
5 23 6 l1d
5 24 3 l1d
5 24 6 l1d
5 25 3 l1d
5 32 2 l1d
5 33 1 l1d
8 31 4 l1d
8 32 4 l1d
8 36 1 l1d
8 37 1 l1d
8 52 1 l1d
8 53 1 l1d
9 0 1 l1d
9 1 1 l1d
9 12 1 l1d
9 13 1 l1d
9 20 1 l1d
9 21 1 l1d
9 24 1 l1d
9 25 1 l1d
9 31 4 l1d
9 32 4 l1d
13 19 7 l1d
13 20 7 l1d
14 19 2 l1d
14 20 2 l1d
15 19 2 l1d
15 19 6 l1d
15 20 1 l1d
15 20 5 l1d
15 23 4 l1d
15 24 3 l1d
15 26 6 l1d
15 27 2 l1d
15 27 5 l1d
15 28 1 l1d
15 30 4 l1d
15 31 0 l1d
15 31 3 l1d
15 31 7 l1d
17 6 7 l1d
17 7 7 l1d
18 54 7 l1d
18 55 7 l1d
19 6 2 l1d
19 7 2 l1d
19 18 7 l1d
19 19 7 l1d
19 22 7 l1d
19 23 7 l1d
19 30 7 l1d
19 31 7 l1d
20 18 7 l1d
20 19 7 l1d
20 22 7 l1d
20 23 7 l1d
20 26 6 l1d
20 27 5 l1d
20 30 0 l1d
20 30 5 l1d
20 31 0 l1d
20 31 5 l1d
20 34 5 l1d
20 35 5 l1d
20 54 5 l1d
20 55 5 l1d
21 6 5 l1d
21 7 5 l1d
21 14 0 l1d
21 15 0 l1d
21 26 5 l1d
21 27 5 l1d
22 2 5 l1d
22 3 5 l1d
23 16 1 l1d
23 17 1 l1d
23 22 5 l1d
23 23 5 l1d
23 26 5 l1d
23 27 5 l1d
25 2 5 l1d
25 3 5 l1d
25 30 5 l1d
25 31 5 l1d
26 18 0 l1d
26 19 0 l1d
26 22 5 l1d
26 23 5 l1d
27 26 5 l1d
27 27 5 l1d
29 18 0 l1d
29 19 0 l1d
29 22 5 l1d
29 23 5 l1d
31 18 3 l1d
31 19 3 l1d
31 22 3 l1d
31 23 3 l1d
31 26 3 l1d
31 27 3 l1d
31 38 3 l1d
31 39 3 l1d
