0 14 2 l1d
0 15 2 l1d
0 22 2 l1d
0 23 2 l1d
1 30 2 l1d
1 31 2 l1d
2 0 2 l1d
2 1 2 l1d
2 2 2 l1d
2 3 2 l1d
2 34 2 l1d
2 35 2 l1d
5 14 2 l1d
5 15 2 l1d
5 30 2 l1d
5 31 2 l1d
5 50 2 l1d
5 51 2 l1d
6 50 2 l1d
6 51 2 l1d
6 62 2 l1d
6 63 2 l1d
7 50 2 l1d
7 51 2 l1d
9 54 2 l1d
9 55 2 l1d
9 62 2 l1d
9 63 2 l1d
10 54 2 l1d
10 55 2 l1d
11 50 2 l1d
11 51 2 l1d
13 30 2 l1d
13 31 2 l1d
14 2 2 l1d
14 3 2 l1d
14 18 2 l1d
14 19 2 l1d
16 18 2 l1d
16 19 2 l1d
19 44 2 l1d
19 45 2 l1d
20 38 2 l1d
20 39 2 l1d
21 2 2 l1d
21 3 2 l1d
28 26 2 l1d
28 27 2 l1d
28 30 2 l1d
28 31 2 l1d
28 50 2 l1d
28 51 2 l1d
29 30 2 l1d
29 31 2 l1d
29 46 2 l1d
29 47 2 l1d
30 34 2 l1d
30 35 2 l1d
30 38 2 l1d
30 39 2 l1d
31 10 2 l1d
31 11 2 l1d
31 18 2 l1d
31 19 2 l1d
31 46 2 l1d
31 47 2 l1d
