2 10 7 l1d
2 11 7 l1d
13 30 7 l1d
13 31 7 l1d
16 30 7 l1d
16 31 7 l1d
17 18 6 l1d
17 19 6 l1d
17 54 7 l1d
17 55 7 l1d
17 62 7 l1d
17 63 7 l1d
18 30 7 l1d
18 31 7 l1d
18 38 7 l1d
18 39 7 l1d
18 54 7 l1d
18 55 7 l1d
19 2 2 l1d
19 3 2 l1d
20 18 6 l1d
20 19 6 l1d
20 22 7 l1d
20 23 7 l1d
20 42 7 l1d
20 43 7 l1d
20 50 7 l1d
20 51 7 l1d
23 14 7 l1d
23 15 7 l1d
23 26 7 l1d
23 27 7 l1d
23 30 7 l1d
23 31 7 l1d
24 0 1 l1d
24 1 1 l1d
26 30 7 l1d
26 31 7 l1d
26 54 7 l1d
26 55 7 l1d
29 14 7 l1d
29 15 7 l1d
29 22 7 l1d
29 23 7 l1d
29 58 7 l1d
29 59 7 l1d
30 30 7 l1d
30 31 7 l1d
31 32 1 l1d
31 33 1 l1d
