1 54 7 l1d
1 55 7 l1d
2 26 7 l1d
2 27 7 l1d
5 32 1 l1d
5 33 1 l1d
5 56 1 l1d
5 57 1 l1d
10 42 7 l1d
10 43 7 l1d
12 34 7 l1d
12 35 7 l1d
12 38 7 l1d
12 39 7 l1d
13 10 7 l1d
13 11 7 l1d
15 56 1 l1d
15 57 1 l1d
17 40 1 l1d
17 41 1 l1d
17 50 7 l1d
17 51 7 l1d
17 58 7 l1d
17 59 7 l1d
18 46 7 l1d
18 47 7 l1d
18 50 7 l1d
18 51 7 l1d
19 18 7 l1d
19 19 7 l1d
19 24 1 l1d
19 25 1 l1d
20 18 7 l1d
20 19 7 l1d
20 22 7 l1d
20 23 7 l1d
20 34 7 l1d
20 35 7 l1d
21 10 7 l1d
21 11 7 l1d
21 18 7 l1d
21 19 7 l1d
21 34 7 l1d
21 35 7 l1d
21 50 7 l1d
21 51 7 l1d
22 34 7 l1d
22 35 7 l1d
22 38 7 l1d
22 39 7 l1d
23 14 7 l1d
23 15 7 l1d
24 6 7 l1d
24 7 7 l1d
24 10 7 l1d
24 11 7 l1d
24 38 7 l1d
24 39 7 l1d
25 42 7 l1d
25 43 7 l1d
26 34 7 l1d
26 35 7 l1d
27 24 2 l1d
27 25 2 l1d
27 26 7 l1d
27 27 7 l1d
27 46 7 l1d
27 47 7 l1d
28 6 7 l1d
28 7 7 l1d
28 14 7 l1d
28 15 7 l1d
28 18 7 l1d
28 19 7 l1d
29 20 1 l1d
29 21 1 l1d
29 30 7 l1d
29 31 7 l1d
29 34 7 l1d
29 35 7 l1d
29 38 7 l1d
29 39 7 l1d
30 26 7 l1d
30 27 7 l1d
30 54 7 l1d
30 55 7 l1d
30 58 7 l1d
30 59 7 l1d
31 38 7 l1d
31 39 7 l1d
