11 0 5 l1d
11 1 5 l1d
16 42 2 l1d
16 43 2 l1d
17 2 3 l1d
17 3 3 l1d
17 22 2 l1d
17 23 2 l1d
17 38 2 l1d
17 39 2 l1d
17 42 2 l1d
17 43 2 l1d
18 26 2 l1d
18 27 2 l1d
19 14 2 l1d
19 15 2 l1d
19 18 2 l1d
19 19 2 l1d
19 34 2 l1d
19 35 2 l1d
19 42 2 l1d
19 43 2 l1d
20 2 2 l1d
20 3 2 l1d
20 10 2 l1d
20 11 2 l1d
21 6 2 l1d
21 7 2 l1d
22 2 2 l1d
22 3 2 l1d
23 34 2 l1d
23 35 2 l1d
25 14 2 l1d
25 15 2 l1d
26 2 2 l1d
26 3 2 l1d
26 34 2 l1d
26 35 2 l1d
26 62 2 l1d
26 63 2 l1d
28 6 2 l1d
28 7 2 l1d
28 58 2 l1d
28 59 2 l1d
30 14 2 l1d
30 15 2 l1d
30 34 2 l1d
30 35 2 l1d
