3 10 2 l1d
3 11 2 l1d
9 34 1 l1d
9 35 1 l1d
13 6 0 l1d
13 7 0 l1d
13 14 0 l1d
13 15 0 l1d
16 25 7 l1d
16 26 6 l1d
16 29 3 l1d
16 29 5 l1d
16 30 3 l1d
16 30 5 l1d
16 33 4 l1d
16 33 5 l1d
16 34 4 l1d
16 34 5 l1d
17 1 3 l1d
17 1 4 l1d
17 1 5 l1d
17 1 7 l1d
17 2 2 l1d
17 2 3 l1d
17 2 4 l1d
17 2 6 l1d
17 5 1 l1d
17 5 2 l1d
17 5 3 l1d
17 5 5 l1d
17 6 0 l1d
17 6 1 l1d
17 6 2 l1d
17 6 4 l1d
17 8 7 l1d
17 9 0 l1d
17 9 1 l1d
17 9 6 l1d
17 9 7 l1d
17 10 0 l1d
17 12 5 l1d
17 12 6 l1d
17 13 4 l1d
17 13 5 l1d
17 16 4 l1d
17 16 5 l1d
17 17 3 l1d
17 17 4 l1d
17 20 1 l1d
17 20 3 l1d
17 21 0 l1d
17 21 2 l1d
17 27 7 l1d
17 28 7 l1d
17 31 5 l1d
17 31 6 l1d
17 31 7 l1d
17 32 5 l1d
17 32 6 l1d
17 32 7 l1d
17 39 7 l1d
17 40 7 l1d
18 15 7 l1d
18 16 7 l1d
18 23 6 l1d
18 24 6 l1d
18 27 6 l1d
18 28 6 l1d
18 31 5 l1d
18 31 6 l1d
18 31 7 l1d
18 32 5 l1d
18 32 6 l1d
18 32 7 l1d
18 35 6 l1d
18 35 7 l1d
18 36 6 l1d
18 36 7 l1d
18 39 6 l1d
18 39 7 l1d
18 40 6 l1d
18 40 7 l1d
18 43 6 l1d
18 44 6 l1d
18 51 4 l1d
18 51 5 l1d
18 52 4 l1d
18 52 5 l1d
18 63 3 l1d
18 63 4 l1d
18 63 5 l1d
19 0 3 l1d
19 0 4 l1d
19 0 5 l1d
19 3 3 l1d
19 3 4 l1d
19 3 5 l1d
19 4 3 l1d
19 4 4 l1d
19 4 5 l1d
19 7 4 l1d
19 7 5 l1d
19 8 3 l1d
19 8 4 l1d
19 15 2 l1d
19 16 2 l1d
19 19 3 l1d
19 20 3 l1d
19 23 2 l1d
19 23 3 l1d
19 24 2 l1d
19 24 3 l1d
19 43 1 l1d
19 44 1 l1d
19 47 1 l1d
19 48 1 l1d
19 51 1 l1d
19 52 1 l1d
19 59 0 l1d
19 60 0 l1d
19 63 0 l1d
20 0 0 l1d
20 6 7 l1d
20 7 7 l1d
20 18 7 l1d
20 19 7 l1d
20 31 0 l1d
20 31 7 l1d
20 62 3 l1d
20 62 4 l1d
20 62 5 l1d
20 63 3 l1d
20 63 4 l1d
20 63 5 l1d
21 2 3 l1d
21 2 4 l1d
21 2 5 l1d
21 3 2 l1d
21 3 3 l1d
21 3 4 l1d
21 6 1 l1d
21 6 2 l1d
21 7 0 l1d
21 7 1 l1d
21 9 7 l1d
21 10 0 l1d
21 10 1 l1d
21 10 7 l1d
21 11 0 l1d
21 11 1 l1d
21 14 4 l1d
21 15 4 l1d
21 17 7 l1d
21 18 1 l1d
21 18 6 l1d
21 19 0 l1d
21 21 7 l1d
21 22 1 l1d
21 22 6 l1d
21 23 0 l1d
21 25 5 l1d
21 26 4 l1d
21 29 2 l1d
21 29 3 l1d
21 30 1 l1d
21 30 2 l1d
21 33 0 l1d
21 33 1 l1d
21 33 7 l1d
21 34 0 l1d
21 36 6 l1d
21 37 5 l1d
21 40 4 l1d
21 40 5 l1d
21 41 4 l1d
21 41 5 l1d
21 48 3 l1d
21 48 5 l1d
21 49 2 l1d
21 49 4 l1d
21 52 3 l1d
21 53 3 l1d
21 56 2 l1d
21 57 2 l1d
21 60 2 l1d
21 60 3 l1d
21 61 2 l1d
21 61 3 l1d
22 0 3 l1d
22 1 3 l1d
22 4 2 l1d
22 5 2 l1d
22 12 1 l1d
22 12 2 l1d
22 13 0 l1d
22 13 1 l1d
22 59 3 l1d
22 59 5 l1d
22 60 3 l1d
22 60 5 l1d
22 63 3 l1d
22 63 4 l1d
22 63 5 l1d
23 0 3 l1d
23 0 4 l1d
23 0 5 l1d
23 3 3 l1d
23 3 4 l1d
23 3 5 l1d
23 4 3 l1d
23 4 4 l1d
23 4 5 l1d
23 7 3 l1d
23 7 4 l1d
23 7 5 l1d
23 8 3 l1d
23 8 4 l1d
23 8 5 l1d
23 19 4 l1d
23 20 4 l1d
23 59 2 l1d
23 60 1 l1d
23 62 7 l1d
23 63 0 l1d
23 63 1 l1d
23 63 6 l1d
23 63 7 l1d
24 0 0 l1d
24 2 6 l1d
24 2 7 l1d
24 3 5 l1d
24 3 6 l1d
24 6 3 l1d
24 6 4 l1d
24 6 5 l1d
24 7 2 l1d
24 7 3 l1d
24 7 4 l1d
24 10 1 l1d
24 10 2 l1d
24 11 0 l1d
24 11 1 l1d
24 13 7 l1d
24 14 0 l1d
24 14 7 l1d
24 15 0 l1d
24 17 7 l1d
24 18 0 l1d
24 18 1 l1d
24 18 7 l1d
24 19 0 l1d
24 19 1 l1d
24 21 7 l1d
24 22 0 l1d
24 22 1 l1d
24 22 7 l1d
24 23 0 l1d
24 23 1 l1d
24 25 7 l1d
24 26 0 l1d
24 26 1 l1d
24 26 6 l1d
24 26 7 l1d
24 27 0 l1d
24 29 6 l1d
24 29 7 l1d
24 30 6 l1d
24 30 7 l1d
24 33 6 l1d
24 34 6 l1d
24 37 6 l1d
24 37 7 l1d
24 38 6 l1d
24 38 7 l1d
24 41 5 l1d
24 41 7 l1d
24 42 5 l1d
24 42 7 l1d
24 45 7 l1d
24 46 7 l1d
24 49 6 l1d
24 50 5 l1d
24 53 3 l1d
24 53 4 l1d
24 53 5 l1d
24 54 3 l1d
24 54 4 l1d
24 54 5 l1d
24 57 3 l1d
24 57 5 l1d
24 58 3 l1d
24 58 5 l1d
24 61 4 l1d
24 61 5 l1d
24 62 4 l1d
24 62 5 l1d
25 1 3 l1d
25 1 4 l1d
25 1 5 l1d
25 2 3 l1d
25 2 4 l1d
25 2 5 l1d
25 5 4 l1d
25 6 4 l1d
25 9 4 l1d
25 9 5 l1d
25 10 4 l1d
25 10 5 l1d
25 13 3 l1d
25 13 4 l1d
25 14 3 l1d
25 14 4 l1d
25 17 4 l1d
25 17 7 l1d
25 18 3 l1d
25 18 6 l1d
25 21 1 l1d
25 21 2 l1d
25 21 5 l1d
25 22 0 l1d
25 22 1 l1d
25 22 4 l1d
25 24 7 l1d
25 25 0 l1d
25 25 6 l1d
25 25 7 l1d
25 28 5 l1d
25 28 6 l1d
25 28 7 l1d
25 29 4 l1d
25 29 5 l1d
25 29 6 l1d
25 32 4 l1d
25 33 3 l1d
25 36 2 l1d
25 37 1 l1d
25 40 0 l1d
25 41 0 l1d
26 55 1 l1d
26 55 2 l1d
26 55 3 l1d
26 56 0 l1d
26 56 1 l1d
26 56 2 l1d
26 58 7 l1d
26 59 0 l1d
26 59 1 l1d
26 59 6 l1d
26 59 7 l1d
26 60 0 l1d
26 62 5 l1d
26 62 6 l1d
26 62 7 l1d
26 63 4 l1d
26 63 5 l1d
26 63 6 l1d
27 2 3 l1d
27 2 4 l1d
27 2 5 l1d
27 3 2 l1d
27 3 3 l1d
27 3 4 l1d
27 6 1 l1d
27 6 2 l1d
27 7 1 l1d
27 7 2 l1d
27 10 1 l1d
27 10 2 l1d
27 11 1 l1d
27 11 2 l1d
27 14 2 l1d
27 14 3 l1d
27 15 2 l1d
27 15 3 l1d
27 18 2 l1d
27 19 2 l1d
27 22 2 l1d
27 23 1 l1d
27 54 0 l1d
27 54 7 l1d
27 61 7 l1d
27 62 7 l1d
28 5 3 l1d
28 5 4 l1d
28 6 2 l1d
28 6 3 l1d
28 9 1 l1d
28 9 3 l1d
28 9 5 l1d
28 10 0 l1d
28 10 2 l1d
28 10 4 l1d
28 16 6 l1d
28 17 5 l1d
28 24 4 l1d
28 25 4 l1d
28 52 3 l1d
28 52 4 l1d
28 52 5 l1d
28 53 2 l1d
28 53 3 l1d
28 53 4 l1d
28 56 2 l1d
28 56 3 l1d
28 57 1 l1d
28 57 2 l1d
28 60 0 l1d
28 60 1 l1d
28 60 7 l1d
28 61 0 l1d
28 63 5 l1d
28 63 6 l1d
28 63 7 l1d
29 0 5 l1d
29 0 6 l1d
29 0 7 l1d
29 3 5 l1d
29 3 6 l1d
29 3 7 l1d
29 4 4 l1d
29 4 5 l1d
29 4 6 l1d
29 7 5 l1d
29 8 4 l1d
29 11 3 l1d
29 12 2 l1d
29 15 0 l1d
29 15 1 l1d
29 16 0 l1d
29 16 1 l1d
29 27 0 l1d
29 28 0 l1d
29 35 0 l1d
29 35 1 l1d
29 36 0 l1d
29 36 1 l1d
29 39 1 l1d
29 40 0 l1d
29 50 4 l1d
29 51 3 l1d
29 58 2 l1d
29 59 2 l1d
30 18 3 l1d
30 19 3 l1d
30 22 2 l1d
30 22 3 l1d
30 23 2 l1d
30 23 3 l1d
30 30 3 l1d
30 31 2 l1d
30 33 7 l1d
30 34 7 l1d
30 50 0 l1d
30 51 0 l1d
31 9 4 l1d
31 10 4 l1d
31 13 4 l1d
31 14 4 l1d
31 17 5 l1d
31 18 4 l1d
31 25 2 l1d
31 26 1 l1d
