1 62 1 l1d
1 63 1 l1d
2 2 1 l1d
2 3 1 l1d
2 18 1 l1d
2 19 1 l1d
2 22 1 l1d
2 23 1 l1d
2 62 1 l1d
2 63 1 l1d
4 18 1 l1d
4 19 1 l1d
6 50 1 l1d
6 51 1 l1d
7 54 1 l1d
7 55 1 l1d
8 18 1 l1d
8 19 1 l1d
8 50 1 l1d
8 51 1 l1d
8 54 1 l1d
8 55 1 l1d
8 58 1 l1d
8 59 1 l1d
9 18 1 l1d
9 19 1 l1d
9 50 1 l1d
9 51 1 l1d
10 26 1 l1d
10 27 1 l1d
13 18 1 l1d
13 19 1 l1d
18 2 1 l1d
18 3 1 l1d
18 42 1 l1d
18 43 1 l1d
20 2 1 l1d
20 3 1 l1d
20 6 1 l1d
20 7 1 l1d
26 6 1 l1d
26 7 1 l1d
27 40 2 l1d
27 41 2 l1d
28 34 1 l1d
28 35 1 l1d
28 46 1 l1d
28 47 1 l1d
