1 26 2 l1d
1 27 2 l1d
7 50 1 l1d
7 51 1 l1d
16 30 2 l1d
16 31 2 l1d
16 38 2 l1d
16 39 2 l1d
17 6 1 l1d
17 7 1 l1d
18 14 2 l1d
18 15 2 l1d
18 22 2 l1d
18 23 2 l1d
18 34 2 l1d
18 35 2 l1d
18 38 2 l1d
18 39 2 l1d
18 46 2 l1d
18 47 2 l1d
19 6 2 l1d
19 7 2 l1d
20 46 2 l1d
20 47 2 l1d
20 62 2 l1d
20 63 2 l1d
21 10 2 l1d
21 11 2 l1d
21 14 2 l1d
21 15 2 l1d
21 38 2 l1d
21 39 2 l1d
21 42 2 l1d
21 43 2 l1d
21 46 1 l1d
21 47 1 l1d
23 6 1 l1d
23 6 2 l1d
23 7 1 l1d
23 7 2 l1d
23 10 1 l1d
23 10 2 l1d
23 11 1 l1d
23 11 2 l1d
23 14 1 l1d
23 14 2 l1d
23 15 1 l1d
23 15 2 l1d
26 30 2 l1d
26 31 2 l1d
27 2 2 l1d
27 3 2 l1d
27 6 2 l1d
27 7 2 l1d
27 10 1 l1d
27 10 2 l1d
27 11 1 l1d
27 11 2 l1d
27 26 2 l1d
27 27 2 l1d
27 50 2 l1d
27 51 2 l1d
28 14 2 l1d
28 15 2 l1d
28 22 2 l1d
28 23 2 l1d
28 54 2 l1d
28 55 2 l1d
28 58 1 l1d
28 59 1 l1d
29 6 2 l1d
29 7 2 l1d
29 14 1 l1d
29 15 1 l1d
29 18 2 l1d
29 19 2 l1d
29 34 2 l1d
29 35 2 l1d
29 46 2 l1d
29 47 2 l1d
30 30 1 l1d
30 31 1 l1d
31 10 2 l1d
31 11 2 l1d
31 26 1 l1d
31 27 1 l1d
31 34 1 l1d
31 35 1 l1d
31 38 2 l1d
31 39 2 l1d
31 42 2 l1d
31 43 2 l1d
