3 34 1 l1d
3 35 1 l1d
5 42 1 l1d
5 43 1 l1d
5 58 1 l1d
5 59 1 l1d
7 10 1 l1d
7 11 1 l1d
7 26 1 l1d
7 27 1 l1d
9 50 1 l1d
9 51 1 l1d
10 18 1 l1d
10 19 1 l1d
10 34 1 l1d
10 35 1 l1d
10 46 1 l1d
10 47 1 l1d
11 6 1 l1d
11 7 1 l1d
11 10 1 l1d
11 11 1 l1d
11 14 1 l1d
11 15 1 l1d
12 26 1 l1d
12 27 1 l1d
12 34 1 l1d
12 35 1 l1d
13 18 1 l1d
13 19 1 l1d
13 22 1 l1d
13 23 1 l1d
13 46 1 l1d
13 47 1 l1d
13 50 1 l1d
13 51 1 l1d
16 62 1 l1d
16 63 1 l1d
17 34 1 l1d
17 35 1 l1d
17 38 1 l1d
17 39 1 l1d
17 42 1 l1d
17 43 1 l1d
17 50 1 l1d
17 51 1 l1d
17 54 1 l1d
17 55 1 l1d
17 58 1 l1d
17 59 1 l1d
19 14 1 l1d
19 15 1 l1d
20 42 1 l1d
20 43 1 l1d
20 50 1 l1d
20 51 1 l1d
21 14 1 l1d
21 15 1 l1d
21 18 1 l1d
21 19 1 l1d
21 30 1 l1d
21 31 1 l1d
21 34 1 l1d
21 35 1 l1d
22 26 1 l1d
22 27 1 l1d
22 30 1 l1d
22 31 1 l1d
23 14 1 l1d
23 15 1 l1d
23 18 1 l1d
23 19 1 l1d
23 22 1 l1d
23 23 1 l1d
23 30 1 l1d
23 31 1 l1d
23 42 1 l1d
23 43 1 l1d
24 30 1 l1d
24 31 1 l1d
24 34 1 l1d
24 35 1 l1d
25 2 1 l1d
25 3 1 l1d
25 6 1 l1d
25 7 1 l1d
25 34 1 l1d
25 35 1 l1d
25 58 1 l1d
25 59 1 l1d
25 62 1 l1d
25 63 1 l1d
26 58 1 l1d
26 59 1 l1d
26 62 1 l1d
26 63 1 l1d
27 18 1 l1d
27 19 1 l1d
27 22 1 l1d
27 23 1 l1d
27 26 1 l1d
27 27 1 l1d
27 34 1 l1d
27 35 1 l1d
27 38 1 l1d
27 39 1 l1d
27 42 1 l1d
27 43 1 l1d
27 58 1 l1d
27 59 1 l1d
28 50 1 l1d
28 51 1 l1d
28 54 1 l1d
28 55 1 l1d
28 58 1 l1d
28 59 1 l1d
28 62 1 l1d
28 63 1 l1d
29 2 1 l1d
29 3 1 l1d
29 6 1 l1d
29 7 1 l1d
29 14 1 l1d
29 15 1 l1d
29 18 1 l1d
29 19 1 l1d
29 26 1 l1d
29 27 1 l1d
29 34 1 l1d
29 35 1 l1d
30 50 1 l1d
30 51 1 l1d
30 54 1 l1d
30 55 1 l1d
31 10 1 l1d
31 11 1 l1d
