4 8 3 l1d
4 9 3 l1d
5 4 7 l1d
5 5 7 l1d
7 12 7 l1d
7 13 7 l1d
9 20 7 l1d
9 21 7 l1d
9 24 3 l1d
9 25 3 l1d
13 28 3 l1d
13 29 3 l1d
15 20 7 l1d
15 21 7 l1d
15 24 7 l1d
15 25 7 l1d
16 32 7 l1d
16 33 7 l1d
16 52 6 l1d
16 53 6 l1d
16 60 7 l1d
16 61 7 l1d
17 0 6 l1d
17 1 6 l1d
17 28 3 l1d
17 28 7 l1d
17 29 3 l1d
17 29 7 l1d
18 52 6 l1d
18 53 6 l1d
20 8 6 l1d
20 9 6 l1d
21 20 3 l1d
21 20 7 l1d
21 21 3 l1d
21 21 7 l1d
21 32 6 l1d
21 33 6 l1d
22 24 3 l1d
22 25 3 l1d
24 24 6 l1d
24 24 7 l1d
24 25 6 l1d
24 25 7 l1d
25 20 7 l1d
25 21 7 l1d
25 24 3 l1d
25 25 3 l1d
26 24 7 l1d
26 25 7 l1d
26 28 3 l1d
26 28 6 l1d
26 29 3 l1d
26 29 6 l1d
26 32 3 l1d
26 32 7 l1d
26 33 3 l1d
26 33 7 l1d
27 0 7 l1d
27 1 7 l1d
27 18 6 l1d
27 19 6 l1d
27 24 3 l1d
27 25 3 l1d
27 28 7 l1d
27 29 7 l1d
28 20 7 l1d
28 21 7 l1d
29 20 7 l1d
29 21 7 l1d
29 32 7 l1d
29 33 7 l1d
29 52 6 l1d
29 53 6 l1d
29 60 3 l1d
29 61 3 l1d
30 0 7 l1d
30 1 7 l1d
30 20 6 l1d
30 20 7 l1d
30 21 6 l1d
30 21 7 l1d
30 24 6 l1d
30 25 6 l1d
30 32 7 l1d
30 33 7 l1d
31 20 7 l1d
31 21 7 l1d
31 28 3 l1d
31 28 7 l1d
31 29 3 l1d
31 29 7 l1d
31 32 7 l1d
31 33 7 l1d
