0 24 2 l1d
0 25 2 l1d
7 44 2 l1d
7 45 2 l1d
11 34 6 l1d
11 35 6 l1d
16 6 6 l1d
16 7 6 l1d
16 46 6 l1d
16 47 6 l1d
16 50 6 l1d
16 51 6 l1d
17 18 6 l1d
17 19 6 l1d
17 30 6 l1d
17 31 6 l1d
17 34 6 l1d
17 35 6 l1d
17 38 6 l1d
17 39 6 l1d
18 2 6 l1d
18 3 6 l1d
18 18 6 l1d
18 19 6 l1d
18 22 6 l1d
18 23 6 l1d
18 26 6 l1d
18 27 6 l1d
18 30 6 l1d
18 31 6 l1d
18 40 2 l1d
18 41 2 l1d
18 46 6 l1d
18 47 6 l1d
18 50 6 l1d
18 51 6 l1d
18 54 6 l1d
18 55 6 l1d
19 22 6 l1d
19 23 6 l1d
20 2 6 l1d
20 3 6 l1d
20 6 6 l1d
20 7 6 l1d
20 18 6 l1d
20 19 6 l1d
20 26 6 l1d
20 27 6 l1d
20 34 6 l1d
20 35 6 l1d
20 46 6 l1d
20 47 6 l1d
20 54 6 l1d
20 55 6 l1d
21 2 6 l1d
21 3 6 l1d
21 18 6 l1d
21 19 6 l1d
21 30 6 l1d
21 31 6 l1d
22 18 6 l1d
22 19 6 l1d
23 30 6 l1d
23 31 6 l1d
23 34 6 l1d
23 35 6 l1d
24 2 6 l1d
24 3 6 l1d
24 6 6 l1d
24 7 6 l1d
24 14 6 l1d
24 15 6 l1d
24 38 6 l1d
24 39 6 l1d
24 42 6 l1d
24 43 6 l1d
24 46 6 l1d
24 47 6 l1d
25 6 6 l1d
25 7 6 l1d
25 30 6 l1d
25 31 6 l1d
25 44 2 l1d
25 45 2 l1d
26 14 6 l1d
26 15 6 l1d
26 18 6 l1d
26 19 6 l1d
26 26 6 l1d
26 27 6 l1d
26 46 6 l1d
26 47 6 l1d
26 50 6 l1d
26 51 6 l1d
27 10 6 l1d
27 11 6 l1d
27 34 6 l1d
27 35 6 l1d
27 36 2 l1d
27 37 2 l1d
27 44 2 l1d
27 45 2 l1d
28 18 6 l1d
28 19 6 l1d
28 38 6 l1d
28 39 6 l1d
29 14 6 l1d
29 15 6 l1d
29 34 6 l1d
29 35 6 l1d
30 18 6 l1d
30 19 6 l1d
30 34 6 l1d
30 35 6 l1d
31 18 6 l1d
31 19 6 l1d
31 26 6 l1d
31 27 6 l1d
