16 22 5 l1d
16 23 5 l1d
16 24 7 l1d
16 25 7 l1d
16 26 5 l1d
16 27 5 l1d
17 2 5 l1d
17 3 5 l1d
17 18 5 l1d
17 19 5 l1d
17 44 7 l1d
17 45 7 l1d
17 54 5 l1d
17 55 5 l1d
18 18 5 l1d
18 19 5 l1d
18 22 5 l1d
18 23 5 l1d
18 42 5 l1d
18 43 5 l1d
18 46 5 l1d
18 47 5 l1d
19 18 5 l1d
19 19 5 l1d
19 22 1 l1d
19 22 5 l1d
19 23 1 l1d
19 23 5 l1d
19 26 5 l1d
19 27 5 l1d
19 30 5 l1d
19 31 5 l1d
19 38 5 l1d
19 39 5 l1d
19 48 7 l1d
19 49 7 l1d
20 18 5 l1d
20 19 5 l1d
20 22 5 l1d
20 23 5 l1d
21 34 5 l1d
21 35 5 l1d
21 50 5 l1d
21 51 5 l1d
21 54 5 l1d
21 55 5 l1d
23 22 5 l1d
23 23 5 l1d
23 38 5 l1d
23 39 5 l1d
24 20 7 l1d
24 21 7 l1d
24 26 1 l1d
24 27 1 l1d
24 34 5 l1d
24 35 5 l1d
25 6 5 l1d
25 7 5 l1d
25 18 5 l1d
25 19 5 l1d
25 38 5 l1d
25 39 5 l1d
25 42 5 l1d
25 43 5 l1d
25 46 5 l1d
25 47 5 l1d
26 2 5 l1d
26 3 5 l1d
26 6 5 l1d
26 7 5 l1d
26 18 5 l1d
26 19 5 l1d
26 22 5 l1d
26 23 5 l1d
26 30 5 l1d
26 31 5 l1d
26 34 5 l1d
26 35 5 l1d
27 18 5 l1d
27 19 5 l1d
27 38 5 l1d
27 39 5 l1d
27 50 5 l1d
27 51 5 l1d
27 54 5 l1d
27 55 5 l1d
28 18 5 l1d
28 19 5 l1d
28 26 5 l1d
28 27 5 l1d
30 18 5 l1d
30 19 5 l1d
30 26 5 l1d
30 27 5 l1d
30 30 5 l1d
30 31 5 l1d
30 38 5 l1d
30 39 5 l1d
31 18 5 l1d
31 19 5 l1d
