2 20 1 l1d
2 21 1 l1d
7 32 3 l1d
7 33 3 l1d
10 20 3 l1d
10 21 3 l1d
10 48 3 l1d
10 49 3 l1d
12 20 3 l1d
12 21 3 l1d
18 32 3 l1d
18 33 3 l1d
19 8 3 l1d
19 9 3 l1d
19 12 3 l1d
19 13 3 l1d
20 44 3 l1d
20 45 3 l1d
21 8 3 l1d
21 9 3 l1d
21 36 3 l1d
21 37 3 l1d
21 48 3 l1d
21 49 3 l1d
23 4 3 l1d
23 5 3 l1d
23 12 3 l1d
23 13 3 l1d
23 60 3 l1d
23 61 3 l1d
26 44 3 l1d
26 45 3 l1d
26 48 3 l1d
26 49 3 l1d
27 4 3 l1d
27 4 6 l1d
27 5 3 l1d
27 5 6 l1d
27 8 3 l1d
27 9 3 l1d
27 12 2 l1d
27 13 1 l1d
27 16 1 l1d
27 17 1 l1d
27 20 1 l1d
27 21 1 l1d
27 40 1 l1d
27 41 1 l1d
27 44 1 l1d
27 45 1 l1d
29 20 1 l1d
29 21 1 l1d
29 40 1 l1d
29 41 1 l1d
29 44 1 l1d
29 45 1 l1d
31 20 1 l1d
31 21 1 l1d
31 32 1 l1d
31 33 1 l1d
31 44 1 l1d
31 45 1 l1d
