1 42 1 l1d
1 43 1 l1d
3 18 1 l1d
3 19 1 l1d
4 26 1 l1d
4 27 1 l1d
4 42 1 l1d
4 43 1 l1d
7 32 6 l1d
7 33 6 l1d
7 38 1 l1d
7 39 1 l1d
8 46 1 l1d
8 47 1 l1d
10 38 1 l1d
10 39 1 l1d
11 38 1 l1d
11 39 1 l1d
14 22 1 l1d
14 23 1 l1d
16 34 1 l1d
16 35 1 l1d
16 42 1 l1d
16 43 1 l1d
17 50 1 l1d
17 51 1 l1d
17 54 1 l1d
17 55 1 l1d
17 58 1 l1d
17 59 1 l1d
17 62 1 l1d
17 63 1 l1d
18 26 1 l1d
18 27 1 l1d
18 42 1 l1d
18 43 1 l1d
19 30 1 l1d
19 31 1 l1d
20 62 1 l1d
20 63 1 l1d
24 26 1 l1d
24 27 1 l1d
24 30 1 l1d
24 31 1 l1d
25 22 1 l1d
25 23 1 l1d
25 30 1 l1d
25 31 1 l1d
27 2 1 l1d
27 3 1 l1d
27 10 1 l1d
27 11 1 l1d
27 14 1 l1d
27 15 1 l1d
28 18 1 l1d
28 19 1 l1d
28 22 1 l1d
28 23 1 l1d
29 18 1 l1d
29 19 1 l1d
29 26 1 l1d
29 27 1 l1d
29 30 1 l1d
29 31 1 l1d
29 34 1 l1d
29 35 1 l1d
30 22 1 l1d
30 23 1 l1d
30 32 6 l1d
30 33 6 l1d
31 26 1 l1d
31 27 1 l1d
31 38 1 l1d
31 39 1 l1d
