2 10 2 l1d
2 11 2 l1d
3 46 2 l1d
3 47 2 l1d
3 58 2 l1d
3 59 2 l1d
4 62 2 l1d
4 63 2 l1d
6 22 2 l1d
6 23 2 l1d
7 30 2 l1d
7 31 2 l1d
10 50 2 l1d
10 51 2 l1d
10 54 2 l1d
10 54 6 l1d
10 55 2 l1d
10 55 6 l1d
12 18 2 l1d
12 19 2 l1d
13 26 2 l1d
13 27 2 l1d
13 30 2 l1d
13 31 2 l1d
16 22 2 l1d
16 23 2 l1d
16 42 2 l1d
16 43 2 l1d
17 18 2 l1d
17 19 2 l1d
17 22 6 l1d
17 23 6 l1d
17 30 2 l1d
17 31 2 l1d
18 2 2 l1d
18 2 6 l1d
18 3 2 l1d
18 3 6 l1d
18 6 2 l1d
18 7 2 l1d
18 10 2 l1d
18 11 2 l1d
18 42 2 l1d
18 42 6 l1d
18 43 2 l1d
18 43 6 l1d
18 46 2 l1d
18 47 2 l1d
18 50 2 l1d
18 51 2 l1d
19 30 2 l1d
19 31 2 l1d
19 38 2 l1d
19 39 2 l1d
19 42 2 l1d
19 42 6 l1d
19 43 2 l1d
19 43 6 l1d
19 46 2 l1d
19 47 2 l1d
20 14 2 l1d
20 15 2 l1d
20 18 2 l1d
20 19 2 l1d
20 22 2 l1d
20 23 2 l1d
20 26 2 l1d
20 27 2 l1d
20 30 6 l1d
20 31 6 l1d
20 34 2 l1d
20 35 2 l1d
20 38 2 l1d
20 39 2 l1d
20 46 2 l1d
20 47 2 l1d
20 50 2 l1d
20 50 6 l1d
20 51 2 l1d
20 51 6 l1d
20 54 2 l1d
20 55 2 l1d
20 58 2 l1d
20 59 2 l1d
20 62 2 l1d
20 62 6 l1d
20 63 2 l1d
20 63 6 l1d
21 2 2 l1d
21 3 2 l1d
21 6 2 l1d
21 7 2 l1d
21 10 6 l1d
21 11 6 l1d
21 14 2 l1d
21 15 2 l1d
21 18 2 l1d
21 19 2 l1d
21 30 2 l1d
21 31 2 l1d
21 50 2 l1d
21 51 2 l1d
21 54 2 l1d
21 55 2 l1d
22 2 2 l1d
22 3 2 l1d
22 18 2 l1d
22 19 2 l1d
22 22 2 l1d
22 23 2 l1d
22 26 2 l1d
22 27 2 l1d
22 30 2 l1d
22 30 6 l1d
22 31 2 l1d
22 31 6 l1d
22 34 2 l1d
22 34 6 l1d
22 35 2 l1d
22 35 6 l1d
22 42 2 l1d
22 43 2 l1d
22 46 2 l1d
22 47 2 l1d
22 50 2 l1d
22 51 2 l1d
22 54 6 l1d
22 55 6 l1d
22 62 2 l1d
22 63 2 l1d
23 2 2 l1d
23 3 2 l1d
23 14 2 l1d
23 15 2 l1d
23 22 6 l1d
23 23 6 l1d
24 22 2 l1d
24 23 2 l1d
24 26 2 l1d
24 27 2 l1d
24 38 2 l1d
24 39 2 l1d
24 42 2 l1d
24 43 2 l1d
24 50 2 l1d
24 51 2 l1d
24 54 2 l1d
24 55 2 l1d
24 58 2 l1d
24 59 2 l1d
24 62 2 l1d
24 63 2 l1d
25 10 6 l1d
25 11 6 l1d
25 18 2 l1d
25 19 2 l1d
25 30 2 l1d
25 31 2 l1d
25 42 2 l1d
25 42 6 l1d
25 43 2 l1d
25 43 6 l1d
25 46 2 l1d
25 47 2 l1d
25 50 2 l1d
25 51 2 l1d
25 54 2 l1d
25 55 2 l1d
25 58 2 l1d
25 59 2 l1d
25 62 2 l1d
25 63 2 l1d
26 6 2 l1d
26 7 2 l1d
26 34 2 l1d
26 35 2 l1d
26 54 2 l1d
26 55 2 l1d
26 62 2 l1d
26 62 6 l1d
26 63 2 l1d
26 63 6 l1d
27 18 2 l1d
27 19 2 l1d
27 22 2 l1d
27 23 2 l1d
27 34 2 l1d
27 35 2 l1d
27 42 2 l1d
27 43 2 l1d
27 50 2 l1d
27 51 2 l1d
28 2 2 l1d
28 3 2 l1d
28 6 2 l1d
28 7 2 l1d
28 34 2 l1d
28 35 2 l1d
28 42 2 l1d
28 43 2 l1d
28 46 2 l1d
28 46 6 l1d
28 47 2 l1d
28 47 6 l1d
29 58 2 l1d
29 59 2 l1d
30 30 2 l1d
30 31 2 l1d
30 42 2 l1d
30 43 2 l1d
30 62 2 l1d
30 63 2 l1d
31 10 2 l1d
31 11 2 l1d
31 26 2 l1d
31 27 2 l1d
31 30 2 l1d
31 31 2 l1d
