0 22 7 l1d
0 23 7 l1d
0 34 7 l1d
0 35 7 l1d
0 38 7 l1d
0 39 7 l1d
0 50 7 l1d
0 51 7 l1d
0 54 7 l1d
0 55 7 l1d
0 58 7 l1d
0 59 7 l1d
0 62 7 l1d
0 63 7 l1d
1 2 7 l1d
1 3 7 l1d
1 10 7 l1d
1 11 7 l1d
1 14 7 l1d
1 15 7 l1d
1 26 7 l1d
1 27 7 l1d
1 30 7 l1d
1 31 7 l1d
1 38 7 l1d
1 39 7 l1d
1 54 7 l1d
1 55 7 l1d
2 18 7 l1d
2 19 7 l1d
2 58 7 l1d
2 59 7 l1d
4 26 7 l1d
4 27 7 l1d
4 30 7 l1d
4 31 7 l1d
4 34 7 l1d
4 35 7 l1d
4 38 7 l1d
4 39 7 l1d
4 46 7 l1d
4 47 7 l1d
4 50 7 l1d
4 51 7 l1d
4 58 7 l1d
4 59 7 l1d
5 6 7 l1d
5 7 7 l1d
5 18 7 l1d
5 19 7 l1d
5 22 7 l1d
5 23 7 l1d
5 26 7 l1d
5 27 7 l1d
5 42 7 l1d
5 43 7 l1d
5 46 7 l1d
5 47 7 l1d
5 58 7 l1d
5 59 7 l1d
6 2 7 l1d
6 3 7 l1d
6 26 7 l1d
6 27 7 l1d
6 62 7 l1d
6 63 7 l1d
7 18 7 l1d
7 19 7 l1d
7 22 7 l1d
7 23 7 l1d
7 26 7 l1d
7 27 7 l1d
7 30 7 l1d
7 31 7 l1d
7 42 7 l1d
7 43 7 l1d
7 50 7 l1d
7 51 7 l1d
8 2 7 l1d
8 3 7 l1d
8 6 7 l1d
8 7 7 l1d
8 10 7 l1d
8 11 7 l1d
8 26 7 l1d
8 27 7 l1d
8 30 7 l1d
8 31 7 l1d
8 62 7 l1d
8 63 7 l1d
9 22 7 l1d
9 23 7 l1d
9 26 7 l1d
9 27 7 l1d
10 2 7 l1d
10 3 7 l1d
10 18 7 l1d
10 19 7 l1d
10 22 7 l1d
10 23 7 l1d
10 42 7 l1d
10 43 7 l1d
11 18 7 l1d
11 19 7 l1d
11 22 7 l1d
11 23 7 l1d
11 62 7 l1d
11 63 7 l1d
12 38 7 l1d
12 39 7 l1d
12 54 7 l1d
12 55 7 l1d
12 58 7 l1d
12 59 7 l1d
13 14 7 l1d
13 15 7 l1d
14 18 7 l1d
14 19 7 l1d
14 42 7 l1d
14 43 7 l1d
14 50 7 l1d
14 51 7 l1d
14 54 7 l1d
14 55 7 l1d
14 58 7 l1d
14 59 7 l1d
14 62 7 l1d
14 63 7 l1d
15 18 7 l1d
15 19 7 l1d
15 22 7 l1d
15 23 7 l1d
15 26 7 l1d
15 27 7 l1d
15 30 7 l1d
15 31 7 l1d
15 42 7 l1d
15 43 7 l1d
15 58 7 l1d
15 59 7 l1d
16 42 7 l1d
16 43 7 l1d
17 2 7 l1d
17 3 7 l1d
17 6 7 l1d
17 7 7 l1d
17 14 7 l1d
17 15 7 l1d
18 14 7 l1d
18 15 7 l1d
18 18 7 l1d
18 19 7 l1d
18 26 7 l1d
18 27 7 l1d
18 34 7 l1d
18 35 7 l1d
18 62 7 l1d
18 63 7 l1d
19 2 7 l1d
19 3 7 l1d
19 34 7 l1d
19 35 7 l1d
19 42 7 l1d
19 43 7 l1d
19 46 7 l1d
19 47 7 l1d
19 54 7 l1d
19 55 7 l1d
20 2 7 l1d
20 3 7 l1d
20 6 7 l1d
20 7 7 l1d
20 10 7 l1d
20 11 7 l1d
20 14 7 l1d
20 15 7 l1d
20 18 7 l1d
20 19 7 l1d
20 22 7 l1d
20 23 7 l1d
20 26 7 l1d
20 27 7 l1d
20 30 7 l1d
20 31 7 l1d
20 34 7 l1d
20 35 7 l1d
20 42 7 l1d
20 43 7 l1d
20 50 7 l1d
20 51 7 l1d
20 58 7 l1d
20 59 7 l1d
21 6 7 l1d
21 7 7 l1d
21 10 7 l1d
21 11 7 l1d
21 14 7 l1d
21 15 7 l1d
21 18 7 l1d
21 19 7 l1d
21 22 7 l1d
21 23 7 l1d
21 26 7 l1d
21 27 7 l1d
21 34 7 l1d
21 35 7 l1d
21 38 7 l1d
21 39 7 l1d
21 42 7 l1d
21 43 7 l1d
21 54 7 l1d
21 55 7 l1d
21 58 7 l1d
21 59 7 l1d
22 10 7 l1d
22 11 7 l1d
22 26 7 l1d
22 27 7 l1d
22 38 7 l1d
22 39 7 l1d
22 42 7 l1d
22 43 7 l1d
23 2 7 l1d
23 3 7 l1d
23 10 7 l1d
23 11 7 l1d
23 14 7 l1d
23 15 7 l1d
23 42 7 l1d
23 43 7 l1d
24 2 7 l1d
24 3 7 l1d
24 22 7 l1d
24 23 7 l1d
24 26 7 l1d
24 27 7 l1d
24 30 7 l1d
24 31 7 l1d
25 18 7 l1d
25 19 7 l1d
25 22 7 l1d
25 23 7 l1d
26 14 7 l1d
26 15 7 l1d
26 34 7 l1d
26 35 7 l1d
27 10 7 l1d
27 11 7 l1d
27 18 7 l1d
27 19 7 l1d
27 62 7 l1d
27 63 7 l1d
28 2 7 l1d
28 3 7 l1d
28 6 7 l1d
28 7 7 l1d
28 10 7 l1d
28 11 7 l1d
28 14 7 l1d
28 15 7 l1d
28 22 7 l1d
28 23 7 l1d
28 26 7 l1d
28 27 7 l1d
28 42 7 l1d
28 43 7 l1d
28 46 7 l1d
28 47 7 l1d
28 50 7 l1d
28 51 7 l1d
29 10 7 l1d
29 11 7 l1d
29 26 7 l1d
29 27 7 l1d
29 42 7 l1d
29 43 7 l1d
29 46 7 l1d
29 47 7 l1d
30 6 7 l1d
30 7 7 l1d
30 18 7 l1d
30 19 7 l1d
30 46 7 l1d
30 47 7 l1d
30 50 7 l1d
30 51 7 l1d
30 54 7 l1d
30 55 7 l1d
30 62 7 l1d
30 63 7 l1d
31 14 7 l1d
31 15 7 l1d
31 26 7 l1d
31 27 7 l1d
31 58 7 l1d
31 59 7 l1d
