10 42 2 l1d
10 43 2 l1d
16 6 2 l1d
16 7 2 l1d
16 34 2 l1d
16 35 2 l1d
16 38 2 l1d
16 39 2 l1d
17 18 2 l1d
17 19 2 l1d
17 22 2 l1d
17 23 2 l1d
18 26 2 l1d
18 27 2 l1d
18 34 2 l1d
18 35 2 l1d
19 0 2 l1d
19 1 2 l1d
19 6 2 l1d
19 7 2 l1d
19 34 2 l1d
19 35 2 l1d
20 2 2 l1d
20 3 2 l1d
20 22 2 l1d
20 23 2 l1d
21 12 7 l1d
21 13 7 l1d
22 36 7 l1d
22 37 7 l1d
23 18 2 l1d
23 19 2 l1d
24 28 7 l1d
24 29 7 l1d
25 22 2 l1d
25 23 2 l1d
25 50 3 l1d
25 50 5 l1d
25 51 3 l1d
25 51 5 l1d
25 58 2 l1d
25 59 2 l1d
25 62 2 l1d
25 63 2 l1d
26 2 2 l1d
26 3 2 l1d
26 10 2 l1d
26 11 2 l1d
26 14 2 l1d
26 15 2 l1d
26 22 2 l1d
26 23 2 l1d
26 30 2 l1d
26 31 2 l1d
27 18 2 l1d
27 18 5 l1d
27 19 2 l1d
27 19 5 l1d
27 26 2 l1d
27 27 2 l1d
27 30 2 l1d
27 30 5 l1d
27 31 2 l1d
27 31 5 l1d
28 34 2 l1d
28 35 2 l1d
29 18 2 l1d
29 19 2 l1d
29 22 2 l1d
29 23 2 l1d
29 30 5 l1d
29 31 5 l1d
30 46 2 l1d
30 47 2 l1d
30 54 2 l1d
30 55 2 l1d
31 18 2 l1d
31 19 2 l1d
31 22 2 l1d
31 23 2 l1d
