0 0 1 l1d
0 1 1 l1d
1 58 1 l1d
1 59 1 l1d
1 62 1 l1d
1 63 1 l1d
2 18 1 l1d
2 19 1 l1d
2 26 1 l1d
2 27 1 l1d
2 30 1 l1d
2 31 1 l1d
4 18 1 l1d
4 19 1 l1d
4 26 1 l1d
4 27 1 l1d
4 30 1 l1d
4 31 1 l1d
5 50 1 l1d
5 51 1 l1d
6 2 1 l1d
6 3 1 l1d
6 10 1 l1d
6 11 1 l1d
6 18 1 l1d
6 19 1 l1d
9 34 1 l1d
9 35 1 l1d
9 46 1 l1d
9 47 1 l1d
10 14 1 l1d
10 15 1 l1d
10 34 1 l1d
10 35 1 l1d
11 50 1 l1d
11 51 1 l1d
12 14 1 l1d
12 15 1 l1d
12 34 1 l1d
12 35 1 l1d
13 34 1 l1d
13 35 1 l1d
13 50 1 l1d
13 51 1 l1d
15 22 1 l1d
15 23 1 l1d
16 42 1 l1d
16 43 1 l1d
17 34 1 l1d
17 35 1 l1d
19 34 1 l1d
19 35 1 l1d
19 42 1 l1d
19 43 1 l1d
23 6 1 l1d
23 7 1 l1d
23 10 1 l1d
23 11 1 l1d
23 14 1 l1d
23 15 1 l1d
23 38 1 l1d
23 39 1 l1d
23 42 1 l1d
23 43 1 l1d
25 34 1 l1d
25 35 1 l1d
25 42 1 l1d
25 43 1 l1d
25 46 1 l1d
25 47 1 l1d
27 2 1 l1d
27 3 1 l1d
27 42 1 l1d
27 43 1 l1d
28 42 1 l1d
28 43 1 l1d
29 14 1 l1d
29 15 1 l1d
31 50 1 l1d
31 51 1 l1d
