1 2 5 l1d
1 3 5 l1d
3 62 5 l1d
3 63 5 l1d
4 50 5 l1d
4 51 5 l1d
5 30 5 l1d
5 31 5 l1d
5 54 5 l1d
5 55 5 l1d
7 30 5 l1d
7 31 5 l1d
7 34 5 l1d
7 35 5 l1d
7 38 5 l1d
7 39 5 l1d
9 14 5 l1d
9 15 5 l1d
10 34 5 l1d
10 35 5 l1d
10 46 5 l1d
10 47 5 l1d
11 18 5 l1d
11 19 5 l1d
13 18 5 l1d
13 19 5 l1d
17 18 5 l1d
17 19 5 l1d
17 22 5 l1d
17 23 5 l1d
17 34 5 l1d
17 35 5 l1d
17 38 5 l1d
17 39 5 l1d
17 46 5 l1d
17 47 5 l1d
18 2 5 l1d
18 3 5 l1d
18 14 5 l1d
18 15 5 l1d
18 34 5 l1d
18 35 5 l1d
18 38 5 l1d
18 39 5 l1d
18 46 5 l1d
18 47 5 l1d
18 62 5 l1d
18 63 5 l1d
19 14 5 l1d
19 15 5 l1d
19 46 5 l1d
19 47 5 l1d
20 14 5 l1d
20 15 5 l1d
20 34 5 l1d
20 35 5 l1d
20 46 5 l1d
20 47 5 l1d
21 34 5 l1d
21 35 5 l1d
22 30 5 l1d
22 31 5 l1d
22 34 5 l1d
22 35 5 l1d
22 54 5 l1d
22 55 5 l1d
23 14 5 l1d
23 15 5 l1d
23 50 5 l1d
23 51 5 l1d
23 62 5 l1d
23 63 5 l1d
24 46 5 l1d
24 47 5 l1d
26 14 5 l1d
26 15 5 l1d
26 34 5 l1d
26 35 5 l1d
26 50 5 l1d
26 51 5 l1d
29 38 5 l1d
29 39 5 l1d
29 46 5 l1d
29 47 5 l1d
30 46 5 l1d
30 47 5 l1d
30 50 5 l1d
30 51 5 l1d
30 62 5 l1d
30 63 5 l1d
31 34 5 l1d
31 35 5 l1d
