0 4 1 l1d
0 5 1 l1d
0 24 2 l1d
0 25 2 l1d
0 56 2 l1d
0 57 2 l1d
0 60 1 l1d
0 61 1 l1d
1 0 1 l1d
1 1 1 l1d
1 4 1 l1d
1 5 1 l1d
1 16 1 l1d
1 17 1 l1d
1 20 1 l1d
1 21 1 l1d
1 24 1 l1d
1 25 1 l1d
1 28 1 l1d
1 29 1 l1d
2 36 1 l1d
2 37 1 l1d
2 52 1 l1d
2 52 3 l1d
2 53 1 l1d
2 53 3 l1d
2 56 1 l1d
2 57 1 l1d
3 16 1 l1d
3 17 1 l1d
3 20 1 l1d
3 21 1 l1d
3 24 1 l1d
3 24 3 l1d
3 25 1 l1d
3 25 3 l1d
3 28 1 l1d
3 28 3 l1d
3 29 1 l1d
3 29 3 l1d
3 30 7 l1d
3 31 7 l1d
3 32 1 l1d
3 32 2 l1d
3 32 3 l1d
3 33 1 l1d
3 33 2 l1d
3 33 3 l1d
4 19 7 l1d
4 20 0 l1d
4 20 7 l1d
4 21 0 l1d
4 23 7 l1d
4 24 0 l1d
4 24 7 l1d
4 25 0 l1d
4 27 7 l1d
4 28 1 l1d
4 28 7 l1d
4 29 1 l1d
4 51 7 l1d
4 52 7 l1d
4 56 0 l1d
4 57 0 l1d
4 60 0 l1d
4 61 0 l1d
6 19 7 l1d
6 20 7 l1d
6 23 7 l1d
6 24 7 l1d
6 28 1 l1d
6 29 1 l1d
6 40 0 l1d
6 41 0 l1d
6 47 7 l1d
6 48 7 l1d
7 15 7 l1d
7 16 7 l1d
7 19 7 l1d
7 20 0 l1d
7 20 7 l1d
7 21 0 l1d
7 24 0 l1d
7 25 0 l1d
7 27 7 l1d
7 28 7 l1d
7 31 7 l1d
7 32 7 l1d
8 15 7 l1d
8 16 7 l1d
8 27 7 l1d
8 28 7 l1d
8 31 7 l1d
8 32 7 l1d
9 23 7 l1d
9 24 7 l1d
9 26 5 l1d
9 27 5 l1d
9 31 7 l1d
9 32 7 l1d
10 3 7 l1d
10 4 7 l1d
10 7 7 l1d
10 8 7 l1d
10 15 7 l1d
10 16 7 l1d
10 44 0 l1d
10 45 0 l1d
10 47 7 l1d
10 48 7 l1d
11 0 0 l1d
11 1 0 l1d
12 4 0 l1d
12 5 0 l1d
12 7 7 l1d
12 8 7 l1d
12 19 7 l1d
12 20 7 l1d
12 23 7 l1d
12 24 7 l1d
12 27 7 l1d
12 28 7 l1d
12 31 7 l1d
12 32 1 l1d
12 32 7 l1d
12 33 1 l1d
12 39 7 l1d
12 40 7 l1d
12 48 0 l1d
12 49 0 l1d
12 51 7 l1d
12 52 7 l1d
13 24 0 l1d
13 25 0 l1d
13 27 7 l1d
13 28 0 l1d
13 28 7 l1d
13 29 0 l1d
13 31 7 l1d
13 32 7 l1d
13 43 7 l1d
13 44 7 l1d
14 20 0 l1d
14 21 0 l1d
14 23 7 l1d
14 24 7 l1d
14 27 7 l1d
14 28 7 l1d
14 32 1 l1d
14 33 1 l1d
15 19 7 l1d
15 20 7 l1d
15 23 7 l1d
15 24 1 l1d
15 24 7 l1d
15 25 1 l1d
15 26 5 l1d
15 27 5 l1d
15 31 7 l1d
15 32 0 l1d
15 32 7 l1d
15 33 0 l1d
