16 18 3 l1d
16 19 3 l1d
17 34 3 l1d
17 35 3 l1d
17 54 3 l1d
17 55 3 l1d
19 2 3 l1d
19 3 3 l1d
19 6 3 l1d
19 7 3 l1d
19 10 3 l1d
19 11 3 l1d
19 34 3 l1d
19 35 3 l1d
20 34 3 l1d
20 35 3 l1d
20 38 3 l1d
20 39 3 l1d
20 44 6 l1d
20 45 6 l1d
21 22 3 l1d
21 23 3 l1d
21 30 3 l1d
21 31 3 l1d
21 38 3 l1d
21 39 3 l1d
22 22 3 l1d
22 23 3 l1d
24 2 3 l1d
24 3 3 l1d
24 18 3 l1d
24 19 3 l1d
25 30 3 l1d
25 31 3 l1d
26 34 3 l1d
26 35 3 l1d
26 42 3 l1d
26 43 3 l1d
26 46 3 l1d
26 47 3 l1d
27 38 3 l1d
27 39 3 l1d
27 42 3 l1d
27 43 3 l1d
27 46 3 l1d
27 47 3 l1d
28 42 3 l1d
28 43 3 l1d
28 46 3 l1d
28 47 3 l1d
29 6 3 l1d
29 7 3 l1d
29 42 3 l1d
29 43 3 l1d
29 50 3 l1d
29 51 3 l1d
