0 42 2 l1d
0 43 2 l1d
0 62 2 l1d
0 63 2 l1d
1 30 2 l1d
1 31 2 l1d
4 42 2 l1d
4 43 2 l1d
4 46 2 l1d
4 47 2 l1d
7 54 2 l1d
7 55 2 l1d
8 2 2 l1d
8 3 2 l1d
8 50 2 l1d
8 51 2 l1d
8 62 2 l1d
8 63 2 l1d
9 2 2 l1d
9 3 2 l1d
9 10 2 l1d
9 11 2 l1d
9 18 2 l1d
9 19 2 l1d
9 30 2 l1d
9 31 2 l1d
10 6 2 l1d
10 7 2 l1d
10 22 2 l1d
10 23 2 l1d
10 30 2 l1d
10 31 2 l1d
10 34 2 l1d
10 35 2 l1d
10 38 2 l1d
10 39 2 l1d
10 42 2 l1d
10 43 2 l1d
11 6 2 l1d
11 7 2 l1d
11 18 2 l1d
11 19 2 l1d
12 10 2 l1d
12 11 2 l1d
12 42 2 l1d
12 43 2 l1d
13 10 2 l1d
13 11 2 l1d
13 14 2 l1d
13 15 2 l1d
14 38 2 l1d
14 39 2 l1d
15 50 2 l1d
15 51 2 l1d
16 18 2 l1d
16 19 2 l1d
17 32 7 l1d
17 33 7 l1d
19 20 7 l1d
19 21 7 l1d
19 24 7 l1d
19 25 7 l1d
20 44 7 l1d
20 45 7 l1d
22 28 7 l1d
22 29 7 l1d
23 10 2 l1d
23 11 2 l1d
24 36 7 l1d
24 37 7 l1d
25 20 7 l1d
25 21 7 l1d
25 48 7 l1d
25 49 7 l1d
26 18 2 l1d
26 19 2 l1d
26 30 2 l1d
26 31 2 l1d
26 36 7 l1d
26 37 7 l1d
27 2 2 l1d
27 3 2 l1d
27 18 2 l1d
27 19 2 l1d
27 22 2 l1d
27 23 2 l1d
27 60 7 l1d
27 61 7 l1d
28 16 7 l1d
28 17 7 l1d
28 18 2 l1d
28 19 2 l1d
28 20 7 l1d
28 21 7 l1d
28 44 7 l1d
28 45 7 l1d
28 48 7 l1d
28 49 7 l1d
28 56 7 l1d
28 57 7 l1d
28 60 7 l1d
28 61 7 l1d
29 18 2 l1d
29 19 2 l1d
30 18 2 l1d
30 19 2 l1d
31 42 2 l1d
31 43 2 l1d
31 60 7 l1d
31 61 7 l1d
