17 42 3 l1d
17 43 3 l1d
17 54 3 l1d
17 55 3 l1d
18 18 2 l1d
18 19 2 l1d
19 26 2 l1d
19 27 2 l1d
20 34 2 l1d
20 35 2 l1d
22 2 5 l1d
22 3 5 l1d
22 22 3 l1d
22 23 3 l1d
22 62 3 l1d
22 63 3 l1d
23 30 3 l1d
23 31 3 l1d
23 34 3 l1d
23 35 3 l1d
24 58 2 l1d
24 59 2 l1d
25 42 3 l1d
25 43 3 l1d
25 50 5 l1d
25 51 5 l1d
27 34 3 l1d
27 35 3 l1d
27 38 3 l1d
27 39 3 l1d
28 34 3 l1d
28 35 3 l1d
28 38 3 l1d
28 39 3 l1d
28 42 3 l1d
28 43 3 l1d
28 46 3 l1d
28 47 3 l1d
28 58 3 l1d
28 59 3 l1d
28 62 3 l1d
28 63 3 l1d
29 18 2 l1d
29 19 2 l1d
29 22 2 l1d
29 23 2 l1d
29 26 2 l1d
29 27 2 l1d
30 50 2 l1d
30 51 2 l1d
31 46 3 l1d
31 47 3 l1d
31 50 3 l1d
31 51 3 l1d
