0 24 2 l1d
0 24 3 l1d
0 25 2 l1d
0 25 3 l1d
0 36 2 l1d
0 37 2 l1d
0 40 2 l1d
0 41 2 l1d
1 0 2 l1d
1 1 2 l1d
1 20 5 l1d
1 21 5 l1d
1 48 2 l1d
1 49 2 l1d
2 36 2 l1d
2 37 2 l1d
2 40 2 l1d
2 41 2 l1d
2 44 2 l1d
2 45 2 l1d
2 48 5 l1d
2 49 5 l1d
3 36 2 l1d
3 37 2 l1d
3 40 2 l1d
3 41 2 l1d
3 48 2 l1d
3 49 2 l1d
4 0 2 l1d
4 1 2 l1d
4 52 2 l1d
4 53 2 l1d
5 8 2 l1d
5 9 2 l1d
5 52 2 l1d
5 53 2 l1d
5 56 2 l1d
5 57 2 l1d
5 60 2 l1d
5 61 2 l1d
6 4 2 l1d
6 5 2 l1d
6 48 5 l1d
6 49 5 l1d
6 52 2 l1d
6 53 2 l1d
6 60 2 l1d
6 61 2 l1d
7 28 2 l1d
7 29 2 l1d
8 8 5 l1d
8 9 5 l1d
9 4 5 l1d
9 5 5 l1d
9 12 2 l1d
9 12 5 l1d
9 13 2 l1d
9 13 5 l1d
9 20 2 l1d
9 21 2 l1d
9 56 2 l1d
9 57 2 l1d
10 28 2 l1d
10 29 2 l1d
10 36 2 l1d
10 37 2 l1d
10 44 2 l1d
10 45 2 l1d
11 16 2 l1d
11 17 2 l1d
11 36 2 l1d
11 37 2 l1d
11 44 2 l1d
11 45 2 l1d
12 48 2 l1d
12 49 2 l1d
13 36 2 l1d
13 37 2 l1d
15 12 2 l1d
15 13 2 l1d
17 60 2 l1d
17 61 2 l1d
21 60 2 l1d
21 61 2 l1d
