2 54 5 l1d
2 55 5 l1d
5 38 5 l1d
5 39 5 l1d
17 10 5 l1d
17 11 5 l1d
17 30 5 l1d
17 31 5 l1d
17 34 5 l1d
17 35 5 l1d
19 18 5 l1d
19 19 5 l1d
20 26 5 l1d
20 27 5 l1d
21 18 5 l1d
21 19 5 l1d
21 50 5 l1d
21 51 5 l1d
21 54 5 l1d
21 55 5 l1d
21 58 5 l1d
21 59 5 l1d
23 18 1 l1d
23 19 1 l1d
24 50 5 l1d
24 51 5 l1d
26 26 5 l1d
26 27 5 l1d
26 30 5 l1d
26 31 5 l1d
26 54 5 l1d
26 55 5 l1d
27 18 5 l1d
27 19 5 l1d
27 30 5 l1d
27 31 5 l1d
28 50 5 l1d
28 51 5 l1d
29 34 5 l1d
29 35 5 l1d
30 34 5 l1d
30 35 5 l1d
30 54 5 l1d
30 55 5 l1d
