0 26 5 l1d
0 27 5 l1d
0 34 5 l1d
0 35 5 l1d
0 42 5 l1d
0 43 5 l1d
0 62 5 l1d
0 63 5 l1d
1 46 5 l1d
1 47 5 l1d
2 18 5 l1d
2 19 5 l1d
2 22 5 l1d
2 23 5 l1d
2 58 5 l1d
2 59 5 l1d
3 14 5 l1d
3 15 5 l1d
3 26 5 l1d
3 27 5 l1d
3 62 5 l1d
3 63 5 l1d
4 6 5 l1d
4 7 5 l1d
4 10 5 l1d
4 11 5 l1d
4 18 5 l1d
4 19 5 l1d
4 26 5 l1d
4 27 5 l1d
4 30 5 l1d
4 31 5 l1d
4 34 5 l1d
4 35 5 l1d
4 54 5 l1d
4 55 5 l1d
5 22 5 l1d
5 23 5 l1d
6 6 5 l1d
6 7 5 l1d
6 26 5 l1d
6 27 5 l1d
6 42 5 l1d
6 43 5 l1d
6 54 5 l1d
6 55 5 l1d
7 26 5 l1d
7 27 5 l1d
7 30 5 l1d
7 31 5 l1d
8 22 5 l1d
8 23 5 l1d
8 26 5 l1d
8 27 5 l1d
8 46 5 l1d
8 47 5 l1d
9 18 5 l1d
9 19 5 l1d
9 54 5 l1d
9 55 5 l1d
9 58 5 l1d
9 59 5 l1d
10 22 5 l1d
10 23 5 l1d
10 26 5 l1d
10 27 5 l1d
10 38 5 l1d
10 39 5 l1d
11 18 5 l1d
11 19 5 l1d
11 26 5 l1d
11 27 5 l1d
11 54 5 l1d
11 55 5 l1d
11 58 5 l1d
11 59 5 l1d
12 10 5 l1d
12 11 5 l1d
12 46 5 l1d
12 47 5 l1d
12 50 5 l1d
12 51 5 l1d
12 58 5 l1d
12 59 5 l1d
13 2 5 l1d
13 3 5 l1d
13 10 5 l1d
13 11 5 l1d
13 22 5 l1d
13 23 5 l1d
13 26 5 l1d
13 27 5 l1d
13 30 5 l1d
13 31 5 l1d
13 58 5 l1d
13 59 5 l1d
14 30 5 l1d
14 31 5 l1d
14 38 5 l1d
14 39 5 l1d
15 22 5 l1d
15 23 5 l1d
18 30 5 l1d
18 31 5 l1d
18 46 5 l1d
18 47 5 l1d
19 10 5 l1d
19 11 5 l1d
20 22 5 l1d
20 23 5 l1d
23 42 5 l1d
23 43 5 l1d
26 46 5 l1d
26 47 5 l1d
27 42 5 l1d
27 43 5 l1d
30 18 5 l1d
30 19 5 l1d
31 54 5 l1d
31 55 5 l1d
