2 62 5 l1d
2 63 5 l1d
3 18 5 l1d
3 19 5 l1d
8 18 5 l1d
8 19 5 l1d
16 18 5 l1d
16 19 5 l1d
16 26 5 l1d
16 27 5 l1d
16 34 5 l1d
16 35 5 l1d
16 42 5 l1d
16 43 5 l1d
16 46 5 l1d
16 47 5 l1d
16 54 5 l1d
16 55 5 l1d
16 62 5 l1d
16 63 5 l1d
17 6 5 l1d
17 7 5 l1d
17 14 5 l1d
17 15 5 l1d
17 54 5 l1d
17 55 5 l1d
17 58 5 l1d
17 59 5 l1d
18 2 5 l1d
18 3 5 l1d
18 6 5 l1d
18 7 5 l1d
18 34 4 l1d
18 35 3 l1d
18 38 3 l1d
18 39 3 l1d
18 42 3 l1d
18 43 3 l1d
18 54 3 l1d
18 55 3 l1d
19 18 3 l1d
19 19 3 l1d
19 26 3 l1d
19 27 3 l1d
19 42 3 l1d
19 43 3 l1d
19 50 3 l1d
19 51 3 l1d
19 54 3 l1d
19 55 3 l1d
19 58 3 l1d
19 59 3 l1d
19 62 2 l1d
19 63 1 l1d
20 6 1 l1d
20 7 1 l1d
20 30 1 l1d
20 31 1 l1d
20 34 0 l1d
20 34 7 l1d
20 37 7 l1d
20 38 7 l1d
20 45 7 l1d
20 46 7 l1d
21 37 7 l1d
21 38 7 l1d
22 1 7 l1d
22 2 7 l1d
22 5 7 l1d
22 6 7 l1d
22 17 7 l1d
22 18 7 l1d
22 29 7 l1d
22 30 7 l1d
22 33 6 l1d
22 34 5 l1d
22 37 4 l1d
22 38 3 l1d
22 41 2 l1d
22 42 1 l1d
22 45 0 l1d
22 45 7 l1d
23 16 7 l1d
23 17 7 l1d
23 24 7 l1d
23 25 7 l1d
23 56 7 l1d
23 57 7 l1d
24 0 7 l1d
24 1 7 l1d
24 8 7 l1d
24 9 7 l1d
24 16 7 l1d
24 17 7 l1d
24 40 7 l1d
24 41 7 l1d
25 12 7 l1d
25 13 7 l1d
25 16 7 l1d
25 17 7 l1d
25 20 7 l1d
25 21 7 l1d
25 32 7 l1d
25 33 7 l1d
25 44 7 l1d
25 45 7 l1d
26 12 5 l1d
26 13 5 l1d
26 16 5 l1d
26 17 5 l1d
26 20 5 l1d
26 21 5 l1d
26 24 5 l1d
26 25 5 l1d
26 56 5 l1d
26 57 5 l1d
26 60 5 l1d
26 61 5 l1d
27 4 5 l1d
27 5 5 l1d
27 16 5 l1d
27 17 5 l1d
27 28 5 l1d
27 29 5 l1d
27 32 5 l1d
27 33 5 l1d
27 36 5 l1d
27 37 5 l1d
27 40 5 l1d
27 41 5 l1d
28 0 5 l1d
28 1 5 l1d
28 8 5 l1d
28 9 5 l1d
28 16 5 l1d
28 17 5 l1d
28 24 5 l1d
28 25 5 l1d
30 32 2 l1d
30 33 1 l1d
30 36 0 l1d
30 36 7 l1d
30 39 7 l1d
30 40 7 l1d
30 43 7 l1d
30 44 7 l1d
30 47 7 l1d
30 48 7 l1d
30 51 7 l1d
30 52 7 l1d
31 15 7 l1d
31 16 7 l1d
31 31 7 l1d
31 32 7 l1d
