16 18 2 l1d
16 19 2 l1d
16 30 2 l1d
16 31 2 l1d
16 58 1 l1d
16 59 1 l1d
17 2 1 l1d
17 3 1 l1d
17 6 2 l1d
17 7 2 l1d
17 18 1 l1d
17 19 1 l1d
18 18 2 l1d
18 19 2 l1d
19 10 1 l1d
19 10 2 l1d
19 11 1 l1d
19 11 2 l1d
19 18 1 l1d
19 19 1 l1d
19 26 2 l1d
19 27 2 l1d
19 50 1 l1d
19 51 1 l1d
20 46 6 l1d
20 47 6 l1d
21 18 1 l1d
21 19 1 l1d
21 22 2 l1d
21 23 2 l1d
21 26 2 l1d
21 27 2 l1d
23 18 1 l1d
23 19 1 l1d
24 14 2 l1d
24 15 2 l1d
24 18 1 l1d
24 19 1 l1d
24 22 1 l1d
24 23 1 l1d
24 58 1 l1d
24 59 1 l1d
25 18 1 l1d
25 19 1 l1d
26 18 2 l1d
26 19 2 l1d
27 18 2 l1d
27 19 2 l1d
27 22 2 l1d
27 23 2 l1d
27 26 2 l1d
27 27 2 l1d
27 54 1 l1d
27 55 1 l1d
27 58 1 l1d
27 58 2 l1d
27 58 6 l1d
27 59 1 l1d
27 59 2 l1d
27 59 6 l1d
27 62 1 l1d
27 62 2 l1d
27 63 1 l1d
27 63 2 l1d
28 18 1 l1d
28 19 1 l1d
28 22 1 l1d
28 22 2 l1d
28 23 1 l1d
28 23 2 l1d
28 50 2 l1d
28 51 2 l1d
29 18 1 l1d
29 19 1 l1d
29 22 1 l1d
29 23 1 l1d
29 26 1 l1d
29 27 1 l1d
29 30 1 l1d
29 31 1 l1d
29 54 2 l1d
29 55 2 l1d
30 18 1 l1d
30 19 1 l1d
30 26 2 l1d
30 27 2 l1d
30 58 2 l1d
30 59 2 l1d
31 18 1 l1d
31 18 2 l1d
31 19 1 l1d
31 19 2 l1d
31 22 2 l1d
31 23 2 l1d
31 26 2 l1d
31 27 2 l1d
31 30 6 l1d
31 31 6 l1d
