0 0 3 l1d
0 1 3 l1d
0 2 3 l1d
0 3 3 l1d
0 4 5 l1d
0 5 5 l1d
1 2 3 l1d
1 3 3 l1d
1 18 3 l1d
1 19 3 l1d
1 26 3 l1d
1 27 3 l1d
1 48 5 l1d
1 49 5 l1d
2 62 3 l1d
2 63 3 l1d
3 10 3 l1d
3 11 3 l1d
3 14 3 l1d
3 15 3 l1d
4 54 3 l1d
4 55 3 l1d
6 54 3 l1d
6 55 3 l1d
7 8 5 l1d
7 9 5 l1d
7 50 3 l1d
7 51 3 l1d
7 58 3 l1d
7 59 3 l1d
8 20 1 l1d
8 21 1 l1d
9 6 3 l1d
9 7 3 l1d
10 46 6 l1d
10 47 6 l1d
11 44 5 l1d
11 45 5 l1d
12 14 3 l1d
12 15 3 l1d
12 34 3 l1d
12 35 3 l1d
12 46 3 l1d
12 47 3 l1d
13 2 3 l1d
13 3 3 l1d
13 34 3 l1d
13 35 3 l1d
16 22 3 l1d
16 23 3 l1d
16 26 3 l1d
16 27 3 l1d
17 46 3 l1d
17 47 3 l1d
20 2 3 l1d
20 3 3 l1d
20 18 3 l1d
20 19 3 l1d
20 46 3 l1d
20 47 3 l1d
21 18 3 l1d
21 19 3 l1d
21 30 3 l1d
21 31 3 l1d
23 58 3 l1d
23 59 3 l1d
24 2 3 l1d
24 3 3 l1d
25 46 3 l1d
25 47 3 l1d
26 18 3 l1d
26 19 3 l1d
26 24 1 l1d
26 24 5 l1d
26 25 1 l1d
26 25 5 l1d
26 28 5 l1d
26 29 5 l1d
26 32 1 l1d
26 32 5 l1d
26 33 1 l1d
26 33 5 l1d
26 46 3 l1d
26 47 3 l1d
27 14 3 l1d
27 15 3 l1d
28 26 3 l1d
28 27 3 l1d
28 30 3 l1d
28 31 3 l1d
28 50 3 l1d
28 51 3 l1d
29 18 3 l1d
29 19 3 l1d
29 22 3 l1d
29 23 3 l1d
29 34 3 l1d
29 35 3 l1d
29 38 3 l1d
29 39 3 l1d
29 58 3 l1d
29 59 3 l1d
30 2 3 l1d
30 3 3 l1d
30 14 3 l1d
30 15 3 l1d
30 26 3 l1d
30 27 3 l1d
30 50 3 l1d
30 51 3 l1d
30 58 3 l1d
30 59 3 l1d
30 60 5 l1d
30 61 5 l1d
31 0 5 l1d
31 1 5 l1d
31 22 3 l1d
31 23 3 l1d
