0 62 7 l1d
0 63 7 l1d
1 36 5 l1d
1 37 5 l1d
2 24 5 l1d
2 25 5 l1d
2 36 5 l1d
2 37 5 l1d
2 48 5 l1d
2 49 5 l1d
2 52 5 l1d
2 53 5 l1d
2 56 5 l1d
2 57 5 l1d
3 24 5 l1d
3 25 5 l1d
3 44 5 l1d
3 45 5 l1d
3 48 5 l1d
3 49 5 l1d
3 52 5 l1d
3 53 5 l1d
4 4 5 l1d
4 5 5 l1d
4 28 5 l1d
4 29 5 l1d
4 32 5 l1d
4 33 5 l1d
6 20 5 l1d
6 21 5 l1d
6 44 5 l1d
6 45 5 l1d
7 6 1 l1d
7 7 1 l1d
7 20 5 l1d
7 21 5 l1d
7 28 5 l1d
7 29 5 l1d
7 60 5 l1d
7 61 5 l1d
8 36 5 l1d
8 37 5 l1d
8 48 5 l1d
8 49 5 l1d
8 52 5 l1d
8 53 5 l1d
9 8 5 l1d
9 9 5 l1d
9 28 5 l1d
9 29 5 l1d
9 32 5 l1d
9 33 5 l1d
10 8 5 l1d
10 9 5 l1d
11 0 5 l1d
11 1 5 l1d
11 16 5 l1d
11 17 5 l1d
11 20 5 l1d
11 21 5 l1d
11 24 6 l1d
11 25 6 l1d
11 28 5 l1d
11 29 5 l1d
11 56 5 l1d
11 57 5 l1d
13 12 5 l1d
13 13 5 l1d
13 20 5 l1d
13 21 5 l1d
15 8 5 l1d
15 9 5 l1d
15 24 5 l1d
15 25 5 l1d
15 60 5 l1d
15 61 5 l1d
16 8 5 l1d
16 9 5 l1d
16 10 1 l1d
16 11 1 l1d
17 2 1 l1d
17 3 1 l1d
17 6 1 l1d
17 7 1 l1d
17 14 7 l1d
17 15 7 l1d
18 2 1 l1d
18 2 7 l1d
18 3 1 l1d
18 3 7 l1d
18 4 5 l1d
18 5 5 l1d
18 6 6 l1d
18 6 7 l1d
18 7 6 l1d
18 7 7 l1d
18 8 5 l1d
18 9 5 l1d
18 10 1 l1d
18 10 7 l1d
18 11 1 l1d
18 11 7 l1d
18 12 5 l1d
18 13 5 l1d
18 14 1 l1d
18 14 7 l1d
18 15 1 l1d
18 15 7 l1d
18 16 5 l1d
18 17 5 l1d
18 18 7 l1d
18 19 7 l1d
18 34 1 l1d
18 34 7 l1d
18 35 1 l1d
18 35 7 l1d
18 42 1 l1d
18 42 7 l1d
18 43 1 l1d
18 43 7 l1d
18 46 1 l1d
18 46 7 l1d
18 47 1 l1d
18 47 7 l1d
18 48 5 l1d
18 49 5 l1d
19 6 1 l1d
19 6 7 l1d
19 7 1 l1d
19 7 7 l1d
19 10 7 l1d
19 11 7 l1d
19 14 1 l1d
19 14 7 l1d
19 15 1 l1d
19 15 7 l1d
19 18 1 l1d
19 18 7 l1d
19 19 1 l1d
19 19 7 l1d
19 26 1 l1d
19 27 1 l1d
19 30 1 l1d
19 30 7 l1d
19 31 1 l1d
19 31 7 l1d
19 38 1 l1d
19 38 7 l1d
19 39 1 l1d
19 39 7 l1d
19 42 1 l1d
19 43 1 l1d
19 50 7 l1d
19 51 7 l1d
19 54 1 l1d
19 54 7 l1d
19 55 1 l1d
19 55 7 l1d
19 58 1 l1d
19 58 7 l1d
19 59 1 l1d
19 59 7 l1d
19 62 1 l1d
19 62 7 l1d
19 63 1 l1d
19 63 7 l1d
20 2 1 l1d
20 2 7 l1d
20 3 1 l1d
20 3 7 l1d
20 6 7 l1d
20 7 7 l1d
20 10 7 l1d
20 11 7 l1d
20 14 7 l1d
20 15 7 l1d
20 30 1 l1d
20 31 1 l1d
20 34 1 l1d
20 34 7 l1d
20 35 1 l1d
20 35 7 l1d
20 38 1 l1d
20 38 7 l1d
20 39 1 l1d
20 39 7 l1d
20 42 1 l1d
20 42 7 l1d
20 43 1 l1d
20 43 7 l1d
20 46 1 l1d
20 46 7 l1d
20 47 1 l1d
20 47 7 l1d
20 50 1 l1d
20 51 1 l1d
20 62 7 l1d
20 63 7 l1d
21 2 7 l1d
21 3 7 l1d
21 6 1 l1d
21 6 7 l1d
21 7 1 l1d
21 7 7 l1d
21 10 1 l1d
21 11 1 l1d
21 14 1 l1d
21 14 7 l1d
21 15 1 l1d
21 15 7 l1d
21 26 1 l1d
21 27 1 l1d
21 34 7 l1d
21 35 7 l1d
21 58 7 l1d
21 59 7 l1d
22 2 1 l1d
22 2 7 l1d
22 3 1 l1d
22 3 7 l1d
22 10 1 l1d
22 11 1 l1d
22 34 1 l1d
22 35 1 l1d
22 42 6 l1d
22 43 6 l1d
22 58 1 l1d
22 59 1 l1d
22 62 1 l1d
22 63 1 l1d
23 2 1 l1d
23 2 6 l1d
23 3 1 l1d
23 3 6 l1d
23 6 7 l1d
23 7 7 l1d
23 14 1 l1d
23 14 7 l1d
23 15 1 l1d
23 15 7 l1d
23 34 7 l1d
23 35 7 l1d
23 38 1 l1d
23 38 7 l1d
23 39 1 l1d
23 39 7 l1d
23 42 1 l1d
23 42 7 l1d
23 43 1 l1d
23 43 7 l1d
23 46 7 l1d
23 47 7 l1d
23 58 7 l1d
23 59 7 l1d
24 12 5 l1d
24 13 5 l1d
24 22 1 l1d
24 23 1 l1d
24 34 1 l1d
24 35 1 l1d
24 36 5 l1d
24 37 5 l1d
24 42 1 l1d
24 43 1 l1d
25 6 1 l1d
25 7 1 l1d
25 20 5 l1d
25 21 5 l1d
25 26 7 l1d
25 27 7 l1d
26 2 1 l1d
26 2 6 l1d
26 2 7 l1d
26 3 1 l1d
26 3 6 l1d
26 3 7 l1d
26 6 1 l1d
26 6 5 l1d
26 6 7 l1d
26 7 1 l1d
26 7 5 l1d
26 7 7 l1d
26 10 1 l1d
26 10 7 l1d
26 11 1 l1d
26 11 7 l1d
26 14 1 l1d
26 14 6 l1d
26 14 7 l1d
26 15 1 l1d
26 15 6 l1d
26 15 7 l1d
26 18 6 l1d
26 18 7 l1d
26 19 6 l1d
26 19 7 l1d
26 22 7 l1d
26 23 7 l1d
26 26 1 l1d
26 26 7 l1d
26 27 1 l1d
26 27 7 l1d
26 30 7 l1d
26 31 7 l1d
26 38 7 l1d
26 39 7 l1d
26 42 7 l1d
26 43 7 l1d
26 46 7 l1d
26 47 7 l1d
26 62 7 l1d
26 63 7 l1d
27 2 1 l1d
27 2 7 l1d
27 3 1 l1d
27 3 7 l1d
27 6 1 l1d
27 6 7 l1d
27 7 1 l1d
27 7 7 l1d
27 10 1 l1d
27 10 5 l1d
27 10 7 l1d
27 11 1 l1d
27 11 5 l1d
27 11 7 l1d
27 14 1 l1d
27 14 7 l1d
27 15 1 l1d
27 15 7 l1d
27 18 1 l1d
27 19 1 l1d
27 22 7 l1d
27 23 7 l1d
27 26 1 l1d
27 26 7 l1d
27 27 1 l1d
27 27 7 l1d
27 30 7 l1d
27 31 7 l1d
27 34 1 l1d
27 34 6 l1d
27 35 1 l1d
27 35 6 l1d
27 36 5 l1d
27 37 5 l1d
27 38 1 l1d
27 38 6 l1d
27 39 1 l1d
27 39 6 l1d
27 42 1 l1d
27 42 7 l1d
27 43 1 l1d
27 43 7 l1d
27 46 7 l1d
27 47 7 l1d
27 50 1 l1d
27 51 1 l1d
27 54 1 l1d
27 54 7 l1d
27 55 1 l1d
27 55 7 l1d
27 58 1 l1d
27 58 7 l1d
27 59 1 l1d
27 59 7 l1d
27 62 1 l1d
27 62 7 l1d
27 63 1 l1d
27 63 7 l1d
28 14 1 l1d
28 15 1 l1d
28 18 7 l1d
28 19 7 l1d
28 30 1 l1d
28 30 6 l1d
28 31 1 l1d
28 31 6 l1d
28 34 1 l1d
28 34 7 l1d
28 35 1 l1d
28 35 7 l1d
28 38 7 l1d
28 39 7 l1d
28 50 1 l1d
28 51 1 l1d
28 58 1 l1d
28 59 1 l1d
28 62 1 l1d
28 63 1 l1d
29 10 1 l1d
29 11 1 l1d
29 22 1 l1d
29 23 1 l1d
29 26 1 l1d
29 27 1 l1d
29 34 7 l1d
29 35 7 l1d
29 38 7 l1d
29 39 7 l1d
29 46 7 l1d
29 47 7 l1d
30 2 1 l1d
30 3 1 l1d
30 10 1 l1d
30 11 1 l1d
30 12 5 l1d
30 13 5 l1d
30 26 1 l1d
30 27 1 l1d
30 34 1 l1d
30 34 7 l1d
30 35 1 l1d
30 35 7 l1d
30 38 1 l1d
30 38 7 l1d
30 39 1 l1d
30 39 7 l1d
30 40 5 l1d
30 41 5 l1d
30 54 7 l1d
30 55 7 l1d
31 2 7 l1d
31 3 7 l1d
31 10 1 l1d
31 10 7 l1d
31 11 1 l1d
31 11 7 l1d
31 24 5 l1d
31 25 5 l1d
31 42 1 l1d
31 43 1 l1d
