1 52 2 l1d
1 53 2 l1d
2 52 2 l1d
2 53 2 l1d
3 60 2 l1d
3 61 2 l1d
6 24 2 l1d
6 25 2 l1d
7 24 2 l1d
7 25 2 l1d
7 32 2 l1d
7 33 2 l1d
9 20 2 l1d
9 21 2 l1d
9 24 2 l1d
9 25 2 l1d
9 28 2 l1d
9 29 2 l1d
11 12 2 l1d
11 13 2 l1d
11 36 2 l1d
11 37 2 l1d
15 40 2 l1d
15 41 2 l1d
16 32 2 l1d
16 33 2 l1d
17 4 2 l1d
17 5 2 l1d
17 16 2 l1d
17 17 2 l1d
18 4 2 l1d
18 5 2 l1d
18 28 2 l1d
18 29 2 l1d
20 12 2 l1d
20 13 2 l1d
20 16 2 l1d
20 17 2 l1d
20 40 2 l1d
20 41 2 l1d
20 44 2 l1d
20 45 2 l1d
20 56 2 l1d
20 57 2 l1d
21 4 2 l1d
21 5 2 l1d
21 12 2 l1d
21 13 2 l1d
21 16 2 l1d
21 17 1 l1d
21 56 0 l1d
21 57 0 l1d
22 16 0 l1d
22 17 0 l1d
22 52 0 l1d
22 53 0 l1d
23 4 0 l1d
23 5 0 l1d
23 8 0 l1d
23 9 0 l1d
24 20 0 l1d
24 21 0 l1d
25 16 0 l1d
25 17 0 l1d
26 40 0 l1d
26 41 0 l1d
26 44 0 l1d
26 45 0 l1d
27 4 0 l1d
27 5 0 l1d
27 8 0 l1d
27 9 0 l1d
27 12 0 l1d
27 13 0 l1d
27 16 0 l1d
27 17 0 l1d
29 35 6 l1d
29 36 6 l1d
