16 36 5 l1d
16 37 5 l1d
16 40 3 l1d
16 41 3 l1d
16 44 3 l1d
16 44 5 l1d
16 45 3 l1d
16 45 5 l1d
16 48 3 l1d
16 49 3 l1d
16 56 3 l1d
16 57 3 l1d
19 32 3 l1d
19 33 3 l1d
20 0 3 l1d
20 1 3 l1d
21 28 3 l1d
21 29 3 l1d
21 44 3 l1d
21 45 3 l1d
21 52 5 l1d
21 53 5 l1d
22 44 3 l1d
22 45 3 l1d
22 48 3 l1d
22 49 3 l1d
23 24 3 l1d
23 25 3 l1d
24 60 3 l1d
24 61 3 l1d
25 52 3 l1d
25 53 3 l1d
25 56 3 l1d
25 57 3 l1d
27 0 3 l1d
27 1 3 l1d
27 4 3 l1d
27 5 3 l1d
28 20 3 l1d
28 21 3 l1d
29 20 3 l1d
29 21 3 l1d
29 24 3 l1d
29 25 3 l1d
29 40 3 l1d
29 41 3 l1d
29 44 3 l1d
29 45 3 l1d
30 0 3 l1d
30 1 3 l1d
30 40 3 l1d
30 41 3 l1d
