0 34 6 l1d
0 35 6 l1d
0 50 6 l1d
0 51 6 l1d
1 50 6 l1d
1 51 6 l1d
1 62 6 l1d
1 63 6 l1d
2 26 6 l1d
2 27 6 l1d
2 58 6 l1d
2 59 6 l1d
3 26 6 l1d
3 27 6 l1d
6 62 6 l1d
6 63 6 l1d
7 58 6 l1d
7 59 6 l1d
8 18 6 l1d
8 19 6 l1d
8 50 6 l1d
8 51 6 l1d
9 18 6 l1d
9 19 6 l1d
9 22 6 l1d
9 23 6 l1d
9 50 6 l1d
9 51 6 l1d
10 30 6 l1d
10 31 6 l1d
10 50 6 l1d
10 51 6 l1d
11 18 6 l1d
11 19 6 l1d
11 26 6 l1d
11 27 6 l1d
11 30 6 l1d
11 31 6 l1d
11 62 6 l1d
11 63 6 l1d
13 18 6 l1d
13 19 6 l1d
13 26 3 l1d
13 27 3 l1d
13 30 6 l1d
13 31 6 l1d
14 26 6 l1d
14 27 6 l1d
14 54 6 l1d
14 55 6 l1d
14 62 6 l1d
14 63 6 l1d
17 18 6 l1d
17 19 6 l1d
18 2 6 l1d
18 3 6 l1d
18 14 6 l1d
18 15 6 l1d
18 30 6 l1d
18 31 6 l1d
18 46 6 l1d
18 47 6 l1d
20 38 6 l1d
20 39 6 l1d
20 46 6 l1d
20 47 6 l1d
21 20 6 l1d
21 21 6 l1d
22 46 6 l1d
22 47 6 l1d
24 26 6 l1d
24 27 6 l1d
24 34 6 l1d
24 35 6 l1d
24 38 6 l1d
24 39 6 l1d
25 22 6 l1d
25 23 6 l1d
25 46 6 l1d
25 47 6 l1d
25 50 6 l1d
25 51 6 l1d
26 2 5 l1d
26 3 5 l1d
26 14 6 l1d
26 15 6 l1d
26 50 6 l1d
26 51 6 l1d
27 26 6 l1d
27 27 6 l1d
27 38 6 l1d
27 39 6 l1d
27 42 6 l1d
27 43 6 l1d
28 10 6 l1d
28 11 6 l1d
28 14 6 l1d
28 15 6 l1d
28 54 6 l1d
28 55 6 l1d
30 10 6 l1d
30 11 6 l1d
30 14 6 l1d
30 15 6 l1d
