3 44 3 l1d
3 45 3 l1d
17 52 3 l1d
17 53 3 l1d
17 56 3 l1d
17 57 3 l1d
18 0 3 l1d
18 1 3 l1d
18 20 3 l1d
18 21 3 l1d
19 20 3 l1d
19 21 3 l1d
19 32 6 l1d
19 33 6 l1d
20 20 3 l1d
20 21 3 l1d
20 24 3 l1d
20 25 3 l1d
20 28 3 l1d
20 28 5 l1d
20 29 3 l1d
20 29 5 l1d
20 32 3 l1d
20 32 6 l1d
20 33 3 l1d
20 33 6 l1d
21 52 3 l1d
21 53 3 l1d
21 56 3 l1d
21 57 3 l1d
22 24 5 l1d
22 24 6 l1d
22 25 5 l1d
22 25 6 l1d
22 28 5 l1d
22 29 5 l1d
24 4 3 l1d
24 5 3 l1d
24 20 3 l1d
24 20 5 l1d
24 21 3 l1d
24 21 5 l1d
24 28 3 l1d
24 29 3 l1d
24 32 5 l1d
24 33 5 l1d
26 8 3 l1d
26 8 6 l1d
26 9 3 l1d
26 9 6 l1d
26 24 3 l1d
26 25 3 l1d
26 28 3 l1d
26 28 6 l1d
26 29 3 l1d
26 29 6 l1d
26 32 3 l1d
26 33 3 l1d
26 36 3 l1d
26 37 3 l1d
26 40 6 l1d
26 41 6 l1d
26 44 3 l1d
26 45 3 l1d
26 48 6 l1d
26 49 6 l1d
28 28 3 l1d
28 29 3 l1d
29 24 3 l1d
29 25 3 l1d
29 28 3 l1d
29 29 3 l1d
29 32 3 l1d
29 33 3 l1d
29 60 5 l1d
29 61 5 l1d
30 20 3 l1d
30 21 3 l1d
30 52 3 l1d
30 53 3 l1d
30 56 3 l1d
30 57 3 l1d
31 24 6 l1d
31 25 6 l1d
