16 34 1 l1d
16 35 0 l1d
16 41 5 l1d
16 42 5 l1d
16 45 5 l1d
16 46 4 l1d
16 49 3 l1d
16 50 2 l1d
16 57 1 l1d
16 58 1 l1d
17 1 1 l1d
17 2 1 l1d
17 5 1 l1d
17 6 1 l1d
17 17 1 l1d
17 18 0 l1d
17 20 7 l1d
17 21 6 l1d
17 24 5 l1d
17 25 5 l1d
17 28 5 l1d
17 29 5 l1d
17 32 5 l1d
17 33 3 l1d
17 36 1 l1d
17 37 0 l1d
17 39 7 l1d
17 40 6 l1d
17 43 5 l1d
17 44 5 l1d
17 47 5 l1d
17 48 4 l1d
17 51 3 l1d
17 52 3 l1d
17 55 3 l1d
17 56 3 l1d
17 59 3 l1d
17 60 3 l1d
17 63 3 l1d
18 0 2 l1d
18 6 7 l1d
18 7 7 l1d
18 10 7 l1d
18 11 7 l1d
18 14 7 l1d
18 15 7 l1d
18 18 7 l1d
18 19 7 l1d
18 22 7 l1d
18 23 7 l1d
18 26 7 l1d
18 27 7 l1d
18 38 7 l1d
18 39 7 l1d
18 42 7 l1d
18 43 7 l1d
18 46 7 l1d
18 47 7 l1d
18 50 7 l1d
18 51 6 l1d
18 54 5 l1d
18 55 5 l1d
18 58 5 l1d
18 59 4 l1d
19 10 3 l1d
19 11 2 l1d
19 14 1 l1d
19 15 0 l1d
19 17 7 l1d
19 18 6 l1d
19 21 5 l1d
19 22 5 l1d
19 25 5 l1d
19 26 5 l1d
19 29 5 l1d
19 30 2 l1d
19 36 5 l1d
19 36 7 l1d
19 37 4 l1d
19 37 6 l1d
19 40 3 l1d
19 41 0 l1d
19 59 5 l1d
19 60 5 l1d
20 3 3 l1d
20 4 3 l1d
20 7 3 l1d
20 8 3 l1d
20 11 3 l1d
20 12 2 l1d
20 18 7 l1d
20 19 7 l1d
20 22 7 l1d
20 23 7 l1d
20 26 7 l1d
20 27 7 l1d
20 30 7 l1d
20 31 6 l1d
20 42 3 l1d
20 43 3 l1d
20 46 3 l1d
20 46 5 l1d
20 47 2 l1d
20 47 4 l1d
20 50 1 l1d
20 51 0 l1d
20 53 7 l1d
20 54 6 l1d
20 57 5 l1d
20 58 4 l1d
20 61 3 l1d
20 62 3 l1d
21 1 3 l1d
21 2 3 l1d
21 5 3 l1d
21 6 3 l1d
21 9 3 l1d
21 10 3 l1d
21 13 3 l1d
21 14 3 l1d
21 25 3 l1d
21 26 2 l1d
21 29 1 l1d
21 30 0 l1d
21 32 7 l1d
21 33 7 l1d
21 36 7 l1d
21 37 7 l1d
21 48 7 l1d
21 49 7 l1d
21 52 7 l1d
21 53 6 l1d
21 56 5 l1d
21 57 4 l1d
21 60 3 l1d
21 61 2 l1d
22 0 1 l1d
22 1 0 l1d
22 3 7 l1d
22 4 6 l1d
22 7 5 l1d
22 8 4 l1d
22 11 3 l1d
22 12 2 l1d
22 15 1 l1d
22 15 3 l1d
22 16 1 l1d
22 16 3 l1d
22 19 1 l1d
22 20 1 l1d
22 23 1 l1d
22 24 0 l1d
22 26 7 l1d
22 27 6 l1d
22 30 5 l1d
22 31 4 l1d
22 34 3 l1d
22 35 1 l1d
22 37 7 l1d
22 38 6 l1d
22 41 5 l1d
22 42 4 l1d
22 45 3 l1d
22 45 5 l1d
22 46 2 l1d
22 46 4 l1d
22 49 1 l1d
22 50 1 l1d
22 53 1 l1d
22 54 0 l1d
22 56 7 l1d
22 57 6 l1d
22 60 5 l1d
22 61 5 l1d
23 0 5 l1d
23 1 5 l1d
23 4 5 l1d
23 5 5 l1d
23 20 3 l1d
23 21 3 l1d
23 32 3 l1d
23 33 3 l1d
23 36 3 l1d
23 37 3 l1d
23 44 3 l1d
23 45 3 l1d
23 48 3 l1d
23 49 2 l1d
23 52 1 l1d
23 53 0 l1d
23 55 7 l1d
23 56 7 l1d
23 59 7 l1d
23 60 6 l1d
23 63 5 l1d
24 0 5 l1d
24 3 5 l1d
24 3 7 l1d
24 4 4 l1d
24 4 6 l1d
24 7 3 l1d
24 8 2 l1d
24 11 1 l1d
24 11 4 l1d
24 12 1 l1d
24 12 4 l1d
24 15 1 l1d
24 15 3 l1d
24 16 1 l1d
24 16 3 l1d
24 19 1 l1d
24 19 6 l1d
24 22 3 l1d
24 23 1 l1d
24 25 7 l1d
24 26 5 l1d
24 29 3 l1d
24 30 0 l1d
24 32 5 l1d
24 33 5 l1d
24 36 5 l1d
24 37 5 l1d
24 40 5 l1d
24 41 5 l1d
24 44 5 l1d
24 45 5 l1d
24 48 5 l1d
24 49 5 l1d
24 56 5 l1d
24 57 5 l1d
25 0 5 l1d
25 1 3 l1d
25 4 1 l1d
25 5 1 l1d
25 8 1 l1d
25 9 0 l1d
25 11 7 l1d
25 12 5 l1d
25 15 3 l1d
25 16 2 l1d
25 19 1 l1d
25 20 1 l1d
25 27 1 l1d
25 28 1 l1d
25 31 1 l1d
25 32 1 l1d
25 43 1 l1d
25 44 1 l1d
25 47 1 l1d
25 48 0 l1d
25 50 7 l1d
25 51 2 l1d
25 51 7 l1d
25 52 2 l1d
25 54 7 l1d
25 55 6 l1d
25 58 5 l1d
25 59 5 l1d
25 62 5 l1d
25 63 4 l1d
26 6 3 l1d
26 7 3 l1d
26 14 1 l1d
26 15 0 l1d
26 17 7 l1d
26 18 7 l1d
26 21 7 l1d
26 22 7 l1d
26 29 7 l1d
26 30 5 l1d
26 37 1 l1d
26 38 1 l1d
26 41 1 l1d
26 42 0 l1d
26 44 7 l1d
26 45 6 l1d
26 48 5 l1d
26 49 4 l1d
26 52 3 l1d
26 53 3 l1d
26 56 3 l1d
26 57 3 l1d
26 60 3 l1d
26 61 3 l1d
27 0 3 l1d
27 1 3 l1d
27 4 3 l1d
27 5 3 l1d
27 8 3 l1d
27 9 3 l1d
27 12 3 l1d
27 13 2 l1d
27 16 1 l1d
27 17 1 l1d
27 20 1 l1d
27 21 1 l1d
27 24 1 l1d
27 25 1 l1d
27 28 1 l1d
27 29 1 l1d
27 40 1 l1d
27 41 1 l1d
27 44 1 l1d
27 45 1 l1d
27 60 1 l1d
27 61 0 l1d
27 63 7 l1d
28 0 7 l1d
28 3 7 l1d
28 4 7 l1d
28 35 7 l1d
28 36 7 l1d
28 39 7 l1d
28 40 7 l1d
28 55 7 l1d
28 56 7 l1d
28 59 7 l1d
28 60 7 l1d
28 63 7 l1d
29 0 1 l1d
29 0 7 l1d
29 1 1 l1d
29 3 7 l1d
29 4 7 l1d
29 7 7 l1d
29 8 7 l1d
29 11 7 l1d
29 12 7 l1d
29 19 7 l1d
29 20 7 l1d
29 23 7 l1d
29 24 7 l1d
29 27 7 l1d
29 28 6 l1d
29 31 5 l1d
29 32 5 l1d
29 35 5 l1d
29 36 5 l1d
29 39 5 l1d
29 40 5 l1d
29 43 5 l1d
29 44 5 l1d
29 47 5 l1d
29 48 5 l1d
29 59 5 l1d
29 60 4 l1d
29 63 3 l1d
30 0 2 l1d
30 7 1 l1d
30 8 1 l1d
30 10 7 l1d
30 11 6 l1d
30 14 5 l1d
30 15 5 l1d
30 18 5 l1d
30 19 0 l1d
30 19 5 l1d
30 20 0 l1d
30 22 5 l1d
30 23 5 l1d
30 26 5 l1d
30 27 5 l1d
30 30 5 l1d
30 31 4 l1d
30 38 3 l1d
30 39 2 l1d
30 42 1 l1d
30 43 0 l1d
30 45 7 l1d
30 46 7 l1d
30 57 7 l1d
30 58 6 l1d
30 61 5 l1d
30 62 4 l1d
31 1 3 l1d
31 2 3 l1d
31 5 3 l1d
31 6 3 l1d
31 17 1 l1d
31 18 1 l1d
31 21 1 l1d
31 22 1 l1d
31 25 1 l1d
31 26 1 l1d
31 29 1 l1d
31 30 1 l1d
