7 16 3 l1d
7 17 3 l1d
12 24 5 l1d
12 25 5 l1d
16 32 3 l1d
16 33 3 l1d
16 52 3 l1d
16 53 3 l1d
17 36 3 l1d
17 37 3 l1d
18 16 3 l1d
18 17 3 l1d
18 24 5 l1d
18 25 5 l1d
18 28 3 l1d
18 29 3 l1d
18 32 3 l1d
18 33 3 l1d
18 44 3 l1d
18 45 3 l1d
18 56 3 l1d
18 57 3 l1d
18 60 3 l1d
18 61 3 l1d
19 12 3 l1d
19 13 3 l1d
20 28 3 l1d
20 29 3 l1d
20 32 3 l1d
20 33 3 l1d
20 56 5 l1d
20 57 5 l1d
21 24 5 l1d
21 25 5 l1d
21 40 3 l1d
21 41 3 l1d
22 24 3 l1d
22 24 5 l1d
22 25 3 l1d
22 25 5 l1d
22 32 3 l1d
22 33 3 l1d
22 52 5 l1d
22 53 5 l1d
23 28 5 l1d
23 29 5 l1d
23 44 3 l1d
23 45 3 l1d
24 20 3 l1d
24 21 3 l1d
24 24 3 l1d
24 25 3 l1d
24 56 3 l1d
24 57 3 l1d
25 0 3 l1d
25 1 3 l1d
25 4 5 l1d
25 5 5 l1d
25 36 5 l1d
25 37 5 l1d
25 44 3 l1d
25 45 3 l1d
25 48 3 l1d
25 49 3 l1d
25 52 5 l1d
25 53 5 l1d
25 60 3 l1d
25 61 3 l1d
26 0 3 l1d
26 1 3 l1d
26 8 3 l1d
26 9 3 l1d
26 24 3 l1d
26 25 3 l1d
27 8 3 l1d
27 9 3 l1d
28 12 5 l1d
28 13 5 l1d
29 24 5 l1d
29 25 5 l1d
29 28 3 l1d
29 29 3 l1d
30 20 7 l1d
30 21 7 l1d
30 24 3 l1d
30 25 3 l1d
30 28 3 l1d
30 28 5 l1d
30 29 3 l1d
30 29 5 l1d
31 24 5 l1d
31 25 5 l1d
