1 12 2 l1d
1 13 2 l1d
1 20 2 l1d
1 21 2 l1d
1 32 2 l1d
1 33 2 l1d
1 36 2 l1d
1 37 2 l1d
1 52 2 l1d
1 53 2 l1d
3 28 2 l1d
3 29 2 l1d
3 32 2 l1d
3 33 2 l1d
4 28 2 l1d
4 29 2 l1d
4 32 2 l1d
4 33 2 l1d
4 52 2 l1d
4 53 2 l1d
5 40 2 l1d
5 41 2 l1d
5 48 2 l1d
5 49 2 l1d
5 52 2 l1d
5 53 2 l1d
5 60 5 l1d
5 61 5 l1d
6 20 2 l1d
6 21 2 l1d
6 28 5 l1d
6 29 5 l1d
7 44 2 l1d
7 45 2 l1d
11 20 2 l1d
11 21 2 l1d
12 12 2 l1d
12 13 2 l1d
12 36 2 l1d
12 37 2 l1d
13 4 2 l1d
13 5 2 l1d
13 16 2 l1d
13 17 2 l1d
14 24 2 l1d
14 25 2 l1d
14 28 2 l1d
14 29 2 l1d
14 32 2 l1d
14 33 2 l1d
15 32 2 l1d
15 33 2 l1d
16 0 2 l1d
16 1 2 l1d
