0 12 1 l1d
0 13 1 l1d
0 16 1 l1d
0 17 1 l1d
0 20 1 l1d
0 21 1 l1d
0 24 1 l1d
0 25 1 l1d
0 32 1 l1d
0 33 1 l1d
0 36 1 l1d
0 37 1 l1d
0 40 1 l1d
0 41 1 l1d
0 48 1 l1d
0 49 1 l1d
1 0 1 l1d
1 1 1 l1d
1 4 1 l1d
1 5 1 l1d
1 16 1 l1d
1 17 1 l1d
1 52 1 l1d
1 53 1 l1d
2 8 1 l1d
2 9 1 l1d
2 16 1 l1d
2 17 1 l1d
2 40 1 l1d
2 41 1 l1d
4 32 1 l1d
4 33 1 l1d
4 48 1 l1d
4 49 1 l1d
5 36 1 l1d
5 37 1 l1d
5 40 1 l1d
5 41 1 l1d
5 44 1 l1d
5 45 1 l1d
6 12 1 l1d
6 13 1 l1d
6 16 1 l1d
6 17 1 l1d
6 32 1 l1d
6 33 1 l1d
6 36 1 l1d
6 37 1 l1d
6 40 1 l1d
6 41 1 l1d
7 12 1 l1d
7 13 1 l1d
7 44 1 l1d
7 45 1 l1d
8 16 1 l1d
8 17 1 l1d
8 36 1 l1d
8 37 1 l1d
8 40 1 l1d
8 41 1 l1d
8 44 1 l1d
8 45 1 l1d
8 48 1 l1d
8 49 1 l1d
9 8 1 l1d
9 9 1 l1d
9 36 1 l1d
9 37 1 l1d
9 40 1 l1d
9 41 1 l1d
9 52 1 l1d
9 53 1 l1d
9 56 1 l1d
9 57 1 l1d
10 20 1 l1d
10 21 1 l1d
10 24 1 l1d
10 25 1 l1d
10 44 1 l1d
10 45 1 l1d
11 4 1 l1d
11 5 1 l1d
11 8 1 l1d
11 9 1 l1d
11 12 1 l1d
11 13 1 l1d
11 28 1 l1d
11 29 1 l1d
11 36 1 l1d
11 37 1 l1d
11 40 1 l1d
11 41 1 l1d
11 44 1 l1d
11 45 1 l1d
11 48 1 l1d
11 49 1 l1d
12 0 1 l1d
12 1 1 l1d
12 4 1 l1d
12 5 1 l1d
12 36 1 l1d
12 37 1 l1d
12 40 1 l1d
12 41 1 l1d
12 44 1 l1d
12 45 1 l1d
13 16 1 l1d
13 17 1 l1d
13 32 1 l1d
13 33 1 l1d
13 36 1 l1d
13 37 1 l1d
13 40 1 l1d
13 41 1 l1d
13 44 1 l1d
13 45 1 l1d
13 48 1 l1d
13 49 1 l1d
13 52 1 l1d
13 53 1 l1d
14 8 1 l1d
14 9 1 l1d
14 16 1 l1d
14 17 1 l1d
14 36 1 l1d
14 37 1 l1d
14 40 1 l1d
14 41 1 l1d
14 44 1 l1d
14 45 1 l1d
15 16 1 l1d
15 17 1 l1d
15 24 1 l1d
15 25 1 l1d
15 34 3 l1d
15 35 3 l1d
15 44 1 l1d
15 45 1 l1d
17 0 1 l1d
17 1 1 l1d
17 18 3 l1d
17 19 3 l1d
17 32 1 l1d
17 33 1 l1d
17 56 1 l1d
17 57 1 l1d
18 20 1 l1d
18 21 1 l1d
18 32 1 l1d
18 33 1 l1d
18 48 1 l1d
18 49 1 l1d
18 60 1 l1d
18 61 1 l1d
19 0 1 l1d
19 1 1 l1d
19 24 1 l1d
19 25 1 l1d
19 56 1 l1d
19 57 1 l1d
22 28 1 l1d
22 29 1 l1d
22 60 1 l1d
22 61 1 l1d
23 44 1 l1d
23 45 1 l1d
24 56 1 l1d
24 57 1 l1d
25 60 1 l1d
25 61 1 l1d
29 36 1 l1d
29 37 1 l1d
