4 56 7 l1d
4 57 7 l1d
5 48 6 l1d
5 48 7 l1d
5 49 6 l1d
5 49 7 l1d
9 20 7 l1d
9 21 7 l1d
9 24 7 l1d
9 25 7 l1d
12 8 5 l1d
12 9 5 l1d
15 16 5 l1d
15 17 5 l1d
19 0 5 l1d
19 1 5 l1d
19 24 5 l1d
19 25 5 l1d
20 20 5 l1d
20 21 5 l1d
20 28 5 l1d
20 29 5 l1d
20 32 4 l1d
20 32 5 l1d
20 33 4 l1d
20 33 5 l1d
20 52 5 l1d
20 53 5 l1d
20 56 5 l1d
20 57 5 l1d
21 20 4 l1d
21 21 4 l1d
21 24 5 l1d
21 25 5 l1d
28 28 1 l1d
28 29 1 l1d
28 32 5 l1d
28 33 5 l1d
29 40 5 l1d
29 41 5 l1d
29 44 5 l1d
29 45 5 l1d
31 52 5 l1d
31 53 5 l1d
