3 4 5 l1d
3 5 5 l1d
3 28 5 l1d
3 29 5 l1d
4 4 5 l1d
4 5 5 l1d
5 12 5 l1d
5 13 5 l1d
15 4 5 l1d
15 5 5 l1d
16 28 7 l1d
16 29 7 l1d
18 20 5 l1d
18 21 5 l1d
18 28 5 l1d
18 29 5 l1d
18 32 5 l1d
18 33 5 l1d
19 8 5 l1d
19 9 5 l1d
19 52 5 l1d
19 53 5 l1d
20 12 7 l1d
20 13 7 l1d
21 16 5 l1d
21 17 5 l1d
21 20 5 l1d
21 21 5 l1d
21 28 5 l1d
21 28 7 l1d
21 29 5 l1d
21 29 7 l1d
22 0 5 l1d
22 1 5 l1d
24 20 5 l1d
24 21 5 l1d
25 24 5 l1d
25 25 5 l1d
25 28 5 l1d
25 29 5 l1d
26 12 5 l1d
26 13 5 l1d
26 32 5 l1d
26 33 5 l1d
26 36 5 l1d
26 37 5 l1d
27 28 5 l1d
27 29 5 l1d
27 40 7 l1d
27 41 7 l1d
27 52 3 l1d
27 53 3 l1d
29 32 5 l1d
29 33 5 l1d
30 20 5 l1d
30 21 5 l1d
30 32 5 l1d
30 33 5 l1d
31 4 5 l1d
31 5 5 l1d
