16 24 5 l1d
16 25 5 l1d
16 28 5 l1d
16 29 5 l1d
16 52 5 l1d
16 53 5 l1d
16 60 5 l1d
16 61 5 l1d
17 0 5 l1d
17 1 5 l1d
18 4 5 l1d
18 5 5 l1d
18 20 5 l1d
18 21 5 l1d
18 32 5 l1d
18 33 5 l1d
18 60 5 l1d
18 61 5 l1d
19 16 5 l1d
19 17 5 l1d
19 20 5 l1d
19 20 6 l1d
19 21 5 l1d
19 21 6 l1d
19 28 5 l1d
19 29 5 l1d
19 32 5 l1d
19 33 5 l1d
20 28 5 l1d
20 29 5 l1d
20 56 5 l1d
20 57 5 l1d
21 56 5 l1d
21 57 5 l1d
22 28 5 l1d
22 29 5 l1d
22 32 5 l1d
22 33 5 l1d
22 56 5 l1d
22 57 5 l1d
22 60 5 l1d
22 61 5 l1d
24 16 5 l1d
24 17 5 l1d
24 28 5 l1d
24 29 5 l1d
24 32 5 l1d
24 33 5 l1d
24 56 5 l1d
24 57 5 l1d
24 60 5 l1d
24 61 5 l1d
25 32 5 l1d
25 33 5 l1d
25 52 5 l1d
25 53 5 l1d
26 60 5 l1d
26 61 5 l1d
27 0 5 l1d
27 1 5 l1d
27 20 6 l1d
27 21 6 l1d
28 20 5 l1d
28 21 5 l1d
28 24 5 l1d
28 25 5 l1d
28 28 6 l1d
28 29 6 l1d
28 36 5 l1d
28 37 5 l1d
29 28 6 l1d
29 29 6 l1d
29 56 5 l1d
29 57 5 l1d
30 24 5 l1d
30 25 5 l1d
31 0 5 l1d
31 1 5 l1d
31 28 5 l1d
31 29 5 l1d
