16 34 6 l1d
16 35 6 l1d
16 62 6 l1d
16 63 6 l1d
17 18 6 l1d
17 19 6 l1d
18 14 6 l1d
18 15 6 l1d
18 62 6 l1d
18 63 6 l1d
19 18 6 l1d
19 19 6 l1d
19 22 6 l1d
19 23 6 l1d
19 26 6 l1d
19 27 6 l1d
19 30 6 l1d
19 31 6 l1d
20 34 6 l1d
20 35 6 l1d
20 50 6 l1d
20 51 6 l1d
21 18 6 l1d
21 19 6 l1d
21 22 6 l1d
21 23 6 l1d
21 26 6 l1d
21 27 6 l1d
21 34 6 l1d
21 35 6 l1d
22 18 6 l1d
22 19 6 l1d
22 30 6 l1d
22 31 6 l1d
22 34 6 l1d
22 35 6 l1d
23 22 6 l1d
23 23 6 l1d
23 30 6 l1d
23 31 6 l1d
24 26 6 l1d
24 27 6 l1d
24 54 6 l1d
24 55 6 l1d
25 34 6 l1d
25 35 6 l1d
26 34 6 l1d
26 35 6 l1d
26 42 6 l1d
26 43 6 l1d
26 46 6 l1d
26 47 6 l1d
26 50 6 l1d
26 51 6 l1d
27 18 6 l1d
27 19 6 l1d
27 30 6 l1d
27 31 6 l1d
28 18 6 l1d
28 19 6 l1d
28 22 6 l1d
28 23 6 l1d
28 26 6 l1d
28 27 6 l1d
28 30 6 l1d
28 31 6 l1d
28 34 6 l1d
28 35 6 l1d
28 38 6 l1d
28 39 6 l1d
28 42 6 l1d
28 43 6 l1d
28 46 6 l1d
28 47 6 l1d
29 18 6 l1d
29 19 6 l1d
29 30 6 l1d
29 31 6 l1d
30 6 6 l1d
30 7 6 l1d
30 18 6 l1d
30 19 6 l1d
30 22 6 l1d
30 23 6 l1d
31 18 6 l1d
31 19 6 l1d
31 22 6 l1d
31 23 6 l1d
