0 34 3 l1d
0 35 3 l1d
0 54 3 l1d
0 55 3 l1d
1 46 3 l1d
1 47 3 l1d
1 62 3 l1d
1 63 3 l1d
2 18 3 l1d
2 19 3 l1d
2 50 3 l1d
2 51 3 l1d
3 22 3 l1d
3 23 3 l1d
4 22 3 l1d
4 23 3 l1d
4 34 3 l1d
4 35 3 l1d
4 58 3 l1d
4 59 3 l1d
5 50 3 l1d
5 51 3 l1d
7 50 3 l1d
7 51 3 l1d
8 58 3 l1d
8 59 3 l1d
9 18 3 l1d
9 19 3 l1d
9 26 3 l1d
9 27 3 l1d
9 30 3 l1d
9 31 3 l1d
10 26 3 l1d
10 27 3 l1d
10 34 3 l1d
10 35 3 l1d
10 38 3 l1d
10 39 3 l1d
10 42 3 l1d
10 43 3 l1d
11 18 3 l1d
11 19 3 l1d
11 30 3 l1d
11 31 3 l1d
11 58 3 l1d
11 59 3 l1d
12 18 3 l1d
12 19 3 l1d
12 26 3 l1d
12 27 3 l1d
12 38 3 l1d
12 39 3 l1d
12 54 3 l1d
12 55 3 l1d
13 22 3 l1d
13 23 3 l1d
13 30 3 l1d
13 31 3 l1d
13 62 3 l1d
13 63 3 l1d
14 18 3 l1d
14 19 3 l1d
14 30 3 l1d
14 31 3 l1d
15 34 3 l1d
15 35 3 l1d
15 38 3 l1d
15 39 3 l1d
16 30 3 l1d
16 31 3 l1d
16 34 3 l1d
16 35 3 l1d
17 38 3 l1d
17 39 3 l1d
19 38 3 l1d
19 39 3 l1d
19 46 3 l1d
19 47 3 l1d
19 58 3 l1d
19 59 3 l1d
19 62 3 l1d
19 63 3 l1d
20 6 3 l1d
20 7 3 l1d
20 42 3 l1d
20 43 3 l1d
20 58 3 l1d
20 59 3 l1d
21 22 3 l1d
21 23 3 l1d
21 38 3 l1d
21 39 3 l1d
22 18 3 l1d
22 19 3 l1d
22 22 3 l1d
22 23 3 l1d
22 50 3 l1d
22 51 3 l1d
22 54 3 l1d
22 55 3 l1d
23 30 3 l1d
23 31 3 l1d
23 34 3 l1d
23 35 3 l1d
23 46 3 l1d
23 47 3 l1d
24 6 3 l1d
24 7 3 l1d
24 18 3 l1d
24 19 3 l1d
24 46 3 l1d
24 47 3 l1d
25 14 3 l1d
25 15 3 l1d
25 42 3 l1d
25 43 3 l1d
26 2 3 l1d
26 3 3 l1d
26 6 3 l1d
26 7 3 l1d
26 14 3 l1d
26 15 3 l1d
26 34 3 l1d
26 35 3 l1d
26 38 3 l1d
26 39 3 l1d
27 18 3 l1d
27 19 3 l1d
27 34 3 l1d
27 35 3 l1d
27 38 3 l1d
27 39 3 l1d
27 42 3 l1d
27 43 3 l1d
27 46 3 l1d
27 47 3 l1d
28 30 3 l1d
28 31 3 l1d
28 38 3 l1d
28 39 3 l1d
28 42 3 l1d
28 43 3 l1d
28 46 3 l1d
28 47 3 l1d
28 62 3 l1d
28 63 3 l1d
29 18 3 l1d
29 19 3 l1d
31 22 3 l1d
31 23 3 l1d
