1 6 5 l1d
1 7 5 l1d
1 30 5 l1d
1 31 5 l1d
1 42 5 l1d
1 43 5 l1d
1 50 5 l1d
1 51 5 l1d
1 58 5 l1d
1 59 5 l1d
1 62 5 l1d
1 63 5 l1d
2 18 5 l1d
2 19 5 l1d
2 34 5 l1d
2 35 5 l1d
2 38 5 l1d
2 39 5 l1d
3 18 5 l1d
3 19 5 l1d
3 22 5 l1d
3 23 5 l1d
4 18 5 l1d
4 19 5 l1d
4 26 5 l1d
4 27 5 l1d
4 30 5 l1d
4 31 5 l1d
4 34 5 l1d
4 35 5 l1d
4 42 5 l1d
4 43 5 l1d
4 46 5 l1d
4 47 5 l1d
6 18 5 l1d
6 19 5 l1d
6 26 5 l1d
6 27 5 l1d
6 62 5 l1d
6 63 5 l1d
8 34 5 l1d
8 35 5 l1d
8 42 5 l1d
8 43 5 l1d
8 46 5 l1d
8 47 5 l1d
8 62 5 l1d
8 63 5 l1d
9 2 5 l1d
9 3 5 l1d
9 50 5 l1d
9 51 5 l1d
9 54 5 l1d
9 55 5 l1d
9 58 5 l1d
9 59 5 l1d
10 18 5 l1d
10 19 5 l1d
10 34 5 l1d
10 35 5 l1d
10 42 5 l1d
10 43 5 l1d
10 46 5 l1d
10 47 5 l1d
10 50 5 l1d
10 51 5 l1d
11 2 5 l1d
11 3 5 l1d
11 6 5 l1d
11 7 5 l1d
11 10 5 l1d
11 11 5 l1d
11 14 5 l1d
11 15 5 l1d
12 34 5 l1d
12 35 5 l1d
12 38 5 l1d
12 39 5 l1d
12 42 5 l1d
12 43 5 l1d
13 34 5 l1d
13 35 5 l1d
13 42 5 l1d
13 43 5 l1d
13 46 5 l1d
13 47 5 l1d
13 58 5 l1d
13 59 5 l1d
13 62 5 l1d
13 63 5 l1d
14 30 5 l1d
14 31 5 l1d
