0 0 25 1 l1d
0 0 26 1 l1d
0 0 29 1 l1d
0 0 30 1 l1d
0 0 57 1 l1d
0 0 58 1 l1d
0 2 9 1 l1d
0 2 10 1 l1d
0 3 41 1 l1d
0 3 42 1 l1d
0 5 37 1 l1d
0 5 38 1 l1d
0 5 41 1 l1d
0 5 42 1 l1d
0 6 13 1 l1d
0 6 14 1 l1d
0 6 45 1 l1d
0 6 46 1 l1d
0 8 45 1 l1d
0 8 46 1 l1d
0 9 17 1 l1d
0 9 18 1 l1d
0 9 25 1 l1d
0 9 26 1 l1d
0 9 29 1 l1d
0 9 30 1 l1d
0 9 45 1 l1d
0 9 46 1 l1d
0 10 21 1 l1d
0 10 22 1 l1d
0 10 29 1 l1d
0 10 30 1 l1d
0 11 21 1 l1d
0 11 22 1 l1d
0 11 41 1 l1d
0 11 42 1 l1d
0 11 61 1 l1d
0 11 62 1 l1d
0 12 25 1 l1d
0 12 26 1 l1d
0 12 61 1 l1d
0 12 62 1 l1d
0 13 29 1 l1d
0 13 30 1 l1d
0 13 41 1 l1d
0 13 42 1 l1d
0 14 13 1 l1d
0 14 14 1 l1d
0 14 29 1 l1d
0 14 30 1 l1d
0 14 33 1 l1d
0 14 34 1 l1d
0 14 41 1 l1d
0 14 42 1 l1d
0 15 13 1 l1d
0 15 14 1 l1d
0 15 41 1 l1d
0 15 42 1 l1d
0 15 57 1 l1d
0 15 58 1 l1d
0 16 17 1 l1d
0 16 18 1 l1d
0 16 61 1 l1d
0 16 62 1 l1d
0 17 1 1 l1d
0 17 2 1 l1d
0 18 13 1 l1d
0 18 14 1 l1d
0 18 29 1 l1d
0 18 30 1 l1d
0 18 33 1 l1d
0 18 34 1 l1d
0 18 49 1 l1d
0 18 50 1 l1d
0 18 57 1 l1d
0 18 58 1 l1d
0 19 9 1 l1d
0 19 10 1 l1d
0 19 25 1 l1d
0 19 26 1 l1d
0 19 61 1 l1d
0 19 62 1 l1d
0 20 29 1 l1d
0 20 30 1 l1d
0 20 33 1 l1d
0 20 34 1 l1d
0 20 41 1 l1d
0 20 42 1 l1d
0 21 49 1 l1d
0 21 50 1 l1d
0 22 30 4 l1d
0 22 31 4 l1d
0 22 57 1 l1d
0 22 58 1 l1d
0 23 45 1 l1d
0 23 46 1 l1d
0 24 29 1 l1d
0 24 30 1 l1d
0 24 61 1 l1d
0 24 62 1 l1d
0 26 13 1 l1d
0 26 14 1 l1d
0 26 25 1 l1d
0 26 26 1 l1d
0 26 26 6 l1d
0 26 27 6 l1d
0 26 29 1 l1d
0 26 30 1 l1d
0 26 33 1 l1d
0 26 34 1 l1d
0 27 25 1 l1d
0 27 26 1 l1d
0 27 29 1 l1d
0 27 30 1 l1d
0 27 33 1 l1d
0 27 34 1 l1d
0 28 1 1 l1d
0 28 2 1 l1d
0 28 25 1 l1d
0 28 26 1 l1d
0 28 29 1 l1d
0 28 30 1 l1d
0 28 33 1 l1d
0 28 34 1 l1d
0 28 45 1 l1d
0 28 46 1 l1d
0 28 53 1 l1d
0 28 54 1 l1d
0 28 61 1 l1d
0 28 62 1 l1d
0 29 9 1 l1d
0 29 10 1 l1d
0 29 10 6 l1d
0 29 11 6 l1d
0 29 13 1 l1d
0 29 14 1 l1d
0 30 41 1 l1d
0 30 42 1 l1d
0 30 45 1 l1d
0 30 46 1 l1d
0 30 49 1 l1d
0 30 50 1 l1d
0 31 1 1 l1d
0 31 2 1 l1d
0 31 21 1 l1d
0 31 22 1 l1d
0 31 29 1 l1d
0 31 30 1 l1d
