0 0 27 1 l1d
0 0 28 1 l1d
0 0 35 1 l1d
0 0 36 1 l1d
0 0 43 1 l1d
0 0 44 1 l1d
0 0 63 1 l1d
0 1 0 1 l1d
0 1 47 1 l1d
0 1 48 1 l1d
0 2 19 1 l1d
0 2 20 1 l1d
0 2 23 1 l1d
0 2 24 1 l1d
0 2 59 1 l1d
0 2 60 1 l1d
0 3 15 1 l1d
0 3 16 1 l1d
0 3 27 1 l1d
0 3 28 1 l1d
0 3 63 1 l1d
0 4 0 1 l1d
0 4 7 1 l1d
0 4 8 1 l1d
0 4 11 1 l1d
0 4 12 1 l1d
0 4 19 1 l1d
0 4 20 1 l1d
0 4 27 1 l1d
0 4 28 1 l1d
0 4 31 1 l1d
0 4 32 1 l1d
0 4 35 1 l1d
0 4 36 1 l1d
0 4 55 1 l1d
0 4 56 1 l1d
0 5 23 1 l1d
0 5 24 1 l1d
0 6 7 1 l1d
0 6 8 1 l1d
0 6 27 1 l1d
0 6 28 1 l1d
0 6 43 1 l1d
0 6 44 1 l1d
0 6 55 1 l1d
0 6 56 1 l1d
0 7 27 1 l1d
0 7 28 1 l1d
0 7 31 1 l1d
0 7 32 1 l1d
0 8 23 1 l1d
0 8 24 1 l1d
0 8 27 1 l1d
0 8 28 1 l1d
0 8 47 1 l1d
0 8 48 1 l1d
0 9 19 1 l1d
0 9 20 1 l1d
0 9 55 1 l1d
0 9 56 1 l1d
0 9 59 1 l1d
0 9 60 1 l1d
0 10 23 1 l1d
0 10 24 1 l1d
0 10 27 1 l1d
0 10 28 1 l1d
0 10 39 1 l1d
0 10 40 1 l1d
0 11 19 1 l1d
0 11 20 1 l1d
0 11 27 1 l1d
0 11 28 1 l1d
0 11 55 1 l1d
0 11 56 1 l1d
0 11 59 1 l1d
0 11 60 1 l1d
0 12 11 1 l1d
0 12 12 1 l1d
0 12 47 1 l1d
0 12 48 1 l1d
0 12 51 1 l1d
0 12 52 1 l1d
0 12 59 1 l1d
0 12 60 1 l1d
0 13 3 1 l1d
0 13 4 1 l1d
0 13 11 1 l1d
0 13 12 1 l1d
0 13 23 1 l1d
0 13 24 1 l1d
0 13 27 1 l1d
0 13 28 1 l1d
0 13 31 1 l1d
0 13 32 1 l1d
0 13 59 1 l1d
0 13 60 1 l1d
0 14 31 1 l1d
0 14 32 1 l1d
0 14 39 1 l1d
0 14 40 1 l1d
0 15 23 1 l1d
0 15 24 1 l1d
0 18 31 1 l1d
0 18 32 1 l1d
0 18 47 1 l1d
0 18 48 1 l1d
0 19 11 1 l1d
0 19 12 1 l1d
0 20 23 1 l1d
0 20 24 1 l1d
0 23 43 1 l1d
0 23 44 1 l1d
0 26 47 1 l1d
0 26 48 1 l1d
0 27 43 1 l1d
0 27 44 1 l1d
0 30 19 1 l1d
0 30 20 1 l1d
0 31 55 1 l1d
0 31 56 1 l1d
