0 1 42 5 l1d
0 1 43 5 l1d
0 3 18 5 l1d
0 3 19 5 l1d
0 4 26 5 l1d
0 4 27 5 l1d
0 4 42 5 l1d
0 4 43 5 l1d
0 7 33 2 l1d
0 7 34 2 l1d
0 7 38 5 l1d
0 7 39 5 l1d
0 8 46 5 l1d
0 8 47 5 l1d
0 10 38 5 l1d
0 10 39 5 l1d
0 11 38 5 l1d
0 11 39 5 l1d
0 14 22 5 l1d
0 14 23 5 l1d
0 16 34 5 l1d
0 16 35 5 l1d
0 16 42 5 l1d
0 16 43 5 l1d
0 17 50 5 l1d
0 17 51 5 l1d
0 17 54 5 l1d
0 17 55 5 l1d
0 17 58 5 l1d
0 17 59 5 l1d
0 17 62 5 l1d
0 17 63 5 l1d
0 18 26 5 l1d
0 18 27 5 l1d
0 18 42 5 l1d
0 18 43 5 l1d
0 19 30 5 l1d
0 19 31 5 l1d
0 20 62 5 l1d
0 20 63 5 l1d
0 24 26 5 l1d
0 24 27 5 l1d
0 24 30 5 l1d
0 24 31 5 l1d
0 25 22 5 l1d
0 25 23 5 l1d
0 25 30 5 l1d
0 25 31 5 l1d
0 27 2 5 l1d
0 27 3 5 l1d
0 27 10 5 l1d
0 27 11 5 l1d
0 27 14 5 l1d
0 27 15 5 l1d
0 28 18 5 l1d
0 28 19 5 l1d
0 28 22 5 l1d
0 28 23 5 l1d
0 29 18 5 l1d
0 29 19 5 l1d
0 29 26 5 l1d
0 29 27 5 l1d
0 29 30 5 l1d
0 29 31 5 l1d
0 29 34 5 l1d
0 29 35 5 l1d
0 30 22 5 l1d
0 30 23 5 l1d
0 30 33 2 l1d
0 30 34 2 l1d
0 31 26 5 l1d
0 31 27 5 l1d
0 31 38 5 l1d
0 31 39 5 l1d
