2 41 3 l1d
2 42 3 l1d
3 49 3 l1d
3 50 3 l1d
8 41 3 l1d
8 42 3 l1d
16 9 3 l1d
16 10 3 l1d
16 37 3 l1d
16 38 3 l1d
16 61 3 l1d
16 62 3 l1d
17 21 3 l1d
17 22 3 l1d
17 57 3 l1d
17 58 3 l1d
18 21 3 l1d
18 22 3 l1d
18 25 3 l1d
18 26 3 l1d
18 29 3 l1d
18 30 3 l1d
18 41 3 l1d
18 42 3 l1d
19 21 3 l1d
19 22 3 l1d
20 17 3 l1d
20 18 3 l1d
21 25 3 l1d
21 26 3 l1d
21 33 3 l1d
21 34 3 l1d
22 29 0 l1d
22 30 0 l1d
23 21 3 l1d
23 22 3 l1d
23 25 3 l1d
23 26 3 l1d
24 21 3 l1d
24 22 3 l1d
24 41 3 l1d
24 42 3 l1d
25 25 3 l1d
25 26 3 l1d
25 53 3 l1d
25 54 3 l1d
27 29 3 l1d
27 30 3 l1d
28 33 3 l1d
28 34 3 l1d
29 1 3 l1d
29 2 3 l1d
29 25 3 l1d
29 26 3 l1d
29 57 3 l1d
29 58 3 l1d
