7 16 7 l1d
7 17 7 l1d
12 25 1 l1d
12 26 1 l1d
16 32 7 l1d
16 33 7 l1d
16 52 7 l1d
16 53 7 l1d
17 36 7 l1d
17 37 7 l1d
18 16 7 l1d
18 17 7 l1d
18 25 1 l1d
18 26 1 l1d
18 28 7 l1d
18 29 7 l1d
18 32 7 l1d
18 33 7 l1d
18 44 7 l1d
18 45 7 l1d
18 56 7 l1d
18 57 7 l1d
18 60 7 l1d
18 61 7 l1d
19 12 7 l1d
19 13 7 l1d
20 28 7 l1d
20 29 7 l1d
20 32 7 l1d
20 33 7 l1d
20 57 1 l1d
20 58 1 l1d
21 25 1 l1d
21 26 1 l1d
21 40 7 l1d
21 41 7 l1d
22 24 7 l1d
22 25 1 l1d
22 25 7 l1d
22 26 1 l1d
22 32 7 l1d
22 33 7 l1d
22 53 1 l1d
22 54 1 l1d
23 29 1 l1d
23 30 1 l1d
23 44 7 l1d
23 45 7 l1d
24 20 7 l1d
24 21 7 l1d
24 24 7 l1d
24 25 7 l1d
24 56 7 l1d
24 57 7 l1d
25 0 7 l1d
25 1 7 l1d
25 5 1 l1d
25 6 1 l1d
25 37 1 l1d
25 38 1 l1d
25 44 7 l1d
25 45 7 l1d
25 48 7 l1d
25 49 7 l1d
25 53 1 l1d
25 54 1 l1d
25 60 7 l1d
25 61 7 l1d
26 0 7 l1d
26 1 7 l1d
26 8 7 l1d
26 9 7 l1d
26 24 7 l1d
26 25 7 l1d
27 8 7 l1d
27 9 7 l1d
28 13 1 l1d
28 14 1 l1d
29 25 1 l1d
29 26 1 l1d
29 28 7 l1d
29 29 7 l1d
30 21 3 l1d
30 22 3 l1d
30 24 7 l1d
30 25 7 l1d
30 28 7 l1d
30 29 1 l1d
30 29 7 l1d
30 30 1 l1d
31 25 1 l1d
31 26 1 l1d
