0 0 18 4 l1d
0 0 19 4 l1d
0 2 63 3 l1d
0 3 0 3 l1d
0 3 19 3 l1d
0 3 20 3 l1d
0 8 19 3 l1d
0 8 20 3 l1d
0 16 19 3 l1d
0 16 20 3 l1d
0 16 27 3 l1d
0 16 28 3 l1d
0 16 35 3 l1d
0 16 36 3 l1d
0 16 43 3 l1d
0 16 44 3 l1d
0 16 47 3 l1d
0 16 48 3 l1d
0 16 55 3 l1d
0 16 56 3 l1d
0 16 63 3 l1d
0 17 0 3 l1d
0 17 7 3 l1d
0 17 8 3 l1d
0 17 15 3 l1d
0 17 16 3 l1d
0 17 55 3 l1d
0 17 56 3 l1d
0 17 59 3 l1d
0 17 60 3 l1d
0 18 3 3 l1d
0 18 4 3 l1d
0 18 7 3 l1d
0 18 8 3 l1d
0 18 34 4 l1d
0 18 35 3 l1d
0 18 35 4 l1d
0 18 36 3 l1d
0 18 39 3 l1d
0 18 40 3 l1d
0 18 43 3 l1d
0 18 44 3 l1d
0 18 55 3 l1d
0 18 56 3 l1d
0 19 19 3 l1d
0 19 20 3 l1d
0 19 27 3 l1d
0 19 28 3 l1d
0 19 43 3 l1d
0 19 44 3 l1d
0 19 51 3 l1d
0 19 52 3 l1d
0 19 55 3 l1d
0 19 56 3 l1d
0 19 59 3 l1d
0 19 60 3 l1d
0 19 62 4 l1d
0 19 63 3 l1d
0 19 63 4 l1d
0 20 0 3 l1d
0 20 7 3 l1d
0 20 8 3 l1d
0 20 31 3 l1d
0 20 32 3 l1d
0 20 34 4 l1d
0 20 35 3 l1d
0 20 35 4 l1d
0 20 36 3 l1d
0 20 39 3 l1d
0 20 40 3 l1d
0 20 47 3 l1d
0 20 48 3 l1d
0 21 39 3 l1d
0 21 40 3 l1d
0 22 3 3 l1d
0 22 4 3 l1d
0 22 7 3 l1d
0 22 8 3 l1d
0 22 19 3 l1d
0 22 20 3 l1d
0 22 31 3 l1d
0 22 32 3 l1d
0 22 34 4 l1d
0 22 35 3 l1d
0 22 35 4 l1d
0 22 36 3 l1d
0 22 38 4 l1d
0 22 39 3 l1d
0 22 39 4 l1d
0 22 40 3 l1d
0 22 42 4 l1d
0 22 43 3 l1d
0 22 43 4 l1d
0 22 44 3 l1d
0 22 46 4 l1d
0 22 47 3 l1d
0 22 47 4 l1d
0 22 48 3 l1d
0 23 19 3 l1d
0 23 20 3 l1d
0 23 27 3 l1d
0 23 28 3 l1d
0 23 59 3 l1d
0 23 60 3 l1d
0 24 3 3 l1d
0 24 4 3 l1d
0 24 11 3 l1d
0 24 12 3 l1d
0 24 19 3 l1d
0 24 20 3 l1d
0 24 43 3 l1d
0 24 44 3 l1d
0 25 15 3 l1d
0 25 16 3 l1d
0 25 19 3 l1d
0 25 20 3 l1d
0 25 23 3 l1d
0 25 24 3 l1d
0 25 35 3 l1d
0 25 36 3 l1d
0 25 47 3 l1d
0 25 48 3 l1d
0 26 6 4 l1d
0 26 7 4 l1d
0 26 15 3 l1d
0 26 16 3 l1d
0 26 19 3 l1d
0 26 20 3 l1d
0 26 23 3 l1d
0 26 24 3 l1d
0 26 27 3 l1d
0 26 28 3 l1d
0 26 59 3 l1d
0 26 60 3 l1d
0 26 63 3 l1d
0 27 0 3 l1d
0 27 7 3 l1d
0 27 8 3 l1d
0 27 19 3 l1d
0 27 20 3 l1d
0 27 31 3 l1d
0 27 32 3 l1d
0 27 35 3 l1d
0 27 36 3 l1d
0 27 39 3 l1d
0 27 40 3 l1d
0 27 43 3 l1d
0 27 44 3 l1d
0 28 3 3 l1d
0 28 4 3 l1d
0 28 11 3 l1d
0 28 12 3 l1d
0 28 19 3 l1d
0 28 20 3 l1d
0 28 27 3 l1d
0 28 28 3 l1d
0 28 34 4 l1d
0 28 35 4 l1d
0 30 34 4 l1d
0 30 35 3 l1d
0 30 35 4 l1d
0 30 36 3 l1d
0 30 38 4 l1d
0 30 39 3 l1d
0 30 39 4 l1d
0 30 40 3 l1d
0 30 43 3 l1d
0 30 44 3 l1d
0 30 47 3 l1d
0 30 48 3 l1d
0 30 51 3 l1d
0 30 52 3 l1d
0 30 55 3 l1d
0 30 56 3 l1d
0 31 19 3 l1d
0 31 20 3 l1d
0 31 35 3 l1d
0 31 36 3 l1d
