0 1 28 6 l1d
0 1 29 6 l1d
0 1 32 6 l1d
0 1 33 6 l1d
0 3 24 6 l1d
0 3 25 6 l1d
0 3 48 6 l1d
0 3 49 6 l1d
0 6 28 6 l1d
0 6 29 6 l1d
0 8 12 6 l1d
0 8 13 6 l1d
0 8 16 6 l1d
0 8 17 6 l1d
0 8 20 6 l1d
0 8 21 6 l1d
0 8 36 6 l1d
0 8 37 6 l1d
0 8 40 6 l1d
0 8 41 6 l1d
0 8 48 6 l1d
0 8 49 6 l1d
0 10 56 6 l1d
0 10 57 6 l1d
0 12 16 6 l1d
0 12 17 6 l1d
0 12 24 6 l1d
0 12 25 6 l1d
0 12 28 6 l1d
0 12 29 6 l1d
0 13 4 6 l1d
0 13 5 6 l1d
0 14 20 6 l1d
0 14 21 6 l1d
0 14 24 6 l1d
0 14 25 6 l1d
0 15 0 6 l1d
0 15 1 6 l1d
0 15 8 6 l1d
0 15 9 6 l1d
0 15 60 6 l1d
0 15 61 6 l1d
0 16 28 6 l1d
0 16 29 6 l1d
0 16 40 6 l1d
0 16 41 6 l1d
0 16 44 6 l1d
0 16 45 6 l1d
0 16 48 6 l1d
0 16 49 6 l1d
0 17 8 6 l1d
0 17 9 6 l1d
0 17 16 6 l1d
0 17 17 6 l1d
0 17 20 6 l1d
0 17 21 6 l1d
0 17 24 6 l1d
0 17 25 6 l1d
0 17 28 6 l1d
0 17 29 6 l1d
0 17 36 6 l1d
0 17 37 6 l1d
0 17 40 6 l1d
0 17 41 6 l1d
0 17 44 6 l1d
0 17 45 6 l1d
0 18 8 6 l1d
0 18 9 6 l1d
0 18 28 6 l1d
0 18 29 6 l1d
0 18 32 6 l1d
0 18 33 6 l1d
0 18 40 6 l1d
0 18 41 6 l1d
0 18 56 6 l1d
0 18 57 6 l1d
0 18 60 6 l1d
0 18 61 6 l1d
0 19 40 6 l1d
0 19 41 6 l1d
0 20 20 6 l1d
0 20 21 6 l1d
0 20 24 6 l1d
0 20 25 6 l1d
0 20 28 6 l1d
0 20 29 6 l1d
0 20 32 6 l1d
0 20 33 6 l1d
0 20 60 6 l1d
0 20 61 6 l1d
0 21 24 6 l1d
0 21 25 6 l1d
0 21 32 6 l1d
0 21 33 6 l1d
0 21 56 6 l1d
0 21 57 6 l1d
0 21 60 6 l1d
0 21 61 6 l1d
0 22 0 6 l1d
0 22 1 6 l1d
0 22 4 6 l1d
0 22 5 6 l1d
0 22 8 6 l1d
0 22 9 6 l1d
0 22 16 6 l1d
0 22 17 6 l1d
0 22 28 6 l1d
0 22 29 6 l1d
0 22 40 6 l1d
0 22 41 6 l1d
0 22 48 6 l1d
0 22 49 6 l1d
0 22 60 6 l1d
0 22 61 6 l1d
0 23 36 6 l1d
0 23 37 6 l1d
0 23 40 6 l1d
0 23 41 6 l1d
0 23 44 6 l1d
0 23 45 6 l1d
0 24 8 6 l1d
0 24 9 6 l1d
0 24 16 6 l1d
0 24 17 6 l1d
0 24 36 6 l1d
0 24 37 6 l1d
0 24 40 6 l1d
0 24 41 6 l1d
0 24 44 6 l1d
0 24 45 6 l1d
0 25 8 6 l1d
0 25 9 6 l1d
0 25 12 6 l1d
0 25 13 6 l1d
0 25 16 6 l1d
0 25 17 6 l1d
0 25 36 6 l1d
0 25 37 6 l1d
0 25 44 6 l1d
0 25 45 6 l1d
0 25 48 6 l1d
0 25 49 6 l1d
0 26 4 6 l1d
0 26 5 6 l1d
0 26 8 6 l1d
0 26 9 6 l1d
0 26 12 6 l1d
0 26 13 6 l1d
0 26 16 6 l1d
0 26 17 6 l1d
0 26 40 6 l1d
0 26 41 6 l1d
0 26 44 6 l1d
0 26 45 6 l1d
0 27 8 6 l1d
0 27 9 6 l1d
0 27 12 6 l1d
0 27 13 6 l1d
0 27 16 6 l1d
0 27 17 6 l1d
0 27 20 6 l1d
0 27 21 6 l1d
0 27 36 6 l1d
0 27 37 6 l1d
0 27 44 6 l1d
0 27 45 6 l1d
0 27 48 6 l1d
0 27 49 6 l1d
0 27 60 6 l1d
0 27 61 6 l1d
0 28 0 6 l1d
0 28 1 6 l1d
0 28 28 6 l1d
0 28 29 6 l1d
0 29 8 6 l1d
0 29 9 6 l1d
0 29 24 6 l1d
0 29 25 6 l1d
0 29 36 6 l1d
0 29 37 6 l1d
0 29 40 6 l1d
0 29 41 6 l1d
0 29 44 6 l1d
0 29 45 6 l1d
0 30 28 6 l1d
0 30 29 6 l1d
0 30 56 6 l1d
0 30 57 6 l1d
0 31 32 6 l1d
0 31 33 6 l1d
