0 1 16 7 l1d
0 1 17 7 l1d
0 12 44 7 l1d
0 12 45 7 l1d
0 16 4 7 l1d
0 16 5 7 l1d
0 17 8 7 l1d
0 17 9 7 l1d
0 18 8 7 l1d
0 18 9 7 l1d
0 18 28 7 l1d
0 18 29 7 l1d
0 19 56 7 l1d
0 19 57 7 l1d
0 20 8 7 l1d
0 20 9 7 l1d
0 20 12 7 l1d
0 20 13 7 l1d
0 20 16 4 l1d
0 20 17 4 l1d
0 20 20 7 l1d
0 20 21 7 l1d
0 20 28 7 l1d
0 20 29 7 l1d
0 20 32 7 l1d
0 20 33 7 l1d
0 20 36 7 l1d
0 20 37 7 l1d
0 20 40 7 l1d
0 20 41 7 l1d
0 20 44 7 l1d
0 20 45 7 l1d
0 20 48 7 l1d
0 20 49 7 l1d
0 20 52 7 l1d
0 20 53 7 l1d
0 20 56 7 l1d
0 20 57 7 l1d
0 21 0 7 l1d
0 21 1 7 l1d
0 21 4 7 l1d
0 21 5 7 l1d
0 21 8 7 l1d
0 21 9 7 l1d
0 21 44 7 l1d
0 21 45 7 l1d
0 22 4 7 l1d
0 22 5 7 l1d
0 22 12 7 l1d
0 22 13 7 l1d
0 22 44 7 l1d
0 22 45 7 l1d
0 23 4 4 l1d
0 23 5 4 l1d
0 23 12 7 l1d
0 23 13 0 l1d
0 23 13 7 l1d
0 23 14 0 l1d
0 23 16 7 l1d
0 23 17 0 l1d
0 23 17 7 l1d
0 23 18 0 l1d
0 23 44 7 l1d
0 23 45 7 l1d
0 23 48 7 l1d
0 23 49 7 l1d
0 24 40 7 l1d
0 24 41 7 l1d
0 24 48 7 l1d
0 24 49 7 l1d
0 25 8 7 l1d
0 25 9 7 l1d
0 25 12 7 l1d
0 25 13 7 l1d
0 25 16 7 l1d
0 25 17 7 l1d
0 25 48 7 l1d
0 25 49 7 l1d
0 27 16 7 l1d
0 27 17 7 l1d
0 27 28 7 l1d
0 27 29 7 l1d
0 29 8 7 l1d
0 29 9 7 l1d
0 29 16 7 l1d
0 29 17 7 l1d
0 29 48 7 l1d
0 29 49 7 l1d
0 29 52 7 l1d
0 29 53 7 l1d
0 29 56 7 l1d
0 29 57 7 l1d
0 30 32 7 l1d
0 30 33 7 l1d
0 30 40 7 l1d
0 30 41 7 l1d
0 30 44 7 l1d
0 30 45 7 l1d
0 31 12 7 l1d
0 31 13 7 l1d
0 31 16 7 l1d
0 31 17 7 l1d
0 31 60 7 l1d
0 31 61 7 l1d
