0 0 25 0 l1d
0 0 26 0 l1d
0 0 29 0 l1d
0 0 30 0 l1d
0 1 33 0 l1d
0 1 34 0 l1d
0 6 1 0 l1d
0 6 2 0 l1d
0 6 35 2 l1d
0 6 36 2 l1d
0 7 53 0 l1d
0 7 54 0 l1d
0 9 41 0 l1d
0 9 42 0 l1d
0 10 21 0 l1d
0 10 22 0 l1d
0 10 61 0 l1d
0 10 62 0 l1d
0 11 5 0 l1d
0 11 6 0 l1d
0 11 37 0 l1d
0 11 38 0 l1d
0 11 41 0 l1d
0 11 42 0 l1d
0 12 9 0 l1d
0 12 10 0 l1d
0 12 22 7 l1d
0 12 23 7 l1d
0 13 37 0 l1d
0 13 38 0 l1d
0 13 57 0 l1d
0 13 58 0 l1d
0 14 37 0 l1d
0 14 38 0 l1d
0 15 57 0 l1d
0 15 58 0 l1d
0 18 29 0 l1d
0 18 30 0 l1d
0 18 45 0 l1d
0 18 46 0 l1d
0 19 53 0 l1d
0 19 54 0 l1d
0 23 21 0 l1d
0 23 22 0 l1d
0 23 61 0 l1d
0 23 62 0 l1d
0 26 25 0 l1d
0 26 26 0 l1d
0 29 17 0 l1d
0 29 18 0 l1d
0 29 31 2 l1d
0 29 32 2 l1d
0 30 57 0 l1d
0 30 58 0 l1d
0 31 37 0 l1d
0 31 38 0 l1d
0 31 61 0 l1d
0 31 62 0 l1d
