0 15 0 l1d
0 16 0 l1d
2 19 0 l1d
2 20 0 l1d
2 39 0 l1d
2 40 0 l1d
3 35 0 l1d
3 36 0 l1d
3 47 0 l1d
3 48 0 l1d
4 17 3 l1d
4 18 3 l1d
4 27 0 l1d
4 28 0 l1d
5 15 0 l1d
5 16 0 l1d
6 15 0 l1d
6 16 0 l1d
6 27 0 l1d
6 28 0 l1d
8 43 0 l1d
8 44 0 l1d
8 51 0 l1d
8 52 0 l1d
11 11 0 l1d
11 12 0 l1d
12 37 3 l1d
12 38 3 l1d
12 45 3 l1d
12 46 3 l1d
13 17 3 l1d
13 18 3 l1d
13 23 0 l1d
13 24 0 l1d
13 27 0 l1d
13 28 0 l1d
13 39 0 l1d
13 40 0 l1d
14 3 0 l1d
14 4 0 l1d
15 11 0 l1d
15 12 0 l1d
18 19 0 l1d
18 20 0 l1d
18 23 0 l1d
18 24 0 l1d
19 19 0 l1d
19 20 0 l1d
21 5 3 l1d
21 6 3 l1d
21 9 3 l1d
21 10 3 l1d
24 19 0 l1d
24 20 0 l1d
26 33 3 l1d
26 34 3 l1d
28 1 3 l1d
28 2 3 l1d
30 29 3 l1d
30 30 3 l1d
