0 1 57 0 l1d
0 1 58 0 l1d
0 3 0 4 l1d
0 3 1 1 l1d
0 3 1 4 l1d
0 3 2 1 l1d
0 3 52 4 l1d
0 3 53 4 l1d
0 3 56 4 l1d
0 3 57 0 l1d
0 3 57 1 l1d
0 3 57 4 l1d
0 3 58 0 l1d
0 3 58 1 l1d
0 4 25 1 l1d
0 4 26 1 l1d
0 6 1 1 l1d
0 6 2 1 l1d
0 6 21 1 l1d
0 6 22 1 l1d
0 6 33 2 l1d
0 6 34 2 l1d
0 7 53 1 l1d
0 7 54 1 l1d
0 8 1 1 l1d
0 8 2 1 l1d
0 8 13 1 l1d
0 8 14 1 l1d
0 11 28 4 l1d
0 11 29 4 l1d
0 12 25 0 l1d
0 12 26 0 l1d
0 12 56 4 l1d
0 12 57 4 l1d
0 14 29 1 l1d
0 14 30 1 l1d
0 14 33 1 l1d
0 14 34 1 l1d
0 14 61 1 l1d
0 14 62 1 l1d
0 15 1 1 l1d
0 15 2 1 l1d
0 15 20 4 l1d
0 15 21 4 l1d
0 17 1 1 l1d
0 17 2 1 l1d
0 21 13 1 l1d
0 21 14 1 l1d
0 21 53 1 l1d
0 21 54 1 l1d
0 21 57 1 l1d
0 21 58 1 l1d
0 23 44 4 l1d
0 23 45 4 l1d
0 23 52 4 l1d
0 23 53 2 l1d
0 23 53 4 l1d
0 23 54 2 l1d
0 24 9 0 l1d
0 24 10 0 l1d
0 25 25 1 l1d
0 25 26 1 l1d
0 29 0 4 l1d
0 29 1 4 l1d
