0 2 48 6 l1d
0 2 49 6 l1d
0 3 32 6 l1d
0 3 33 6 l1d
0 4 44 6 l1d
0 4 45 6 l1d
0 4 48 6 l1d
0 4 49 6 l1d
0 6 44 6 l1d
0 6 45 6 l1d
0 7 12 6 l1d
0 7 13 6 l1d
0 7 40 6 l1d
0 7 41 6 l1d
0 10 36 6 l1d
0 10 37 6 l1d
0 10 40 6 l1d
0 10 41 6 l1d
0 10 44 6 l1d
0 10 45 6 l1d
0 12 28 6 l1d
0 12 29 6 l1d
0 12 40 4 l1d
0 12 41 4 l1d
0 13 28 6 l1d
0 13 29 6 l1d
0 13 40 6 l1d
0 13 41 6 l1d
0 13 48 4 l1d
0 13 49 4 l1d
0 14 0 4 l1d
0 14 1 4 l1d
0 15 32 6 l1d
0 15 33 6 l1d
0 15 36 6 l1d
0 15 37 6 l1d
0 22 36 6 l1d
0 22 37 6 l1d
0 23 20 6 l1d
0 23 21 6 l1d
0 23 28 6 l1d
0 23 29 6 l1d
0 28 20 6 l1d
0 28 21 6 l1d
0 30 48 6 l1d
0 30 49 6 l1d
