0 4 46 4 l1d
0 4 47 4 l1d
0 6 58 4 l1d
0 6 59 4 l1d
0 7 18 4 l1d
0 7 19 4 l1d
0 8 42 4 l1d
0 8 43 4 l1d
0 10 14 4 l1d
0 10 15 4 l1d
0 16 26 4 l1d
0 16 27 4 l1d
0 16 54 4 l1d
0 16 55 4 l1d
0 16 62 4 l1d
0 16 63 4 l1d
0 17 26 4 l1d
0 17 27 4 l1d
0 17 42 4 l1d
0 17 43 4 l1d
0 17 46 4 l1d
0 17 47 4 l1d
0 18 18 4 l1d
0 18 19 4 l1d
0 18 22 4 l1d
0 18 23 4 l1d
0 18 30 7 l1d
0 18 31 7 l1d
0 18 50 4 l1d
0 18 51 4 l1d
0 18 58 4 l1d
0 18 59 4 l1d
0 18 62 4 l1d
0 18 63 4 l1d
0 19 18 4 l1d
0 19 19 4 l1d
0 20 50 4 l1d
0 20 51 4 l1d
0 20 58 4 l1d
0 20 59 4 l1d
0 21 34 4 l1d
0 21 35 4 l1d
0 21 62 4 l1d
0 21 63 4 l1d
0 22 2 4 l1d
0 22 3 4 l1d
0 22 6 4 l1d
0 22 7 4 l1d
0 22 22 4 l1d
0 22 23 4 l1d
0 22 34 4 l1d
0 22 35 4 l1d
0 22 42 4 l1d
0 22 43 4 l1d
0 22 62 4 l1d
0 22 63 4 l1d
0 23 26 4 l1d
0 23 27 4 l1d
0 23 50 4 l1d
0 23 51 4 l1d
0 23 54 4 l1d
0 23 55 4 l1d
0 23 58 4 l1d
0 23 59 4 l1d
0 23 62 4 l1d
0 23 63 4 l1d
0 24 42 4 l1d
0 24 43 4 l1d
0 24 46 4 l1d
0 24 47 4 l1d
0 24 50 4 l1d
0 24 51 4 l1d
0 24 54 4 l1d
0 24 55 4 l1d
0 24 58 4 l1d
0 24 59 4 l1d
0 24 62 4 l1d
0 24 63 4 l1d
0 26 42 4 l1d
0 26 43 4 l1d
0 26 58 4 l1d
0 26 59 4 l1d
0 27 54 4 l1d
0 27 55 4 l1d
0 27 62 4 l1d
0 27 63 4 l1d
0 28 50 4 l1d
0 28 51 4 l1d
0 28 58 4 l1d
0 28 59 4 l1d
0 28 62 4 l1d
0 28 63 4 l1d
0 30 6 4 l1d
0 30 7 4 l1d
0 30 14 4 l1d
0 30 15 4 l1d
0 30 18 4 l1d
0 30 19 4 l1d
0 30 42 4 l1d
0 30 43 4 l1d
0 31 14 4 l1d
0 31 15 4 l1d
0 31 26 4 l1d
0 31 27 4 l1d
