0 3 20 5 l1d
0 3 21 5 l1d
0 15 8 5 l1d
0 15 9 5 l1d
0 18 0 5 l1d
0 18 1 5 l1d
0 18 4 5 l1d
0 18 5 5 l1d
0 18 36 5 l1d
0 18 37 5 l1d
0 18 48 5 l1d
0 18 49 5 l1d
0 19 8 5 l1d
0 19 9 5 l1d
0 19 40 5 l1d
0 19 41 5 l1d
0 20 4 5 l1d
0 20 5 5 l1d
0 23 24 5 l1d
0 23 25 5 l1d
0 24 36 5 l1d
0 24 37 5 l1d
0 24 44 5 l1d
0 24 45 5 l1d
0 25 28 5 l1d
0 25 29 5 l1d
0 27 28 5 l1d
0 27 29 5 l1d
0 28 13 3 l1d
0 28 14 3 l1d
0 28 36 5 l1d
0 28 37 5 l1d
0 28 49 3 l1d
0 28 50 3 l1d
0 30 36 4 l1d
0 30 37 4 l1d
0 30 48 5 l1d
0 30 49 5 l1d
0 31 49 3 l1d
0 31 50 3 l1d
