0 1 26 6 l1d
0 1 27 6 l1d
0 7 50 5 l1d
0 7 51 5 l1d
0 16 30 6 l1d
0 16 31 6 l1d
0 16 38 6 l1d
0 16 39 6 l1d
0 17 6 5 l1d
0 17 7 5 l1d
0 18 14 6 l1d
0 18 15 6 l1d
0 18 22 6 l1d
0 18 23 6 l1d
0 18 34 6 l1d
0 18 35 6 l1d
0 18 38 6 l1d
0 18 39 6 l1d
0 18 46 6 l1d
0 18 47 6 l1d
0 19 6 6 l1d
0 19 7 6 l1d
0 20 46 6 l1d
0 20 47 6 l1d
0 20 62 6 l1d
0 20 63 6 l1d
0 21 10 6 l1d
0 21 11 6 l1d
0 21 14 6 l1d
0 21 15 6 l1d
0 21 38 6 l1d
0 21 39 6 l1d
0 21 42 6 l1d
0 21 43 6 l1d
0 21 46 5 l1d
0 21 47 5 l1d
0 23 6 5 l1d
0 23 6 6 l1d
0 23 7 5 l1d
0 23 7 6 l1d
0 23 10 5 l1d
0 23 10 6 l1d
0 23 11 5 l1d
0 23 11 6 l1d
0 23 14 5 l1d
0 23 14 6 l1d
0 23 15 5 l1d
0 23 15 6 l1d
0 26 30 6 l1d
0 26 31 6 l1d
0 27 2 6 l1d
0 27 3 6 l1d
0 27 6 6 l1d
0 27 7 6 l1d
0 27 10 5 l1d
0 27 10 6 l1d
0 27 11 5 l1d
0 27 11 6 l1d
0 27 26 6 l1d
0 27 27 6 l1d
0 27 50 6 l1d
0 27 51 6 l1d
0 28 14 6 l1d
0 28 15 6 l1d
0 28 22 6 l1d
0 28 23 6 l1d
0 28 54 6 l1d
0 28 55 6 l1d
0 28 58 5 l1d
0 28 59 5 l1d
0 29 6 6 l1d
0 29 7 6 l1d
0 29 14 5 l1d
0 29 15 5 l1d
0 29 18 6 l1d
0 29 19 6 l1d
0 29 34 6 l1d
0 29 35 6 l1d
0 29 46 6 l1d
0 29 47 6 l1d
0 30 30 5 l1d
0 30 31 5 l1d
0 31 10 6 l1d
0 31 11 6 l1d
0 31 26 5 l1d
0 31 27 5 l1d
0 31 34 5 l1d
0 31 35 5 l1d
0 31 38 6 l1d
0 31 39 6 l1d
0 31 42 6 l1d
0 31 43 6 l1d
