2 20 5 l1d
2 21 5 l1d
7 32 7 l1d
7 33 7 l1d
10 20 7 l1d
10 21 7 l1d
10 48 7 l1d
10 49 7 l1d
12 20 7 l1d
12 21 7 l1d
18 32 7 l1d
18 33 7 l1d
19 8 7 l1d
19 9 7 l1d
19 12 7 l1d
19 13 7 l1d
20 44 7 l1d
20 45 7 l1d
21 8 7 l1d
21 9 7 l1d
21 36 7 l1d
21 37 7 l1d
21 48 7 l1d
21 49 7 l1d
23 4 7 l1d
23 5 7 l1d
23 12 7 l1d
23 13 7 l1d
23 60 7 l1d
23 61 7 l1d
26 44 7 l1d
26 45 7 l1d
26 48 7 l1d
26 49 7 l1d
27 4 7 l1d
27 5 2 l1d
27 5 7 l1d
27 6 2 l1d
27 8 7 l1d
27 9 7 l1d
27 12 4 l1d
27 12 7 l1d
27 13 4 l1d
27 13 7 l1d
27 16 7 l1d
27 17 7 l1d
27 20 7 l1d
27 21 7 l1d
27 40 7 l1d
27 41 7 l1d
27 44 7 l1d
27 45 7 l1d
29 20 7 l1d
29 21 7 l1d
29 40 7 l1d
29 41 7 l1d
29 44 7 l1d
29 45 7 l1d
31 20 7 l1d
31 21 7 l1d
31 32 7 l1d
31 33 7 l1d
31 44 7 l1d
31 45 7 l1d
