0 19 3 l1d
0 20 3 l1d
0 26 4 l1d
0 27 4 l1d
0 58 4 l1d
0 59 4 l1d
1 50 4 l1d
1 51 4 l1d
2 18 4 l1d
2 19 3 l1d
2 19 4 l1d
2 20 3 l1d
2 22 4 l1d
2 23 4 l1d
2 30 4 l1d
2 31 4 l1d
3 50 4 l1d
3 51 4 l1d
5 18 4 l1d
5 19 3 l1d
5 19 4 l1d
5 20 3 l1d
6 18 4 l1d
6 19 4 l1d
6 26 4 l1d
6 27 4 l1d
6 31 3 l1d
6 32 3 l1d
6 58 4 l1d
6 59 4 l1d
7 35 3 l1d
7 36 3 l1d
8 18 4 l1d
8 19 4 l1d
8 50 4 l1d
8 51 4 l1d
9 50 4 l1d
9 51 3 l1d
9 51 4 l1d
9 52 3 l1d
9 55 3 l1d
9 56 3 l1d
10 18 4 l1d
10 19 4 l1d
10 35 3 l1d
10 36 3 l1d
12 2 4 l1d
12 3 4 l1d
12 18 4 l1d
12 19 3 l1d
12 19 4 l1d
12 20 3 l1d
12 22 4 l1d
12 23 3 l1d
12 23 4 l1d
12 24 3 l1d
12 27 3 l1d
12 28 3 l1d
12 31 3 l1d
12 32 3 l1d
14 18 4 l1d
14 19 4 l1d
16 30 4 l1d
16 31 4 l1d
16 54 4 l1d
16 55 4 l1d
17 14 4 l1d
17 15 4 l1d
17 34 4 l1d
17 35 3 l1d
17 35 4 l1d
17 36 3 l1d
18 19 3 l1d
18 20 3 l1d
18 26 4 l1d
18 27 4 l1d
18 30 4 l1d
18 31 4 l1d
18 34 4 l1d
18 35 4 l1d
20 19 3 l1d
20 20 3 l1d
20 21 2 l1d
20 22 2 l1d
20 22 4 l1d
20 23 4 l1d
20 25 0 l1d
20 26 0 l1d
20 29 0 l1d
20 29 2 l1d
20 30 0 l1d
20 30 2 l1d
21 6 4 l1d
21 7 4 l1d
21 19 3 l1d
21 20 3 l1d
22 18 4 l1d
22 19 3 l1d
22 19 4 l1d
22 20 3 l1d
22 34 4 l1d
22 35 4 l1d
23 13 2 l1d
23 14 2 l1d
23 26 4 l1d
23 27 4 l1d
23 34 4 l1d
23 35 4 l1d
23 39 3 l1d
23 40 3 l1d
23 43 3 l1d
23 44 3 l1d
23 47 3 l1d
23 48 3 l1d
24 18 4 l1d
24 19 3 l1d
24 19 4 l1d
24 20 3 l1d
24 26 4 l1d
24 27 4 l1d
25 14 4 l1d
25 15 4 l1d
26 63 3 l1d
27 0 3 l1d
27 2 4 l1d
27 3 4 l1d
27 35 3 l1d
27 36 3 l1d
29 2 4 l1d
29 3 4 l1d
29 14 4 l1d
29 15 4 l1d
29 37 0 l1d
29 38 0 l1d
29 41 2 l1d
29 42 2 l1d
29 47 3 l1d
29 48 3 l1d
29 54 4 l1d
29 55 4 l1d
30 7 3 l1d
30 8 3 l1d
30 18 4 l1d
30 19 4 l1d
30 30 4 l1d
30 31 4 l1d
