0 5 10 6 l1d
0 5 11 6 l1d
0 16 27 2 l1d
0 16 28 2 l1d
0 18 19 2 l1d
0 18 20 2 l1d
0 20 18 6 l1d
0 20 19 2 l1d
0 20 19 6 l1d
0 20 20 2 l1d
0 20 26 6 l1d
0 20 27 6 l1d
0 20 30 4 l1d
0 20 31 2 l1d
0 20 31 4 l1d
0 20 32 2 l1d
0 22 39 2 l1d
0 22 40 2 l1d
0 22 42 6 l1d
0 22 43 6 l1d
0 22 50 6 l1d
0 22 51 6 l1d
0 24 7 2 l1d
0 24 8 2 l1d
0 24 22 6 l1d
0 24 23 6 l1d
0 25 19 0 l1d
0 25 20 0 l1d
0 25 23 2 l1d
0 25 24 2 l1d
0 25 27 2 l1d
0 25 28 2 l1d
0 25 31 2 l1d
0 25 32 2 l1d
0 28 11 2 l1d
0 28 12 2 l1d
0 28 27 0 l1d
0 28 28 0 l1d
