0 1 19 3 l1d
0 1 20 3 l1d
0 4 19 3 l1d
0 4 20 3 l1d
0 6 19 3 l1d
0 6 20 3 l1d
0 6 51 3 l1d
0 6 52 3 l1d
0 6 59 3 l1d
0 6 60 3 l1d
0 7 7 3 l1d
0 7 8 3 l1d
0 7 19 3 l1d
0 7 20 3 l1d
0 10 18 4 l1d
0 10 19 3 l1d
0 10 19 4 l1d
0 10 20 3 l1d
0 10 31 3 l1d
0 10 32 3 l1d
0 12 19 3 l1d
0 12 20 3 l1d
0 12 26 4 l1d
0 12 27 3 l1d
0 12 27 4 l1d
0 12 28 3 l1d
0 12 31 3 l1d
0 12 32 3 l1d
0 13 18 7 l1d
0 13 19 7 l1d
0 15 19 3 l1d
0 15 20 3 l1d
0 15 27 3 l1d
0 15 28 3 l1d
0 16 19 3 l1d
0 16 20 3 l1d
0 22 19 3 l1d
0 22 20 3 l1d
0 27 31 3 l1d
0 27 32 3 l1d
0 31 19 3 l1d
0 31 20 3 l1d
