0 16 52 5 l1d
0 16 53 3 l1d
0 16 53 5 l1d
0 16 54 3 l1d
0 17 57 3 l1d
0 17 58 3 l1d
0 17 60 5 l1d
0 17 61 5 l1d
0 18 0 5 l1d
0 18 1 3 l1d
0 18 1 5 l1d
0 18 2 3 l1d
0 18 25 3 l1d
0 18 26 3 l1d
0 20 33 3 l1d
0 20 34 3 l1d
0 21 32 5 l1d
0 21 33 5 l1d
0 25 24 5 l1d
0 25 25 5 l1d
0 25 48 5 l1d
0 25 49 5 l1d
0 27 52 6 l1d
0 27 53 6 l1d
0 27 57 3 l1d
0 27 58 3 l1d
0 27 61 3 l1d
0 27 62 3 l1d
0 28 0 5 l1d
0 28 1 3 l1d
0 28 1 5 l1d
0 28 2 3 l1d
0 28 20 5 l1d
0 28 21 5 l1d
0 28 24 5 l1d
0 28 25 3 l1d
0 28 25 5 l1d
0 28 26 3 l1d
0 28 28 5 l1d
0 28 29 3 l1d
0 28 29 5 l1d
0 28 30 3 l1d
0 28 32 5 l1d
0 28 33 3 l1d
0 28 33 5 l1d
0 28 34 3 l1d
0 28 57 3 l1d
0 28 58 3 l1d
0 29 29 3 l1d
0 29 30 3 l1d
0 30 0 5 l1d
0 30 1 5 l1d
0 30 33 3 l1d
0 30 34 3 l1d
