0 24 5 l1d
0 25 5 l1d
0 28 5 l1d
0 29 5 l1d
0 32 5 l1d
0 33 5 l1d
0 36 5 l1d
0 37 5 l1d
0 40 5 l1d
0 41 5 l1d
0 44 5 l1d
0 45 5 l1d
0 48 5 l1d
0 49 5 l1d
1 8 5 l1d
1 9 5 l1d
1 28 5 l1d
1 29 5 l1d
1 32 5 l1d
1 33 5 l1d
2 24 5 l1d
2 25 5 l1d
2 52 5 l1d
2 53 5 l1d
2 60 5 l1d
2 61 5 l1d
3 8 5 l1d
3 9 5 l1d
3 12 5 l1d
3 13 5 l1d
3 16 5 l1d
3 17 5 l1d
3 44 5 l1d
3 45 5 l1d
4 28 5 l1d
4 29 5 l1d
4 40 5 l1d
4 41 5 l1d
5 24 5 l1d
5 25 5 l1d
6 8 5 l1d
6 9 5 l1d
6 16 5 l1d
6 17 5 l1d
6 20 5 l1d
6 21 5 l1d
10 20 5 l1d
10 21 5 l1d
10 24 5 l1d
10 25 5 l1d
10 28 5 l1d
10 29 5 l1d
12 8 5 l1d
12 9 5 l1d
12 12 5 l1d
12 13 5 l1d
12 16 5 l1d
12 17 5 l1d
13 32 5 l1d
13 33 5 l1d
13 36 5 l1d
13 37 5 l1d
14 24 5 l1d
14 25 5 l1d
14 48 5 l1d
14 49 5 l1d
18 44 5 l1d
18 45 5 l1d
18 48 5 l1d
18 49 5 l1d
19 28 5 l1d
19 29 5 l1d
19 40 5 l1d
19 41 5 l1d
19 44 5 l1d
19 45 5 l1d
20 32 5 l1d
20 33 5 l1d
21 4 5 l1d
21 5 5 l1d
21 8 5 l1d
21 9 5 l1d
21 60 5 l1d
21 61 5 l1d
22 8 5 l1d
22 9 5 l1d
23 12 5 l1d
23 13 5 l1d
24 36 5 l1d
24 37 5 l1d
26 24 5 l1d
26 25 5 l1d
28 28 5 l1d
28 29 5 l1d
29 20 5 l1d
29 21 5 l1d
29 24 5 l1d
29 25 5 l1d
29 28 5 l1d
29 29 5 l1d
29 40 5 l1d
29 41 5 l1d
29 44 5 l1d
29 45 5 l1d
29 56 5 l1d
29 57 5 l1d
29 60 5 l1d
29 61 5 l1d
31 32 5 l1d
31 33 5 l1d
