0 4 5 l1d
0 5 1 l1d
0 5 5 l1d
0 6 1 l1d
0 52 5 l1d
0 53 5 l1d
0 60 5 l1d
0 61 5 l1d
1 24 5 l1d
1 25 5 l1d
2 20 5 l1d
2 21 1 l1d
2 21 5 l1d
2 22 1 l1d
2 24 5 l1d
2 25 5 l1d
2 32 5 l1d
2 33 5 l1d
2 60 5 l1d
2 61 5 l1d
3 0 5 l1d
3 1 5 l1d
3 9 1 l1d
3 10 1 l1d
4 4 5 l1d
4 5 5 l1d
4 12 5 l1d
4 13 1 l1d
4 13 5 l1d
4 14 1 l1d
4 16 5 l1d
4 17 5 l1d
5 4 5 l1d
5 5 5 l1d
5 8 5 l1d
5 9 5 l1d
6 12 5 l1d
6 13 5 l1d
6 28 5 l1d
6 29 5 l1d
6 32 5 l1d
6 33 5 l1d
6 36 5 l1d
6 37 5 l1d
6 40 5 l1d
6 41 5 l1d
6 44 5 l1d
6 45 5 l1d
6 48 5 l1d
6 49 5 l1d
7 4 5 l1d
7 5 5 l1d
7 28 5 l1d
7 29 5 l1d
7 44 5 l1d
7 45 5 l1d
7 52 5 l1d
7 53 5 l1d
8 13 1 l1d
8 14 1 l1d
9 16 5 l1d
9 17 5 l1d
9 20 5 l1d
9 21 5 l1d
9 32 5 l1d
9 33 5 l1d
9 36 5 l1d
9 37 5 l1d
10 4 5 l1d
10 5 5 l1d
10 8 5 l1d
10 9 5 l1d
10 12 5 l1d
10 13 5 l1d
10 24 5 l1d
10 25 1 l1d
10 25 5 l1d
10 26 1 l1d
10 28 5 l1d
10 29 1 l1d
10 29 5 l1d
10 30 1 l1d
10 32 5 l1d
10 33 5 l1d
10 36 5 l1d
10 37 5 l1d
10 40 5 l1d
10 41 5 l1d
10 44 5 l1d
10 45 1 l1d
10 45 5 l1d
10 46 1 l1d
10 48 5 l1d
10 49 5 l1d
11 0 5 l1d
11 1 5 l1d
11 4 5 l1d
11 5 5 l1d
11 8 5 l1d
11 9 5 l1d
11 12 5 l1d
11 13 5 l1d
11 16 5 l1d
11 17 5 l1d
11 20 5 l1d
11 21 5 l1d
11 24 5 l1d
11 25 5 l1d
11 40 5 l1d
11 41 5 l1d
11 44 5 l1d
11 45 5 l1d
11 56 5 l1d
11 57 5 l1d
12 24 5 l1d
12 25 5 l1d
12 40 5 l1d
12 41 5 l1d
12 44 5 l1d
12 45 5 l1d
12 48 5 l1d
12 49 1 l1d
12 49 5 l1d
12 50 1 l1d
14 12 5 l1d
14 13 5 l1d
14 28 5 l1d
14 29 5 l1d
14 44 5 l1d
14 45 5 l1d
15 20 5 l1d
15 21 1 l1d
15 21 5 l1d
15 22 1 l1d
15 52 5 l1d
15 53 5 l1d
15 56 5 l1d
15 57 5 l1d
19 60 5 l1d
19 61 5 l1d
21 60 5 l1d
21 61 5 l1d
27 21 1 l1d
27 22 1 l1d
27 60 5 l1d
27 61 5 l1d
30 20 5 l1d
30 21 5 l1d
