0 0 47 2 l1d
0 0 48 2 l1d
0 2 20 6 l1d
0 2 21 6 l1d
0 3 56 6 l1d
0 3 57 6 l1d
0 3 63 0 l1d
0 4 0 0 l1d
0 4 55 2 l1d
0 4 56 2 l1d
0 5 52 6 l1d
0 5 53 6 l1d
0 5 60 6 l1d
0 5 61 6 l1d
0 8 16 6 l1d
0 8 17 6 l1d
0 9 48 6 l1d
0 9 49 6 l1d
0 9 60 6 l1d
0 9 61 6 l1d
0 10 7 2 l1d
0 10 8 2 l1d
0 12 39 2 l1d
0 12 40 2 l1d
0 13 56 4 l1d
0 13 56 6 l1d
0 13 57 4 l1d
0 13 57 6 l1d
0 16 35 2 l1d
0 16 36 2 l1d
0 16 48 6 l1d
0 16 49 6 l1d
0 16 51 2 l1d
0 16 52 2 l1d
0 17 7 2 l1d
0 17 8 2 l1d
0 17 59 2 l1d
0 17 60 2 l1d
0 18 35 2 l1d
0 18 36 2 l1d
0 18 39 2 l1d
0 18 40 2 l1d
0 19 35 2 l1d
0 19 36 2 l1d
0 19 47 2 l1d
0 19 48 2 l1d
0 19 63 0 l1d
0 20 0 0 l1d
0 20 7 0 l1d
0 20 8 0 l1d
0 20 11 0 l1d
0 20 12 0 l1d
0 21 7 2 l1d
0 21 8 2 l1d
0 21 11 2 l1d
0 21 12 2 l1d
0 21 31 2 l1d
0 21 32 2 l1d
0 21 63 2 l1d
0 22 0 2 l1d
0 22 43 2 l1d
0 22 44 2 l1d
0 22 46 7 l1d
0 22 47 2 l1d
0 22 47 7 l1d
0 22 48 2 l1d
0 23 23 2 l1d
0 23 24 2 l1d
0 23 34 7 l1d
0 23 35 7 l1d
0 24 3 2 l1d
0 24 4 2 l1d
0 24 7 0 l1d
0 24 7 2 l1d
0 24 8 0 l1d
0 24 8 2 l1d
0 24 11 0 l1d
0 24 12 0 l1d
0 24 14 7 l1d
0 24 15 7 l1d
0 24 23 2 l1d
0 24 24 2 l1d
0 24 39 2 l1d
0 24 40 2 l1d
0 24 47 2 l1d
0 24 48 2 l1d
0 25 27 0 l1d
0 25 27 2 l1d
0 25 28 0 l1d
0 25 28 2 l1d
0 25 47 2 l1d
0 25 48 2 l1d
0 25 55 2 l1d
0 25 56 2 l1d
0 26 39 2 l1d
0 26 40 2 l1d
0 27 31 2 l1d
0 27 32 2 l1d
0 28 39 0 l1d
0 28 40 0 l1d
0 28 47 2 l1d
0 28 48 2 l1d
0 28 50 7 l1d
0 28 51 7 l1d
0 29 7 2 l1d
0 29 8 2 l1d
0 29 47 2 l1d
0 29 48 2 l1d
0 29 55 2 l1d
0 29 56 2 l1d
