0 0 11 1 l1d
0 0 12 1 l1d
0 1 23 1 l1d
0 1 24 1 l1d
0 1 55 1 l1d
0 1 56 1 l1d
0 2 19 1 l1d
0 2 20 1 l1d
0 2 63 1 l1d
0 3 0 1 l1d
0 4 23 1 l1d
0 4 24 1 l1d
0 4 31 1 l1d
0 4 32 1 l1d
0 6 30 5 l1d
0 6 31 5 l1d
0 7 31 1 l1d
0 7 32 1 l1d
0 8 19 1 l1d
0 8 20 1 l1d
0 8 23 1 l1d
0 8 24 1 l1d
0 8 30 5 l1d
0 8 31 5 l1d
0 9 23 1 l1d
0 9 24 1 l1d
0 11 54 5 l1d
0 11 55 5 l1d
0 11 58 5 l1d
0 11 59 5 l1d
0 12 30 5 l1d
0 12 31 5 l1d
0 13 23 1 l1d
0 13 24 1 l1d
0 13 31 1 l1d
0 13 32 1 l1d
0 13 63 1 l1d
0 14 0 1 l1d
0 14 23 1 l1d
0 14 24 1 l1d
