0 1 10 5 l1d
0 1 11 5 l1d
0 1 30 5 l1d
0 1 31 5 l1d
0 2 58 5 l1d
0 2 59 5 l1d
0 6 14 5 l1d
0 6 15 5 l1d
0 8 30 5 l1d
0 8 31 5 l1d
0 9 26 5 l1d
0 9 27 5 l1d
0 9 38 5 l1d
0 9 39 5 l1d
0 9 62 5 l1d
0 9 63 5 l1d
0 11 22 5 l1d
0 11 23 5 l1d
0 11 54 5 l1d
0 11 55 5 l1d
0 13 30 5 l1d
0 13 31 5 l1d
0 13 46 5 l1d
0 13 47 5 l1d
0 18 54 5 l1d
0 18 55 5 l1d
0 20 14 5 l1d
0 20 15 5 l1d
0 20 38 5 l1d
0 20 39 5 l1d
0 20 46 5 l1d
0 20 47 5 l1d
0 23 2 5 l1d
0 23 3 5 l1d
0 23 34 5 l1d
0 23 35 5 l1d
0 27 10 5 l1d
0 27 11 5 l1d
0 30 6 5 l1d
0 30 7 5 l1d
0 30 54 5 l1d
0 30 55 5 l1d
