0 0 1 3 l1d
0 0 2 3 l1d
0 0 51 2 l1d
0 0 52 2 l1d
0 2 19 3 l1d
0 2 20 3 l1d
0 3 7 3 l1d
0 3 8 3 l1d
0 3 59 3 l1d
0 3 60 3 l1d
0 6 43 3 l1d
0 6 44 3 l1d
0 7 15 3 l1d
0 7 16 3 l1d
0 7 19 3 l1d
0 7 20 3 l1d
0 8 63 3 l1d
0 9 0 3 l1d
0 9 51 3 l1d
0 9 52 3 l1d
0 9 59 3 l1d
0 9 60 3 l1d
0 9 63 3 l1d
0 10 0 3 l1d
0 13 27 3 l1d
0 13 28 3 l1d
0 13 63 3 l1d
0 14 0 3 l1d
0 14 11 3 l1d
0 14 12 3 l1d
0 14 63 3 l1d
0 15 0 3 l1d
0 15 19 3 l1d
0 15 20 3 l1d
0 15 23 3 l1d
0 15 24 3 l1d
0 15 27 3 l1d
0 15 28 3 l1d
0 19 11 3 l1d
0 19 12 3 l1d
0 23 11 3 l1d
0 23 12 3 l1d
0 27 43 3 l1d
0 27 44 3 l1d
0 28 27 3 l1d
0 28 28 3 l1d
