0 24 6 l1d
0 25 6 l1d
7 44 6 l1d
7 45 6 l1d
11 35 2 l1d
11 36 2 l1d
16 7 2 l1d
16 8 2 l1d
16 47 2 l1d
16 48 2 l1d
16 51 2 l1d
16 52 2 l1d
17 19 2 l1d
17 20 2 l1d
17 31 2 l1d
17 32 2 l1d
17 35 2 l1d
17 36 2 l1d
17 39 2 l1d
17 40 2 l1d
18 3 2 l1d
18 4 2 l1d
18 19 2 l1d
18 20 2 l1d
18 23 2 l1d
18 24 2 l1d
18 27 2 l1d
18 28 2 l1d
18 31 2 l1d
18 32 2 l1d
18 40 6 l1d
18 41 6 l1d
18 47 2 l1d
18 48 2 l1d
18 51 2 l1d
18 52 2 l1d
18 55 2 l1d
18 56 2 l1d
19 23 2 l1d
19 24 2 l1d
20 3 2 l1d
20 4 2 l1d
20 7 2 l1d
20 8 2 l1d
20 19 2 l1d
20 20 2 l1d
20 27 2 l1d
20 28 2 l1d
20 35 2 l1d
20 36 2 l1d
20 47 2 l1d
20 48 2 l1d
20 55 2 l1d
20 56 2 l1d
21 3 2 l1d
21 4 2 l1d
21 19 2 l1d
21 20 2 l1d
21 31 2 l1d
21 32 2 l1d
22 19 2 l1d
22 20 2 l1d
23 31 2 l1d
23 32 2 l1d
23 35 2 l1d
23 36 2 l1d
24 3 2 l1d
24 4 2 l1d
24 7 2 l1d
24 8 2 l1d
24 15 2 l1d
24 16 2 l1d
24 39 2 l1d
24 40 2 l1d
24 43 2 l1d
24 44 2 l1d
24 47 2 l1d
24 48 2 l1d
25 7 2 l1d
25 8 2 l1d
25 31 2 l1d
25 32 2 l1d
25 44 6 l1d
25 45 6 l1d
26 15 2 l1d
26 16 2 l1d
26 19 2 l1d
26 20 2 l1d
26 27 2 l1d
26 28 2 l1d
26 47 2 l1d
26 48 2 l1d
26 51 2 l1d
26 52 2 l1d
27 11 2 l1d
27 12 2 l1d
27 35 2 l1d
27 36 2 l1d
27 36 6 l1d
27 37 6 l1d
27 44 6 l1d
27 45 6 l1d
28 19 2 l1d
28 20 2 l1d
28 39 2 l1d
28 40 2 l1d
29 15 2 l1d
29 16 2 l1d
29 35 2 l1d
29 36 2 l1d
30 19 2 l1d
30 20 2 l1d
30 35 2 l1d
30 36 2 l1d
31 19 2 l1d
31 20 2 l1d
31 27 2 l1d
31 28 2 l1d
