1 23 3 l1d
1 24 3 l1d
1 27 3 l1d
1 28 3 l1d
1 31 3 l1d
1 32 3 l1d
2 0 4 l1d
2 1 4 l1d
2 25 2 l1d
2 26 2 l1d
2 32 4 l1d
2 33 4 l1d
2 55 3 l1d
2 56 3 l1d
3 19 3 l1d
3 20 3 l1d
3 23 3 l1d
3 24 3 l1d
3 26 5 l1d
3 27 5 l1d
3 31 3 l1d
3 32 3 l1d
4 16 4 l1d
4 17 4 l1d
4 28 4 l1d
4 29 4 l1d
4 32 4 l1d
4 33 4 l1d
4 36 4 l1d
4 37 4 l1d
4 52 4 l1d
4 53 4 l1d
5 15 3 l1d
5 16 3 l1d
5 52 4 l1d
5 53 4 l1d
5 60 4 l1d
5 61 4 l1d
6 0 4 l1d
6 1 4 l1d
8 20 4 l1d
8 21 4 l1d
8 24 4 l1d
8 25 4 l1d
9 23 3 l1d
9 24 3 l1d
9 27 3 l1d
9 28 3 l1d
9 32 4 l1d
9 33 4 l1d
10 12 4 l1d
10 13 4 l1d
13 7 3 l1d
13 8 3 l1d
13 11 3 l1d
13 12 3 l1d
13 15 3 l1d
13 16 3 l1d
13 19 3 l1d
13 20 3 l1d
15 27 3 l1d
15 28 3 l1d
16 49 2 l1d
16 50 2 l1d
17 8 4 l1d
17 9 4 l1d
19 28 4 l1d
19 29 4 l1d
20 20 4 l1d
20 21 4 l1d
20 24 4 l1d
20 25 4 l1d
20 28 4 l1d
20 29 4 l1d
20 36 4 l1d
20 37 4 l1d
21 4 4 l1d
21 5 4 l1d
21 28 4 l1d
21 29 4 l1d
21 32 4 l1d
21 33 4 l1d
21 40 4 l1d
21 41 4 l1d
21 44 4 l1d
21 45 4 l1d
21 48 4 l1d
21 49 4 l1d
21 52 4 l1d
21 53 4 l1d
22 48 4 l1d
22 49 4 l1d
23 20 4 l1d
23 21 4 l1d
24 44 4 l1d
24 45 4 l1d
24 48 4 l1d
24 49 4 l1d
25 8 4 l1d
25 9 4 l1d
25 16 4 l1d
25 17 4 l1d
25 36 4 l1d
25 37 4 l1d
25 44 4 l1d
25 45 4 l1d
27 48 4 l1d
27 49 4 l1d
28 20 4 l1d
28 21 4 l1d
28 28 4 l1d
28 29 4 l1d
29 4 4 l1d
29 5 4 l1d
29 20 4 l1d
29 21 4 l1d
29 24 4 l1d
29 25 4 l1d
29 36 4 l1d
29 37 4 l1d
29 40 4 l1d
29 41 4 l1d
29 44 4 l1d
29 45 4 l1d
29 48 4 l1d
29 49 4 l1d
30 16 4 l1d
30 17 4 l1d
30 36 4 l1d
30 37 4 l1d
31 28 4 l1d
31 29 4 l1d
