1 10 4 l1d
1 11 4 l1d
1 58 4 l1d
1 59 4 l1d
2 18 4 l1d
2 19 4 l1d
3 34 4 l1d
3 35 4 l1d
4 34 4 l1d
4 35 4 l1d
5 10 4 l1d
5 11 4 l1d
5 18 4 l1d
5 19 4 l1d
6 18 4 l1d
6 19 4 l1d
7 10 4 l1d
7 11 4 l1d
8 30 4 l1d
8 31 4 l1d
9 18 4 l1d
9 19 4 l1d
9 30 4 l1d
9 31 4 l1d
10 34 4 l1d
10 35 4 l1d
16 56 6 l1d
16 57 6 l1d
16 60 6 l1d
16 61 6 l1d
17 0 6 l1d
17 1 6 l1d
17 4 6 l1d
17 5 6 l1d
17 28 6 l1d
17 29 6 l1d
17 32 6 l1d
17 33 6 l1d
17 56 6 l1d
17 57 6 l1d
19 8 6 l1d
19 9 6 l1d
19 32 6 l1d
19 33 6 l1d
19 52 6 l1d
19 53 6 l1d
20 20 6 l1d
20 21 6 l1d
21 20 6 l1d
21 21 6 l1d
22 44 5 l1d
22 44 6 l1d
22 45 5 l1d
22 45 6 l1d
23 24 6 l1d
23 25 6 l1d
23 48 4 l1d
23 49 4 l1d
24 0 6 l1d
24 1 6 l1d
24 8 6 l1d
24 9 6 l1d
24 16 6 l1d
24 17 6 l1d
24 52 6 l1d
24 53 6 l1d
24 56 6 l1d
24 57 6 l1d
25 0 6 l1d
25 1 6 l1d
25 20 6 l1d
25 21 6 l1d
25 24 6 l1d
25 25 6 l1d
25 56 6 l1d
25 57 6 l1d
26 20 6 l1d
26 21 6 l1d
26 32 6 l1d
26 33 6 l1d
26 36 6 l1d
26 37 6 l1d
26 60 6 l1d
26 61 6 l1d
27 0 6 l1d
27 1 6 l1d
27 8 6 l1d
27 9 6 l1d
27 12 6 l1d
27 13 6 l1d
27 48 6 l1d
27 49 6 l1d
28 36 5 l1d
28 37 5 l1d
28 56 5 l1d
28 56 6 l1d
28 57 5 l1d
28 57 6 l1d
29 0 6 l1d
29 1 6 l1d
29 4 5 l1d
29 5 5 l1d
29 28 6 l1d
29 29 6 l1d
29 32 6 l1d
29 33 6 l1d
29 48 5 l1d
29 49 5 l1d
30 24 6 l1d
30 25 6 l1d
30 28 5 l1d
30 29 5 l1d
30 32 6 l1d
30 33 6 l1d
30 60 6 l1d
30 61 6 l1d
31 28 6 l1d
31 29 6 l1d
