17 43 1 l1d
17 44 1 l1d
18 3 1 l1d
18 4 1 l1d
18 11 1 l1d
18 12 1 l1d
18 19 1 l1d
18 20 1 l1d
19 3 3 l1d
19 4 3 l1d
20 15 3 l1d
20 16 3 l1d
21 11 1 l1d
21 12 1 l1d
21 51 1 l1d
21 52 1 l1d
21 55 1 l1d
21 56 1 l1d
21 59 3 l1d
21 60 3 l1d
24 3 3 l1d
24 4 3 l1d
25 35 1 l1d
25 35 3 l1d
25 36 1 l1d
25 36 3 l1d
25 55 1 l1d
25 55 3 l1d
25 56 1 l1d
25 56 3 l1d
26 43 1 l1d
26 44 1 l1d
27 43 1 l1d
27 44 1 l1d
27 47 1 l1d
27 48 1 l1d
28 35 1 l1d
28 35 3 l1d
28 36 1 l1d
28 36 3 l1d
28 39 3 l1d
28 40 3 l1d
28 43 1 l1d
28 44 1 l1d
29 43 3 l1d
29 44 3 l1d
29 47 3 l1d
29 48 3 l1d
