0 9 2 4 l1d
0 9 3 4 l1d
0 17 2 4 l1d
0 17 3 4 l1d
0 18 2 4 l1d
0 18 3 4 l1d
0 19 2 4 l1d
0 19 3 4 l1d
0 19 18 4 l1d
0 19 19 4 l1d
0 19 22 4 l1d
0 19 23 4 l1d
0 19 26 4 l1d
0 19 27 4 l1d
0 19 30 4 l1d
0 19 31 4 l1d
0 20 10 4 l1d
0 20 11 4 l1d
0 20 30 4 l1d
0 20 31 4 l1d
0 23 18 4 l1d
0 23 19 4 l1d
0 23 42 4 l1d
0 23 43 4 l1d
0 23 58 4 l1d
0 23 59 4 l1d
0 23 62 4 l1d
0 23 63 4 l1d
0 24 14 4 l1d
0 24 15 4 l1d
0 24 18 4 l1d
0 24 19 4 l1d
0 25 18 4 l1d
0 25 19 4 l1d
0 25 22 4 l1d
0 25 23 4 l1d
0 25 26 4 l1d
0 25 27 4 l1d
0 27 18 4 l1d
0 27 19 4 l1d
0 27 50 4 l1d
0 27 51 4 l1d
0 27 62 4 l1d
0 27 63 4 l1d
0 28 6 4 l1d
0 28 7 4 l1d
0 28 42 4 l1d
0 28 43 4 l1d
0 29 30 4 l1d
0 29 31 4 l1d
0 29 50 4 l1d
0 29 51 4 l1d
0 30 18 4 l1d
0 30 19 4 l1d
0 30 34 4 l1d
0 30 35 4 l1d
