0 17 8 4 l1d
0 17 9 4 l1d
0 18 24 4 l1d
0 18 25 4 l1d
0 19 24 4 l1d
0 19 25 4 l1d
0 19 40 4 l1d
0 19 41 4 l1d
0 19 44 4 l1d
0 19 45 4 l1d
0 19 52 4 l1d
0 19 53 4 l1d
0 21 16 4 l1d
0 21 17 4 l1d
0 23 24 4 l1d
0 23 25 4 l1d
0 23 28 4 l1d
0 23 29 4 l1d
0 23 44 4 l1d
0 23 45 4 l1d
0 25 36 4 l1d
0 25 37 4 l1d
0 25 40 4 l1d
0 25 41 4 l1d
0 25 44 4 l1d
0 25 45 4 l1d
0 27 36 4 l1d
0 27 37 4 l1d
0 27 40 4 l1d
0 27 41 4 l1d
0 27 44 4 l1d
0 27 45 4 l1d
0 27 48 4 l1d
0 27 49 4 l1d
0 28 28 4 l1d
0 28 29 4 l1d
0 31 28 4 l1d
0 31 29 4 l1d
0 31 32 4 l1d
0 31 33 4 l1d
