0 0 18 4 l1d
0 0 19 4 l1d
0 0 22 4 l1d
0 0 23 4 l1d
0 0 38 4 l1d
0 0 39 4 l1d
0 0 58 4 l1d
0 0 59 4 l1d
0 1 18 4 l1d
0 1 19 4 l1d
0 4 21 2 l1d
0 4 22 2 l1d
0 4 30 4 l1d
0 4 31 4 l1d
0 5 54 4 l1d
0 5 55 4 l1d
0 5 58 4 l1d
0 5 59 4 l1d
0 7 26 4 l1d
0 7 27 4 l1d
0 8 46 4 l1d
0 8 47 4 l1d
0 8 50 4 l1d
0 8 51 4 l1d
0 13 18 4 l1d
0 13 19 4 l1d
0 13 30 4 l1d
0 13 31 4 l1d
0 14 18 4 l1d
0 14 19 4 l1d
0 14 30 4 l1d
0 14 31 4 l1d
0 14 58 4 l1d
0 14 59 4 l1d
0 14 62 4 l1d
0 14 63 4 l1d
0 17 26 4 l1d
0 17 27 4 l1d
0 17 46 4 l1d
0 17 47 4 l1d
0 18 10 4 l1d
0 18 11 4 l1d
0 22 38 4 l1d
0 22 39 4 l1d
0 24 6 4 l1d
0 24 7 4 l1d
0 25 50 4 l1d
0 25 51 4 l1d
0 28 10 4 l1d
0 28 11 4 l1d
0 28 34 4 l1d
0 28 35 4 l1d
0 30 38 4 l1d
0 30 39 4 l1d
