16 18 7 l1d
16 19 7 l1d
16 58 4 l1d
16 59 4 l1d
17 46 6 l1d
17 47 6 l1d
18 50 6 l1d
18 51 6 l1d
18 54 6 l1d
18 55 6 l1d
18 58 6 l1d
18 59 6 l1d
20 18 5 l1d
20 19 5 l1d
20 22 5 l1d
20 23 5 l1d
20 26 6 l1d
20 27 2 l1d
20 27 6 l1d
20 28 2 l1d
22 34 4 l1d
22 35 4 l1d
24 50 6 l1d
24 51 6 l1d
26 6 6 l1d
26 7 6 l1d
27 18 4 l1d
27 19 4 l1d
28 18 6 l1d
28 19 6 l1d
28 26 6 l1d
28 27 6 l1d
28 30 6 l1d
28 31 6 l1d
29 58 6 l1d
29 59 6 l1d
29 62 6 l1d
29 63 6 l1d
30 26 6 l1d
30 27 6 l1d
30 50 6 l1d
30 51 6 l1d
31 46 6 l1d
31 47 6 l1d
