0 4 57 3 l1d
0 4 58 3 l1d
0 5 49 2 l1d
0 5 49 3 l1d
0 5 50 2 l1d
0 5 50 3 l1d
0 9 21 3 l1d
0 9 22 3 l1d
0 9 25 3 l1d
0 9 26 3 l1d
0 12 5 0 l1d
0 12 6 0 l1d
0 12 9 3 l1d
0 12 10 3 l1d
0 15 17 3 l1d
0 15 18 3 l1d
0 19 1 3 l1d
0 19 2 3 l1d
0 19 25 3 l1d
0 19 26 3 l1d
0 20 21 3 l1d
0 20 22 3 l1d
0 20 29 3 l1d
0 20 30 3 l1d
0 20 33 2 l1d
0 20 33 3 l1d
0 20 34 2 l1d
0 20 34 3 l1d
0 20 53 3 l1d
0 20 54 3 l1d
0 20 57 3 l1d
0 20 58 3 l1d
0 21 21 2 l1d
0 21 22 2 l1d
0 21 25 3 l1d
0 21 26 3 l1d
0 28 28 7 l1d
0 28 29 7 l1d
0 28 33 3 l1d
0 28 34 3 l1d
0 29 41 3 l1d
0 29 42 3 l1d
0 29 45 3 l1d
0 29 46 3 l1d
0 31 53 3 l1d
0 31 54 3 l1d
