17 18 6 l1d
17 18 7 l1d
17 19 6 l1d
17 19 7 l1d
17 57 1 l1d
17 58 1 l1d
17 61 1 l1d
17 62 1 l1d
18 1 1 l1d
18 2 1 l1d
19 58 6 l1d
19 59 6 l1d
20 18 6 l1d
20 19 6 l1d
20 30 6 l1d
20 31 6 l1d
21 18 6 l1d
21 19 6 l1d
21 26 6 l1d
21 27 6 l1d
21 30 6 l1d
21 30 7 l1d
21 31 6 l1d
21 31 7 l1d
23 62 6 l1d
23 63 6 l1d
24 10 7 l1d
24 11 7 l1d
24 26 7 l1d
24 27 7 l1d
25 18 6 l1d
25 19 6 l1d
25 34 6 l1d
25 35 6 l1d
27 58 7 l1d
27 59 7 l1d
27 62 6 l1d
27 62 7 l1d
27 63 6 l1d
27 63 7 l1d
28 58 6 l1d
28 59 6 l1d
29 34 6 l1d
29 35 6 l1d
30 22 6 l1d
30 23 6 l1d
30 30 6 l1d
30 31 6 l1d
31 18 5 l1d
31 19 5 l1d
31 26 6 l1d
31 27 6 l1d
31 58 6 l1d
31 59 6 l1d
