0 1 33 3 l1d
0 1 34 3 l1d
0 1 45 3 l1d
0 1 46 3 l1d
0 3 5 3 l1d
0 3 6 3 l1d
0 5 5 3 l1d
0 5 6 3 l1d
0 5 17 3 l1d
0 5 18 3 l1d
0 6 21 3 l1d
0 6 22 3 l1d
0 9 17 3 l1d
0 9 18 3 l1d
0 13 21 3 l1d
0 13 22 3 l1d
0 13 29 3 l1d
0 13 30 3 l1d
0 14 49 3 l1d
0 14 50 3 l1d
0 21 1 3 l1d
0 21 2 3 l1d
0 22 17 3 l1d
0 22 18 3 l1d
0 23 33 3 l1d
0 23 34 3 l1d
0 24 49 3 l1d
0 24 50 3 l1d
0 26 29 3 l1d
0 26 30 3 l1d
0 27 9 3 l1d
0 27 10 3 l1d
0 27 25 3 l1d
0 27 26 3 l1d
0 27 29 3 l1d
0 27 30 3 l1d
0 27 53 3 l1d
0 27 54 3 l1d
0 29 17 3 l1d
0 29 18 3 l1d
