0 2 11 3 l1d
0 2 12 3 l1d
0 13 31 3 l1d
0 13 32 3 l1d
0 16 31 3 l1d
0 16 32 3 l1d
0 17 19 2 l1d
0 17 20 2 l1d
0 17 55 3 l1d
0 17 56 3 l1d
0 17 63 3 l1d
0 18 0 3 l1d
0 18 31 3 l1d
0 18 32 3 l1d
0 18 39 3 l1d
0 18 40 3 l1d
0 18 55 3 l1d
0 18 56 3 l1d
0 19 2 6 l1d
0 19 3 6 l1d
0 20 19 2 l1d
0 20 20 2 l1d
0 20 23 3 l1d
0 20 24 3 l1d
0 20 43 3 l1d
0 20 44 3 l1d
0 20 51 3 l1d
0 20 52 3 l1d
0 23 15 3 l1d
0 23 16 3 l1d
0 23 27 3 l1d
0 23 28 3 l1d
0 23 31 3 l1d
0 23 32 3 l1d
0 24 0 5 l1d
0 24 1 5 l1d
0 26 31 3 l1d
0 26 32 3 l1d
0 26 55 3 l1d
0 26 56 3 l1d
0 29 15 3 l1d
0 29 16 3 l1d
0 29 23 3 l1d
0 29 24 3 l1d
0 29 59 3 l1d
0 29 60 3 l1d
0 30 31 3 l1d
0 30 32 3 l1d
0 31 32 5 l1d
0 31 33 5 l1d
