2 10 6 l1d
2 11 6 l1d
3 46 6 l1d
3 47 6 l1d
3 58 6 l1d
3 59 6 l1d
4 62 6 l1d
4 63 6 l1d
6 22 6 l1d
6 23 6 l1d
7 30 6 l1d
7 31 6 l1d
10 50 6 l1d
10 51 6 l1d
10 54 6 l1d
10 55 2 l1d
10 55 6 l1d
10 56 2 l1d
12 18 6 l1d
12 19 6 l1d
13 26 6 l1d
13 27 6 l1d
13 30 6 l1d
13 31 6 l1d
16 22 6 l1d
16 23 6 l1d
16 42 6 l1d
16 43 6 l1d
17 18 6 l1d
17 19 6 l1d
17 23 2 l1d
17 24 2 l1d
17 30 6 l1d
17 31 6 l1d
18 2 6 l1d
18 3 2 l1d
18 3 6 l1d
18 4 2 l1d
18 6 6 l1d
18 7 6 l1d
18 10 6 l1d
18 11 6 l1d
18 42 6 l1d
18 43 2 l1d
18 43 6 l1d
18 44 2 l1d
18 46 6 l1d
18 47 6 l1d
18 50 6 l1d
18 51 6 l1d
19 30 6 l1d
19 31 6 l1d
19 38 6 l1d
19 39 6 l1d
19 42 6 l1d
19 43 2 l1d
19 43 6 l1d
19 44 2 l1d
19 46 6 l1d
19 47 6 l1d
20 14 6 l1d
20 15 6 l1d
20 18 6 l1d
20 19 6 l1d
20 22 6 l1d
20 23 6 l1d
20 26 6 l1d
20 27 6 l1d
20 31 2 l1d
20 32 2 l1d
20 34 6 l1d
20 35 6 l1d
20 38 6 l1d
20 39 6 l1d
20 46 6 l1d
20 47 6 l1d
20 50 6 l1d
20 51 2 l1d
20 51 6 l1d
20 52 2 l1d
20 54 6 l1d
20 55 6 l1d
20 58 6 l1d
20 59 6 l1d
20 62 6 l1d
20 63 2 l1d
20 63 6 l1d
21 0 2 l1d
21 2 6 l1d
21 3 6 l1d
21 6 6 l1d
21 7 6 l1d
21 11 2 l1d
21 12 2 l1d
21 14 6 l1d
21 15 6 l1d
21 18 6 l1d
21 19 6 l1d
21 30 6 l1d
21 31 6 l1d
21 50 6 l1d
21 51 6 l1d
21 54 6 l1d
21 55 6 l1d
22 2 6 l1d
22 3 6 l1d
22 18 6 l1d
22 19 6 l1d
22 22 6 l1d
22 23 6 l1d
22 26 6 l1d
22 27 6 l1d
22 30 6 l1d
22 31 2 l1d
22 31 6 l1d
22 32 2 l1d
22 34 6 l1d
22 35 2 l1d
22 35 6 l1d
22 36 2 l1d
22 42 6 l1d
22 43 6 l1d
22 46 6 l1d
22 47 6 l1d
22 50 6 l1d
22 51 6 l1d
22 55 2 l1d
22 56 2 l1d
22 62 6 l1d
22 63 6 l1d
23 2 6 l1d
23 3 6 l1d
23 14 6 l1d
23 15 6 l1d
23 23 2 l1d
23 24 2 l1d
24 22 6 l1d
24 23 6 l1d
24 26 6 l1d
24 27 6 l1d
24 38 6 l1d
24 39 6 l1d
24 42 6 l1d
24 43 6 l1d
24 50 6 l1d
24 51 6 l1d
24 54 6 l1d
24 55 6 l1d
24 58 6 l1d
24 59 6 l1d
24 62 6 l1d
24 63 6 l1d
25 11 2 l1d
25 12 2 l1d
25 18 6 l1d
25 19 6 l1d
25 30 6 l1d
25 31 6 l1d
25 42 6 l1d
25 43 2 l1d
25 43 6 l1d
25 44 2 l1d
25 46 6 l1d
25 47 6 l1d
25 50 6 l1d
25 51 6 l1d
25 54 6 l1d
25 55 6 l1d
25 58 6 l1d
25 59 6 l1d
25 62 6 l1d
25 63 6 l1d
26 6 6 l1d
26 7 6 l1d
26 34 6 l1d
26 35 6 l1d
26 54 6 l1d
26 55 6 l1d
26 62 6 l1d
26 63 2 l1d
26 63 6 l1d
27 0 2 l1d
27 18 6 l1d
27 19 6 l1d
27 22 6 l1d
27 23 6 l1d
27 34 6 l1d
27 35 6 l1d
27 42 6 l1d
27 43 6 l1d
27 50 6 l1d
27 51 6 l1d
28 2 6 l1d
28 3 6 l1d
28 6 6 l1d
28 7 6 l1d
28 34 6 l1d
28 35 6 l1d
28 42 6 l1d
28 43 6 l1d
28 46 6 l1d
28 47 2 l1d
28 47 6 l1d
28 48 2 l1d
29 58 6 l1d
29 59 6 l1d
30 30 6 l1d
30 31 6 l1d
30 42 6 l1d
30 43 6 l1d
30 62 6 l1d
30 63 6 l1d
31 10 6 l1d
31 11 6 l1d
31 26 6 l1d
31 27 6 l1d
31 30 6 l1d
31 31 6 l1d
