0 0 5 l1d
0 1 5 l1d
1 58 5 l1d
1 59 5 l1d
1 62 5 l1d
1 63 5 l1d
2 18 5 l1d
2 19 5 l1d
2 26 5 l1d
2 27 5 l1d
2 30 5 l1d
2 31 5 l1d
4 18 5 l1d
4 19 5 l1d
4 26 5 l1d
4 27 5 l1d
4 30 5 l1d
4 31 5 l1d
5 50 5 l1d
5 51 5 l1d
6 2 5 l1d
6 3 5 l1d
6 10 5 l1d
6 11 5 l1d
6 18 5 l1d
6 19 5 l1d
9 34 5 l1d
9 35 5 l1d
9 46 5 l1d
9 47 5 l1d
10 14 5 l1d
10 15 5 l1d
10 34 5 l1d
10 35 5 l1d
11 50 5 l1d
11 51 5 l1d
12 14 5 l1d
12 15 5 l1d
12 34 5 l1d
12 35 5 l1d
13 34 5 l1d
13 35 5 l1d
13 50 5 l1d
13 51 5 l1d
15 22 5 l1d
15 23 5 l1d
16 42 5 l1d
16 43 5 l1d
17 34 5 l1d
17 35 5 l1d
19 34 5 l1d
19 35 5 l1d
19 42 5 l1d
19 43 5 l1d
23 6 5 l1d
23 7 5 l1d
23 10 5 l1d
23 11 5 l1d
23 14 5 l1d
23 15 5 l1d
23 38 5 l1d
23 39 5 l1d
23 42 5 l1d
23 43 5 l1d
25 34 5 l1d
25 35 5 l1d
25 42 5 l1d
25 43 5 l1d
25 46 5 l1d
25 47 5 l1d
27 2 5 l1d
27 3 5 l1d
27 42 5 l1d
27 43 5 l1d
28 42 5 l1d
28 43 5 l1d
29 14 5 l1d
29 15 5 l1d
31 50 5 l1d
31 51 5 l1d
