0 2 26 5 l1d
0 2 27 5 l1d
0 7 2 5 l1d
0 7 3 5 l1d
0 11 46 5 l1d
0 11 47 5 l1d
0 13 50 4 l1d
0 13 51 4 l1d
0 17 58 5 l1d
0 17 59 5 l1d
0 18 18 5 l1d
0 18 19 5 l1d
0 19 14 5 l1d
0 19 15 5 l1d
0 19 31 3 l1d
0 19 32 3 l1d
0 19 50 5 l1d
0 19 51 5 l1d
0 19 54 5 l1d
0 19 55 5 l1d
0 20 54 5 l1d
0 20 55 5 l1d
0 21 58 5 l1d
0 21 59 5 l1d
0 23 18 4 l1d
0 23 19 4 l1d
0 24 50 5 l1d
0 24 51 5 l1d
0 25 50 5 l1d
0 25 51 5 l1d
0 26 2 5 l1d
0 26 3 5 l1d
0 26 6 5 l1d
0 26 7 5 l1d
0 27 18 5 l1d
0 27 19 5 l1d
0 28 18 5 l1d
0 28 19 5 l1d
0 31 18 5 l1d
0 31 19 5 l1d
