0 1 26 5 l1d
0 1 27 5 l1d
0 2 42 5 l1d
0 2 43 5 l1d
0 3 14 5 l1d
0 3 15 5 l1d
0 4 34 5 l1d
0 4 35 5 l1d
0 4 50 5 l1d
0 4 51 5 l1d
0 6 42 5 l1d
0 6 43 5 l1d
0 9 53 2 l1d
0 9 54 2 l1d
0 10 18 5 l1d
0 10 19 5 l1d
0 11 50 5 l1d
0 11 51 5 l1d
0 13 26 5 l1d
0 13 27 5 l1d
0 13 30 5 l1d
0 13 31 5 l1d
0 15 34 5 l1d
0 15 35 5 l1d
0 17 42 5 l1d
0 17 43 5 l1d
0 18 26 5 l1d
0 18 27 5 l1d
0 20 2 5 l1d
0 20 3 5 l1d
0 21 42 5 l1d
0 21 43 5 l1d
0 25 6 5 l1d
0 25 7 5 l1d
0 25 14 5 l1d
0 25 15 5 l1d
0 28 18 5 l1d
0 28 19 5 l1d
0 28 34 5 l1d
0 28 35 5 l1d
0 31 38 4 l1d
0 31 39 4 l1d
