0 0 0 4 l1d
0 0 1 2 l1d
0 0 1 4 l1d
0 0 2 2 l1d
0 3 10 4 l1d
0 3 11 4 l1d
0 3 18 4 l1d
0 3 19 4 l1d
0 3 51 2 l1d
0 3 52 2 l1d
0 4 18 4 l1d
0 4 19 4 l1d
0 4 34 4 l1d
0 4 35 4 l1d
0 6 22 4 l1d
0 6 23 4 l1d
0 6 26 4 l1d
0 6 27 4 l1d
0 6 34 4 l1d
0 6 35 2 l1d
0 6 35 4 l1d
0 6 36 2 l1d
0 9 2 4 l1d
0 9 3 4 l1d
0 9 14 4 l1d
0 9 15 4 l1d
0 9 26 4 l1d
0 9 27 4 l1d
0 9 30 4 l1d
0 9 31 4 l1d
0 10 22 4 l1d
0 10 23 4 l1d
0 10 30 4 l1d
0 10 31 4 l1d
0 10 34 4 l1d
0 10 35 4 l1d
0 12 18 4 l1d
0 12 19 4 l1d
0 12 22 4 l1d
0 12 23 4 l1d
0 13 6 4 l1d
0 13 7 4 l1d
0 13 10 4 l1d
0 13 11 4 l1d
0 13 34 4 l1d
0 13 35 4 l1d
0 13 50 4 l1d
0 13 51 4 l1d
0 13 54 4 l1d
0 13 55 4 l1d
0 13 62 4 l1d
0 13 63 4 l1d
0 14 2 4 l1d
0 14 3 4 l1d
0 17 34 4 l1d
0 17 35 4 l1d
