1 5 3 l1d
1 6 3 l1d
15 43 0 l1d
15 44 0 l1d
16 21 3 l1d
16 22 3 l1d
17 5 3 l1d
17 6 3 l1d
17 25 3 l1d
17 26 3 l1d
17 29 3 l1d
17 30 3 l1d
17 33 3 l1d
17 34 3 l1d
18 21 3 l1d
18 22 3 l1d
18 25 3 l1d
18 26 3 l1d
18 29 3 l1d
18 30 3 l1d
18 32 6 l1d
18 33 2 l1d
18 33 3 l1d
18 33 6 l1d
18 34 2 l1d
18 34 3 l1d
18 45 3 l1d
18 46 3 l1d
19 33 3 l1d
19 34 3 l1d
20 1 0 l1d
20 2 0 l1d
20 21 2 l1d
20 22 2 l1d
20 25 3 l1d
20 26 3 l1d
20 29 3 l1d
20 30 3 l1d
20 33 3 l1d
20 34 3 l1d
21 21 3 l1d
21 22 3 l1d
21 33 3 l1d
21 34 3 l1d
21 45 3 l1d
21 46 3 l1d
23 13 3 l1d
23 14 3 l1d
23 17 3 l1d
23 18 3 l1d
23 21 3 l1d
23 22 3 l1d
23 25 3 l1d
23 26 3 l1d
23 33 3 l1d
23 34 3 l1d
24 5 3 l1d
24 6 3 l1d
24 29 2 l1d
24 29 3 l1d
24 30 2 l1d
24 30 3 l1d
24 37 3 l1d
24 38 3 l1d
25 9 3 l1d
25 10 3 l1d
25 29 3 l1d
25 30 3 l1d
25 37 3 l1d
25 38 3 l1d
25 41 3 l1d
25 42 3 l1d
25 44 6 l1d
25 45 3 l1d
25 45 6 l1d
25 46 3 l1d
25 49 3 l1d
25 50 3 l1d
26 19 0 l1d
26 20 0 l1d
27 9 3 l1d
27 10 3 l1d
27 25 3 l1d
27 26 3 l1d
28 17 2 l1d
28 18 2 l1d
28 21 2 l1d
28 22 2 l1d
28 25 3 l1d
28 26 3 l1d
28 57 3 l1d
28 58 3 l1d
29 1 1 l1d
29 2 1 l1d
29 13 3 l1d
29 14 3 l1d
29 17 3 l1d
29 18 3 l1d
29 21 3 l1d
29 22 3 l1d
29 25 3 l1d
29 26 3 l1d
29 29 3 l1d
29 30 3 l1d
29 57 3 l1d
29 58 3 l1d
29 61 3 l1d
29 62 3 l1d
30 1 3 l1d
30 2 3 l1d
30 21 3 l1d
30 22 3 l1d
30 25 3 l1d
30 26 3 l1d
31 12 6 l1d
31 13 6 l1d
31 16 6 l1d
31 17 2 l1d
31 17 3 l1d
31 17 6 l1d
31 18 2 l1d
31 18 3 l1d
31 33 3 l1d
31 34 3 l1d
31 57 3 l1d
31 58 3 l1d
31 61 3 l1d
31 62 3 l1d
