1 2 5 l1d
1 3 5 l1d
1 6 5 l1d
1 7 5 l1d
2 6 5 l1d
2 7 5 l1d
2 10 5 l1d
2 11 5 l1d
3 14 5 l1d
3 15 5 l1d
3 22 5 l1d
3 23 5 l1d
3 34 5 l1d
3 35 5 l1d
4 54 5 l1d
4 55 5 l1d
6 22 5 l1d
6 23 5 l1d
6 58 5 l1d
6 59 5 l1d
6 62 5 l1d
6 63 5 l1d
7 10 5 l1d
7 11 5 l1d
7 34 5 l1d
7 35 5 l1d
7 38 5 l1d
7 39 5 l1d
7 42 5 l1d
7 43 5 l1d
7 46 5 l1d
7 47 5 l1d
9 50 5 l1d
9 51 5 l1d
10 2 5 l1d
10 3 5 l1d
10 18 5 l1d
10 19 5 l1d
11 2 5 l1d
11 3 5 l1d
11 6 5 l1d
11 7 5 l1d
11 10 5 l1d
11 11 5 l1d
11 42 5 l1d
11 43 5 l1d
12 34 5 l1d
12 35 5 l1d
12 46 5 l1d
12 47 5 l1d
13 14 5 l1d
13 15 5 l1d
13 18 5 l1d
13 19 5 l1d
13 34 5 l1d
13 35 5 l1d
13 42 5 l1d
13 43 5 l1d
13 46 5 l1d
13 47 5 l1d
15 14 5 l1d
15 15 5 l1d
17 6 5 l1d
17 7 5 l1d
17 18 5 l1d
17 19 5 l1d
17 30 5 l1d
17 31 5 l1d
18 2 5 l1d
18 3 5 l1d
18 14 5 l1d
18 15 5 l1d
18 18 5 l1d
18 19 5 l1d
18 42 5 l1d
18 43 5 l1d
19 62 5 l1d
19 63 5 l1d
20 10 5 l1d
20 11 5 l1d
21 18 5 l1d
21 19 5 l1d
22 30 5 l1d
22 31 5 l1d
25 2 5 l1d
25 3 5 l1d
25 34 5 l1d
25 35 5 l1d
27 38 5 l1d
27 39 5 l1d
27 58 5 l1d
27 59 5 l1d
29 54 5 l1d
29 55 5 l1d
30 58 5 l1d
30 59 5 l1d
31 34 5 l1d
31 35 5 l1d
