0 31 1 l1d
0 32 1 l1d
0 35 1 l1d
0 36 1 l1d
0 51 3 l1d
0 52 3 l1d
0 55 1 l1d
0 56 1 l1d
0 59 1 l1d
0 60 1 l1d
0 63 1 l1d
1 0 1 l1d
1 19 1 l1d
1 20 1 l1d
1 31 1 l1d
1 32 1 l1d
1 55 3 l1d
1 56 3 l1d
1 63 1 l1d
2 0 1 l1d
2 19 1 l1d
2 20 1 l1d
2 51 1 l1d
2 52 1 l1d
3 3 1 l1d
3 4 1 l1d
3 19 1 l1d
3 20 1 l1d
3 23 1 l1d
3 24 1 l1d
3 27 1 l1d
3 28 1 l1d
3 59 1 l1d
3 60 1 l1d
4 3 1 l1d
4 4 1 l1d
4 23 1 l1d
4 24 1 l1d
4 27 1 l1d
4 28 1 l1d
5 3 1 l1d
5 4 1 l1d
5 19 1 l1d
5 20 1 l1d
5 51 1 l1d
5 52 1 l1d
5 55 1 l1d
5 56 1 l1d
5 59 1 l1d
5 60 1 l1d
6 7 1 l1d
6 8 1 l1d
6 19 1 l1d
6 19 3 l1d
6 20 1 l1d
6 20 3 l1d
6 22 6 l1d
6 23 1 l1d
6 23 3 l1d
6 23 6 l1d
6 24 1 l1d
6 24 3 l1d
6 27 1 l1d
6 28 1 l1d
6 31 1 l1d
6 32 1 l1d
6 35 1 l1d
6 36 1 l1d
6 55 1 l1d
6 56 1 l1d
6 59 1 l1d
6 60 1 l1d
6 63 1 l1d
7 0 1 l1d
7 27 1 l1d
7 28 1 l1d
7 31 1 l1d
7 31 3 l1d
7 32 1 l1d
7 32 3 l1d
7 51 1 l1d
7 52 1 l1d
8 19 1 l1d
8 20 1 l1d
8 23 1 l1d
8 24 1 l1d
8 27 1 l1d
8 28 1 l1d
8 43 1 l1d
8 44 1 l1d
8 47 1 l1d
8 48 1 l1d
8 51 1 l1d
8 52 1 l1d
9 3 1 l1d
9 4 1 l1d
9 39 1 l1d
9 40 1 l1d
9 43 1 l1d
9 44 1 l1d
9 51 1 l1d
9 52 1 l1d
9 55 1 l1d
9 55 3 l1d
9 56 1 l1d
9 56 3 l1d
9 63 1 l1d
10 0 1 l1d
10 19 1 l1d
10 19 3 l1d
10 20 1 l1d
10 20 3 l1d
10 27 1 l1d
10 28 1 l1d
10 31 1 l1d
10 32 1 l1d
11 19 1 l1d
11 19 3 l1d
11 20 1 l1d
11 20 3 l1d
11 23 1 l1d
11 24 1 l1d
11 27 1 l1d
11 27 3 l1d
11 28 1 l1d
11 28 3 l1d
11 31 1 l1d
11 32 1 l1d
11 35 1 l1d
11 36 1 l1d
11 51 1 l1d
11 52 1 l1d
11 55 1 l1d
11 56 1 l1d
11 59 1 l1d
11 60 1 l1d
12 3 1 l1d
12 4 1 l1d
12 11 1 l1d
12 12 1 l1d
12 19 1 l1d
12 20 1 l1d
12 23 1 l1d
12 24 1 l1d
12 35 1 l1d
12 36 1 l1d
12 39 3 l1d
12 40 3 l1d
12 59 1 l1d
12 60 1 l1d
13 7 1 l1d
13 8 1 l1d
13 19 1 l1d
13 20 1 l1d
13 23 1 l1d
13 23 3 l1d
13 24 1 l1d
13 24 3 l1d
13 35 1 l1d
13 36 1 l1d
13 43 3 l1d
13 44 3 l1d
13 47 1 l1d
13 48 1 l1d
13 51 1 l1d
13 52 1 l1d
14 19 1 l1d
14 20 1 l1d
14 27 3 l1d
14 28 3 l1d
14 47 1 l1d
14 48 1 l1d
14 59 1 l1d
14 60 1 l1d
15 19 1 l1d
15 19 3 l1d
15 20 1 l1d
15 20 3 l1d
15 23 1 l1d
15 24 1 l1d
15 27 1 l1d
15 28 1 l1d
15 31 1 l1d
15 31 3 l1d
15 32 1 l1d
15 32 3 l1d
15 35 1 l1d
15 36 1 l1d
16 27 1 l1d
16 28 1 l1d
16 35 1 l1d
16 36 1 l1d
16 39 1 l1d
16 40 1 l1d
17 51 1 l1d
17 52 1 l1d
17 59 1 l1d
17 60 1 l1d
18 3 1 l1d
18 4 1 l1d
19 19 1 l1d
19 20 1 l1d
19 43 1 l1d
19 44 1 l1d
20 19 1 l1d
20 20 1 l1d
20 51 1 l1d
20 52 1 l1d
20 63 1 l1d
21 0 1 l1d
22 19 1 l1d
22 20 1 l1d
22 51 1 l1d
22 52 1 l1d
22 63 1 l1d
23 0 1 l1d
24 19 1 l1d
24 20 1 l1d
24 35 1 l1d
24 36 1 l1d
26 3 1 l1d
26 4 1 l1d
26 11 1 l1d
26 12 1 l1d
27 39 1 l1d
27 40 1 l1d
27 43 1 l1d
27 44 1 l1d
27 51 1 l1d
27 52 1 l1d
27 55 1 l1d
27 56 1 l1d
27 59 1 l1d
27 60 1 l1d
27 63 1 l1d
28 0 1 l1d
28 3 1 l1d
28 3 3 l1d
28 4 1 l1d
28 4 3 l1d
28 19 1 l1d
28 20 1 l1d
28 35 1 l1d
28 36 1 l1d
29 19 1 l1d
29 20 1 l1d
29 35 1 l1d
29 36 1 l1d
30 19 1 l1d
30 20 1 l1d
31 19 1 l1d
31 20 1 l1d
31 35 1 l1d
31 36 1 l1d
31 39 1 l1d
31 40 1 l1d
