0 10 47 0 l1d
0 10 48 0 l1d
0 18 14 5 l1d
0 18 15 5 l1d
0 18 50 4 l1d
0 18 50 5 l1d
0 18 51 4 l1d
0 18 51 5 l1d
0 19 47 2 l1d
0 19 48 2 l1d
0 20 26 4 l1d
0 20 27 4 l1d
0 20 63 2 l1d
0 21 0 2 l1d
0 25 19 0 l1d
0 25 20 0 l1d
0 26 19 2 l1d
0 26 20 2 l1d
0 26 22 5 l1d
0 26 23 2 l1d
0 26 23 5 l1d
0 26 24 2 l1d
0 27 23 2 l1d
0 27 24 2 l1d
0 28 7 0 l1d
0 28 8 0 l1d
0 28 35 2 l1d
0 28 36 2 l1d
0 29 19 3 l1d
0 29 20 3 l1d
0 29 26 5 l1d
0 29 27 5 l1d
0 29 51 2 l1d
0 29 52 2 l1d
0 30 19 2 l1d
0 30 20 2 l1d
