0 0 22 5 l1d
0 0 23 5 l1d
0 0 34 5 l1d
0 0 35 5 l1d
0 0 46 5 l1d
0 0 47 5 l1d
0 1 18 4 l1d
0 1 19 4 l1d
0 2 6 5 l1d
0 2 7 5 l1d
0 2 10 5 l1d
0 2 11 5 l1d
0 2 34 5 l1d
0 2 35 5 l1d
0 2 50 4 l1d
0 2 51 4 l1d
0 2 54 4 l1d
0 2 55 4 l1d
0 3 2 4 l1d
0 3 3 4 l1d
0 3 26 5 l1d
0 3 27 5 l1d
0 4 2 4 l1d
0 4 3 4 l1d
0 4 22 5 l1d
0 4 23 5 l1d
0 4 54 4 l1d
0 4 54 5 l1d
0 4 55 4 l1d
0 4 55 5 l1d
0 5 2 4 l1d
0 5 3 4 l1d
0 5 34 5 l1d
0 5 35 5 l1d
0 7 18 4 l1d
0 7 19 4 l1d
0 8 38 5 l1d
0 8 39 5 l1d
0 9 42 5 l1d
0 9 43 5 l1d
0 9 50 4 l1d
0 9 51 4 l1d
0 10 26 5 l1d
0 10 27 5 l1d
0 12 2 4 l1d
0 12 3 4 l1d
0 12 62 5 l1d
0 12 63 5 l1d
0 14 34 5 l1d
0 14 35 5 l1d
0 14 54 5 l1d
0 14 55 5 l1d
0 14 58 5 l1d
0 14 59 5 l1d
0 15 22 5 l1d
0 15 23 5 l1d
0 15 26 5 l1d
0 15 27 5 l1d
0 16 50 5 l1d
0 16 51 5 l1d
0 18 26 4 l1d
0 18 27 4 l1d
0 19 2 4 l1d
0 19 3 4 l1d
0 20 42 5 l1d
0 20 43 5 l1d
0 23 18 4 l1d
0 23 19 4 l1d
0 30 58 5 l1d
0 30 59 5 l1d
0 31 18 5 l1d
0 31 19 5 l1d
