2 40 4 l1d
2 41 4 l1d
4 33 3 l1d
4 34 3 l1d
4 44 5 l1d
4 45 5 l1d
5 13 3 l1d
5 14 3 l1d
10 36 4 l1d
10 37 4 l1d
16 58 7 l1d
16 59 7 l1d
18 38 6 l1d
18 39 6 l1d
19 26 7 l1d
19 27 7 l1d
19 42 7 l1d
19 43 7 l1d
19 50 6 l1d
19 51 6 l1d
19 58 7 l1d
19 59 7 l1d
19 62 7 l1d
19 63 7 l1d
20 42 7 l1d
20 43 7 l1d
20 50 7 l1d
20 51 7 l1d
20 58 6 l1d
20 58 7 l1d
20 59 6 l1d
20 59 7 l1d
21 18 7 l1d
21 19 7 l1d
21 22 7 l1d
21 23 7 l1d
21 26 7 l1d
21 27 7 l1d
21 32 4 l1d
21 33 4 l1d
21 50 6 l1d
21 51 6 l1d
23 18 7 l1d
23 19 7 l1d
23 24 4 l1d
23 25 4 l1d
24 34 7 l1d
24 35 7 l1d
24 52 4 l1d
24 53 4 l1d
24 56 4 l1d
24 57 4 l1d
25 29 1 l1d
25 30 1 l1d
25 32 4 l1d
25 33 4 l1d
25 54 7 l1d
25 55 7 l1d
25 56 4 l1d
25 57 4 l1d
25 58 7 l1d
25 59 7 l1d
26 34 7 l1d
26 35 7 l1d
26 36 4 l1d
26 37 4 l1d
26 58 7 l1d
26 59 7 l1d
27 18 7 l1d
27 19 7 l1d
27 50 7 l1d
27 51 7 l1d
27 54 7 l1d
27 55 7 l1d
28 45 3 l1d
28 46 3 l1d
28 50 7 l1d
28 51 7 l1d
28 58 7 l1d
28 59 7 l1d
29 20 4 l1d
29 21 4 l1d
30 26 7 l1d
30 27 7 l1d
31 18 6 l1d
31 19 6 l1d
