0 0 35 2 l1d
0 0 36 2 l1d
0 0 51 2 l1d
0 0 52 2 l1d
0 1 51 2 l1d
0 1 52 2 l1d
0 1 63 2 l1d
0 2 0 2 l1d
0 2 27 2 l1d
0 2 28 2 l1d
0 2 59 2 l1d
0 2 60 2 l1d
0 3 27 2 l1d
0 3 28 2 l1d
0 6 63 2 l1d
0 7 0 2 l1d
0 7 59 2 l1d
0 7 60 2 l1d
0 8 19 2 l1d
0 8 20 2 l1d
0 8 51 2 l1d
0 8 52 2 l1d
0 9 19 2 l1d
0 9 20 2 l1d
0 9 23 2 l1d
0 9 24 2 l1d
0 9 51 2 l1d
0 9 52 2 l1d
0 10 31 2 l1d
0 10 32 2 l1d
0 10 51 2 l1d
0 10 52 2 l1d
0 11 19 2 l1d
0 11 20 2 l1d
0 11 27 2 l1d
0 11 28 2 l1d
0 11 31 2 l1d
0 11 32 2 l1d
0 11 63 2 l1d
0 12 0 2 l1d
0 13 19 2 l1d
0 13 20 2 l1d
0 13 26 7 l1d
0 13 27 7 l1d
0 13 31 2 l1d
0 13 32 2 l1d
0 14 27 2 l1d
0 14 28 2 l1d
0 14 55 2 l1d
0 14 56 2 l1d
0 14 63 2 l1d
0 15 0 2 l1d
0 17 19 2 l1d
0 17 20 2 l1d
0 18 3 2 l1d
0 18 4 2 l1d
0 18 15 2 l1d
0 18 16 2 l1d
0 18 31 2 l1d
0 18 32 2 l1d
0 18 47 2 l1d
0 18 48 2 l1d
0 20 39 2 l1d
0 20 40 2 l1d
0 20 47 2 l1d
0 20 48 2 l1d
0 21 21 2 l1d
0 21 22 2 l1d
0 22 47 2 l1d
0 22 48 2 l1d
0 24 27 2 l1d
0 24 28 2 l1d
0 24 35 2 l1d
0 24 36 2 l1d
0 24 39 2 l1d
0 24 40 2 l1d
0 25 23 2 l1d
0 25 24 2 l1d
0 25 47 2 l1d
0 25 48 2 l1d
0 25 51 2 l1d
0 25 52 2 l1d
0 26 3 1 l1d
0 26 4 1 l1d
0 26 15 2 l1d
0 26 16 2 l1d
0 26 51 2 l1d
0 26 52 2 l1d
0 27 27 2 l1d
0 27 28 2 l1d
0 27 39 2 l1d
0 27 40 2 l1d
0 27 43 2 l1d
0 27 44 2 l1d
0 28 11 2 l1d
0 28 12 2 l1d
0 28 15 2 l1d
0 28 16 2 l1d
0 28 55 2 l1d
0 28 56 2 l1d
0 30 11 2 l1d
0 30 12 2 l1d
0 30 15 2 l1d
0 30 16 2 l1d
