0 4 6 l1d
0 5 6 l1d
0 8 6 l1d
0 9 6 l1d
0 20 6 l1d
0 21 6 l1d
0 32 6 l1d
0 33 6 l1d
0 36 6 l1d
0 37 6 l1d
0 40 6 l1d
0 41 6 l1d
0 44 6 l1d
0 45 1 l1d
0 45 6 l1d
0 46 1 l1d
0 48 6 l1d
0 49 6 l1d
0 52 6 l1d
0 53 6 l1d
0 56 6 l1d
0 57 6 l1d
1 4 6 l1d
1 5 6 l1d
1 12 6 l1d
1 13 6 l1d
1 16 6 l1d
1 17 6 l1d
1 36 6 l1d
1 37 6 l1d
1 44 6 l1d
1 45 6 l1d
1 48 6 l1d
1 49 6 l1d
1 52 6 l1d
1 53 6 l1d
1 60 6 l1d
1 61 6 l1d
2 4 6 l1d
2 5 6 l1d
2 8 6 l1d
2 9 6 l1d
2 12 6 l1d
2 13 6 l1d
2 16 6 l1d
2 17 6 l1d
2 20 6 l1d
2 21 6 l1d
2 24 6 l1d
2 25 6 l1d
2 28 6 l1d
2 29 6 l1d
2 32 6 l1d
2 33 1 l1d
2 33 6 l1d
2 34 1 l1d
2 36 6 l1d
2 37 6 l1d
2 40 6 l1d
2 41 6 l1d
2 44 6 l1d
2 45 6 l1d
2 48 6 l1d
2 49 6 l1d
2 52 6 l1d
2 53 6 l1d
2 56 6 l1d
2 57 6 l1d
2 60 6 l1d
2 61 6 l1d
3 0 6 l1d
3 1 6 l1d
3 4 6 l1d
3 5 6 l1d
3 8 6 l1d
3 9 6 l1d
3 12 6 l1d
3 13 6 l1d
3 16 6 l1d
3 17 1 l1d
3 17 6 l1d
3 18 1 l1d
3 32 6 l1d
3 33 6 l1d
3 36 6 l1d
3 37 6 l1d
3 40 6 l1d
3 41 1 l1d
3 41 6 l1d
3 42 1 l1d
3 44 6 l1d
3 45 6 l1d
3 48 6 l1d
3 49 6 l1d
3 52 6 l1d
3 53 6 l1d
4 4 6 l1d
4 5 6 l1d
4 20 6 l1d
4 21 6 l1d
4 24 6 l1d
4 25 6 l1d
4 32 6 l1d
4 33 6 l1d
4 36 6 l1d
4 37 6 l1d
4 52 6 l1d
4 53 6 l1d
4 56 6 l1d
4 57 6 l1d
4 60 6 l1d
4 61 6 l1d
5 4 6 l1d
5 5 6 l1d
5 8 6 l1d
5 9 6 l1d
5 20 6 l1d
5 21 6 l1d
5 24 6 l1d
5 25 6 l1d
5 28 6 l1d
5 29 6 l1d
5 36 6 l1d
5 37 2 l1d
5 37 6 l1d
5 38 2 l1d
5 40 6 l1d
5 41 6 l1d
5 44 6 l1d
5 45 6 l1d
5 48 6 l1d
5 49 6 l1d
5 60 6 l1d
5 61 6 l1d
6 0 6 l1d
6 1 6 l1d
6 20 6 l1d
6 21 6 l1d
6 24 6 l1d
6 25 6 l1d
6 28 6 l1d
6 29 6 l1d
6 32 6 l1d
6 33 6 l1d
6 36 6 l1d
6 37 6 l1d
6 52 6 l1d
6 53 1 l1d
6 53 6 l1d
6 54 1 l1d
6 56 6 l1d
6 57 6 l1d
6 60 6 l1d
6 61 6 l1d
7 0 6 l1d
7 1 6 l1d
7 4 6 l1d
7 5 6 l1d
7 8 6 l1d
7 9 6 l1d
7 12 6 l1d
7 13 6 l1d
7 16 6 l1d
7 17 6 l1d
7 28 6 l1d
7 29 6 l1d
7 36 6 l1d
7 37 6 l1d
7 40 6 l1d
7 41 6 l1d
7 44 6 l1d
7 45 6 l1d
7 48 6 l1d
7 49 1 l1d
7 49 6 l1d
7 50 1 l1d
8 4 6 l1d
8 5 6 l1d
8 16 6 l1d
8 17 6 l1d
8 20 6 l1d
8 21 6 l1d
8 24 6 l1d
8 25 6 l1d
8 28 6 l1d
8 29 6 l1d
8 32 6 l1d
8 33 6 l1d
8 36 6 l1d
8 37 6 l1d
8 44 6 l1d
8 45 6 l1d
8 48 6 l1d
8 49 6 l1d
8 52 6 l1d
8 53 6 l1d
8 56 6 l1d
8 57 6 l1d
9 0 6 l1d
9 1 6 l1d
9 4 6 l1d
9 5 6 l1d
9 8 6 l1d
9 9 6 l1d
9 12 6 l1d
9 13 6 l1d
9 16 6 l1d
9 17 6 l1d
9 28 6 l1d
9 29 6 l1d
9 32 6 l1d
9 33 6 l1d
9 36 6 l1d
9 37 1 l1d
9 37 6 l1d
9 38 1 l1d
9 40 6 l1d
9 41 6 l1d
9 52 6 l1d
9 53 6 l1d
9 56 6 l1d
9 57 1 l1d
9 57 6 l1d
9 58 1 l1d
10 0 6 l1d
10 1 6 l1d
10 4 6 l1d
10 5 6 l1d
10 12 6 l1d
10 13 6 l1d
10 16 6 l1d
10 17 6 l1d
10 20 6 l1d
10 21 6 l1d
10 24 6 l1d
10 25 6 l1d
10 28 6 l1d
10 29 6 l1d
10 32 6 l1d
10 33 6 l1d
10 40 6 l1d
10 41 1 l1d
10 41 6 l1d
10 42 1 l1d
10 48 6 l1d
10 49 6 l1d
10 52 6 l1d
10 53 6 l1d
10 56 6 l1d
10 57 6 l1d
10 60 6 l1d
10 61 6 l1d
11 8 6 l1d
11 9 6 l1d
11 28 6 l1d
11 29 6 l1d
11 32 6 l1d
11 33 6 l1d
11 36 6 l1d
11 37 6 l1d
11 44 6 l1d
11 45 6 l1d
11 48 6 l1d
11 49 6 l1d
11 52 6 l1d
11 53 6 l1d
11 56 6 l1d
11 57 6 l1d
11 60 6 l1d
11 61 6 l1d
12 0 6 l1d
12 1 6 l1d
12 12 6 l1d
12 13 6 l1d
12 28 6 l1d
12 29 6 l1d
12 32 6 l1d
12 33 6 l1d
12 36 6 l1d
12 37 6 l1d
12 40 6 l1d
12 41 2 l1d
12 41 6 l1d
12 42 2 l1d
12 44 6 l1d
12 45 6 l1d
12 48 6 l1d
12 49 6 l1d
12 52 6 l1d
12 53 6 l1d
13 0 6 l1d
13 1 6 l1d
13 4 6 l1d
13 5 6 l1d
13 8 6 l1d
13 9 6 l1d
13 16 6 l1d
13 17 6 l1d
13 32 6 l1d
13 33 6 l1d
13 36 6 l1d
13 37 6 l1d
13 40 6 l1d
13 41 6 l1d
13 44 6 l1d
13 45 1 l1d
13 45 6 l1d
13 46 1 l1d
13 48 6 l1d
13 49 1 l1d
13 49 6 l1d
13 50 1 l1d
13 52 6 l1d
13 53 6 l1d
13 56 6 l1d
13 57 6 l1d
13 60 6 l1d
13 61 6 l1d
14 0 6 l1d
14 1 6 l1d
14 16 6 l1d
14 17 6 l1d
14 20 6 l1d
14 21 6 l1d
14 36 6 l1d
14 37 6 l1d
14 40 6 l1d
14 41 6 l1d
14 44 6 l1d
14 45 6 l1d
14 52 6 l1d
14 53 6 l1d
14 60 6 l1d
14 61 6 l1d
15 8 6 l1d
15 9 6 l1d
15 60 6 l1d
15 61 6 l1d
16 32 6 l1d
16 33 6 l1d
16 60 6 l1d
16 61 6 l1d
22 36 6 l1d
22 37 6 l1d
24 4 6 l1d
24 5 6 l1d
27 52 6 l1d
27 53 6 l1d
28 20 6 l1d
28 21 6 l1d
28 52 6 l1d
28 53 6 l1d
31 40 6 l1d
31 41 6 l1d
