0 14 6 l1d
0 15 6 l1d
0 22 6 l1d
0 23 6 l1d
1 30 6 l1d
1 31 6 l1d
2 0 6 l1d
2 1 6 l1d
2 2 6 l1d
2 3 6 l1d
2 34 6 l1d
2 35 6 l1d
5 14 6 l1d
5 15 6 l1d
5 30 6 l1d
5 31 6 l1d
5 50 6 l1d
5 51 6 l1d
6 50 6 l1d
6 51 6 l1d
6 62 6 l1d
6 63 6 l1d
7 50 6 l1d
7 51 6 l1d
9 54 6 l1d
9 55 6 l1d
9 62 6 l1d
9 63 6 l1d
10 54 6 l1d
10 55 6 l1d
11 50 6 l1d
11 51 6 l1d
13 30 6 l1d
13 31 6 l1d
14 2 6 l1d
14 3 6 l1d
14 18 6 l1d
14 19 6 l1d
16 18 6 l1d
16 19 6 l1d
19 44 6 l1d
19 45 6 l1d
20 38 6 l1d
20 39 6 l1d
21 2 6 l1d
21 3 6 l1d
28 26 6 l1d
28 27 6 l1d
28 30 6 l1d
28 31 6 l1d
28 50 6 l1d
28 51 6 l1d
29 30 6 l1d
29 31 6 l1d
29 46 6 l1d
29 47 6 l1d
30 34 6 l1d
30 35 6 l1d
30 38 6 l1d
30 39 6 l1d
31 10 6 l1d
31 11 6 l1d
31 18 6 l1d
31 19 6 l1d
31 46 6 l1d
31 47 6 l1d
