0 4 46 7 l1d
0 4 47 7 l1d
0 13 22 7 l1d
0 13 23 7 l1d
0 15 34 5 l1d
0 15 35 5 l1d
0 16 22 7 l1d
0 16 23 7 l1d
0 16 26 7 l1d
0 16 27 7 l1d
0 16 34 7 l1d
0 16 35 7 l1d
0 16 44 6 l1d
0 16 45 6 l1d
0 16 54 7 l1d
0 16 55 7 l1d
0 17 18 5 l1d
0 17 18 7 l1d
0 17 19 5 l1d
0 17 19 7 l1d
0 17 22 7 l1d
0 17 23 7 l1d
0 17 30 7 l1d
0 17 31 7 l1d
0 17 34 7 l1d
0 17 35 1 l1d
0 17 35 7 l1d
0 17 36 1 l1d
0 18 18 5 l1d
0 18 19 5 l1d
0 18 26 7 l1d
0 18 27 7 l1d
0 18 38 7 l1d
0 18 39 7 l1d
0 18 46 7 l1d
0 18 47 7 l1d
0 18 54 7 l1d
0 18 55 7 l1d
0 19 2 7 l1d
0 19 3 7 l1d
0 19 6 7 l1d
0 19 7 7 l1d
0 19 18 7 l1d
0 19 19 7 l1d
0 19 26 7 l1d
0 19 27 7 l1d
0 19 46 7 l1d
0 19 47 7 l1d
0 20 30 7 l1d
0 20 31 7 l1d
0 20 34 7 l1d
0 20 35 7 l1d
0 20 38 7 l1d
0 20 39 7 l1d
0 20 46 7 l1d
0 20 47 7 l1d
0 21 2 7 l1d
0 21 3 7 l1d
0 21 22 7 l1d
0 21 23 7 l1d
0 21 26 7 l1d
0 21 27 7 l1d
0 21 30 7 l1d
0 21 31 7 l1d
0 21 34 7 l1d
0 21 35 7 l1d
0 21 38 7 l1d
0 21 39 7 l1d
0 22 22 7 l1d
0 22 23 7 l1d
0 22 30 7 l1d
0 22 31 7 l1d
0 22 34 7 l1d
0 22 35 7 l1d
0 22 46 7 l1d
0 22 47 7 l1d
0 22 50 5 l1d
0 22 51 5 l1d
0 23 2 7 l1d
0 23 3 7 l1d
0 23 14 7 l1d
0 23 15 7 l1d
0 23 18 5 l1d
0 23 18 7 l1d
0 23 19 5 l1d
0 23 19 7 l1d
0 23 22 5 l1d
0 23 22 7 l1d
0 23 23 5 l1d
0 23 23 7 l1d
0 23 26 7 l1d
0 23 27 7 l1d
0 23 34 7 l1d
0 23 35 7 l1d
0 23 46 7 l1d
0 23 47 7 l1d
0 24 18 7 l1d
0 24 19 7 l1d
0 24 22 7 l1d
0 24 23 7 l1d
0 24 34 7 l1d
0 24 35 1 l1d
0 24 35 2 l1d
0 24 35 7 l1d
0 24 36 1 l1d
0 24 36 2 l1d
0 24 38 7 l1d
0 24 39 7 l1d
0 24 46 7 l1d
0 24 47 7 l1d
0 24 54 7 l1d
0 24 55 7 l1d
0 25 2 7 l1d
0 25 3 7 l1d
0 25 26 7 l1d
0 25 27 7 l1d
0 25 30 7 l1d
0 25 31 7 l1d
0 25 34 7 l1d
0 25 35 7 l1d
0 25 42 7 l1d
0 25 43 7 l1d
0 25 46 7 l1d
0 25 47 7 l1d
0 26 2 7 l1d
0 26 3 7 l1d
0 26 26 5 l1d
0 26 27 5 l1d
0 26 30 7 l1d
0 26 31 7 l1d
0 26 34 7 l1d
0 26 35 7 l1d
0 26 38 7 l1d
0 26 39 7 l1d
0 26 46 7 l1d
0 26 47 7 l1d
0 26 48 6 l1d
0 26 49 6 l1d
0 26 50 7 l1d
0 26 51 7 l1d
0 26 54 7 l1d
0 26 55 7 l1d
0 27 2 7 l1d
0 27 3 7 l1d
0 27 10 7 l1d
0 27 11 7 l1d
0 27 18 7 l1d
0 27 19 7 l1d
0 27 26 5 l1d
0 27 27 5 l1d
0 27 62 7 l1d
0 27 63 7 l1d
0 28 18 7 l1d
0 28 19 1 l1d
0 28 19 7 l1d
0 28 20 1 l1d
0 28 22 7 l1d
0 28 23 7 l1d
0 28 30 7 l1d
0 28 31 7 l1d
0 29 18 7 l1d
0 29 19 7 l1d
0 29 22 7 l1d
0 29 23 7 l1d
0 29 26 7 l1d
0 29 27 7 l1d
0 30 18 7 l1d
0 30 19 7 l1d
0 30 22 5 l1d
0 30 22 7 l1d
0 30 23 5 l1d
0 30 23 7 l1d
0 30 26 7 l1d
0 30 27 7 l1d
0 30 30 7 l1d
0 30 31 7 l1d
0 30 46 7 l1d
0 30 47 7 l1d
0 30 54 5 l1d
0 30 54 7 l1d
0 30 55 5 l1d
0 30 55 7 l1d
0 31 18 7 l1d
0 31 19 7 l1d
0 31 50 5 l1d
0 31 51 5 l1d
0 31 62 7 l1d
0 31 63 7 l1d
