0 10 38 5 l1d
0 10 39 5 l1d
0 16 34 5 l1d
0 16 35 5 l1d
0 16 38 5 l1d
0 16 39 5 l1d
0 16 46 5 l1d
0 16 47 5 l1d
0 16 62 5 l1d
0 16 63 5 l1d
0 17 14 5 l1d
0 17 15 5 l1d
0 17 18 5 l1d
0 17 19 5 l1d
0 17 22 5 l1d
0 17 23 5 l1d
0 17 26 5 l1d
0 17 27 5 l1d
0 18 34 5 l1d
0 18 35 5 l1d
0 18 62 5 l1d
0 18 63 5 l1d
0 20 34 5 l1d
0 20 35 5 l1d
0 21 18 5 l1d
0 21 19 5 l1d
0 22 34 5 l1d
0 22 35 1 l1d
0 22 35 5 l1d
0 22 36 1 l1d
0 22 38 5 l1d
0 22 39 5 l1d
0 26 42 5 l1d
0 26 43 5 l1d
0 26 46 5 l1d
0 26 47 5 l1d
0 30 34 5 l1d
0 30 35 5 l1d
