0 1 28 4 l1d
0 1 29 4 l1d
0 4 8 4 l1d
0 4 9 4 l1d
0 4 12 4 l1d
0 4 13 4 l1d
0 4 32 4 l1d
0 4 33 4 l1d
0 4 44 4 l1d
0 4 45 4 l1d
0 4 48 4 l1d
0 4 49 4 l1d
0 5 16 4 l1d
0 5 17 4 l1d
0 9 20 4 l1d
0 9 21 4 l1d
0 9 24 4 l1d
0 9 25 4 l1d
0 9 32 4 l1d
0 9 33 4 l1d
0 11 28 4 l1d
0 11 29 4 l1d
0 12 44 4 l1d
0 12 45 4 l1d
0 12 52 4 l1d
0 12 53 4 l1d
0 18 28 4 l1d
0 18 29 4 l1d
0 18 48 4 l1d
0 18 49 4 l1d
0 20 36 4 l1d
0 20 37 4 l1d
0 23 16 4 l1d
0 23 17 4 l1d
0 25 12 4 l1d
0 25 13 4 l1d
0 29 60 4 l1d
0 29 61 4 l1d
0 30 32 4 l1d
0 30 33 4 l1d
