0 36 6 l1d
0 37 6 l1d
1 16 5 l1d
1 17 5 l1d
3 12 6 l1d
3 13 6 l1d
3 16 5 l1d
3 17 5 l1d
8 44 5 l1d
8 45 5 l1d
10 40 5 l1d
10 41 5 l1d
12 36 5 l1d
12 36 6 l1d
12 37 2 l1d
12 37 5 l1d
12 37 6 l1d
12 38 2 l1d
12 40 5 l1d
12 41 2 l1d
12 41 3 l1d
12 41 5 l1d
12 42 2 l1d
12 42 3 l1d
12 44 5 l1d
12 45 5 l1d
12 48 5 l1d
12 49 3 l1d
12 49 5 l1d
12 50 3 l1d
14 40 5 l1d
14 41 5 l1d
16 40 5 l1d
16 41 5 l1d
18 44 5 l1d
18 45 5 l1d
22 48 6 l1d
22 49 6 l1d
24 44 5 l1d
24 45 5 l1d
26 12 5 l1d
26 13 5 l1d
28 36 5 l1d
28 37 5 l1d
29 0 5 l1d
29 1 5 l1d
