8 33 3 l1d
8 34 3 l1d
9 25 3 l1d
9 26 3 l1d
10 5 3 l1d
10 6 3 l1d
13 25 3 l1d
13 26 3 l1d
14 21 3 l1d
14 22 3 l1d
16 23 2 l1d
16 24 2 l1d
16 45 3 l1d
16 46 3 l1d
17 57 3 l1d
17 58 3 l1d
18 1 3 l1d
18 2 3 l1d
18 21 3 l1d
18 22 3 l1d
21 45 3 l1d
21 46 3 l1d
21 49 3 l1d
21 50 3 l1d
22 29 3 l1d
22 30 3 l1d
25 25 3 l1d
25 26 3 l1d
25 49 3 l1d
25 50 3 l1d
26 49 3 l1d
26 50 3 l1d
28 13 3 l1d
28 14 3 l1d
28 25 3 l1d
28 26 3 l1d
28 29 3 l1d
28 30 3 l1d
28 33 3 l1d
28 34 3 l1d
29 37 3 l1d
29 38 3 l1d
29 61 3 l1d
29 62 3 l1d
30 21 3 l1d
30 22 3 l1d
