10 42 6 l1d
10 43 6 l1d
16 6 6 l1d
16 7 6 l1d
16 34 6 l1d
16 35 6 l1d
16 38 6 l1d
16 39 6 l1d
17 18 6 l1d
17 19 6 l1d
17 22 6 l1d
17 23 6 l1d
18 26 6 l1d
18 27 6 l1d
18 34 6 l1d
18 35 6 l1d
19 0 6 l1d
19 1 6 l1d
19 6 6 l1d
19 7 6 l1d
19 34 6 l1d
19 35 6 l1d
20 2 6 l1d
20 3 6 l1d
20 22 6 l1d
20 23 6 l1d
21 13 3 l1d
21 14 3 l1d
22 37 3 l1d
22 38 3 l1d
23 18 6 l1d
23 19 6 l1d
24 29 3 l1d
24 30 3 l1d
25 22 6 l1d
25 23 6 l1d
25 50 7 l1d
25 51 1 l1d
25 51 7 l1d
25 52 1 l1d
25 58 6 l1d
25 59 6 l1d
25 62 6 l1d
25 63 6 l1d
26 2 6 l1d
26 3 6 l1d
26 10 6 l1d
26 11 6 l1d
26 14 6 l1d
26 15 6 l1d
26 22 6 l1d
26 23 6 l1d
26 30 6 l1d
26 31 6 l1d
27 18 6 l1d
27 19 1 l1d
27 19 6 l1d
27 20 1 l1d
27 26 6 l1d
27 27 6 l1d
27 30 6 l1d
27 31 1 l1d
27 31 6 l1d
27 32 1 l1d
28 34 6 l1d
28 35 6 l1d
29 18 6 l1d
29 19 6 l1d
29 22 6 l1d
29 23 6 l1d
29 31 1 l1d
29 32 1 l1d
30 46 6 l1d
30 47 6 l1d
30 54 6 l1d
30 55 6 l1d
31 18 6 l1d
31 19 6 l1d
31 22 6 l1d
31 23 6 l1d
