0 0 31 3 l1d
0 0 32 3 l1d
0 1 53 2 l1d
0 1 54 2 l1d
0 1 57 2 l1d
0 1 58 2 l1d
0 1 61 2 l1d
0 1 62 2 l1d
0 2 17 2 l1d
0 2 18 2 l1d
0 2 19 3 l1d
0 2 20 3 l1d
0 2 23 3 l1d
0 2 24 3 l1d
0 3 1 2 l1d
0 3 2 2 l1d
0 3 23 3 l1d
0 3 24 3 l1d
0 3 27 3 l1d
0 3 28 3 l1d
0 3 31 3 l1d
0 3 32 3 l1d
0 4 1 2 l1d
0 4 2 2 l1d
0 4 27 3 l1d
0 4 28 3 l1d
0 4 31 3 l1d
0 4 32 3 l1d
0 4 39 3 l1d
0 4 40 3 l1d
0 5 19 3 l1d
0 5 20 3 l1d
0 6 19 3 l1d
0 6 20 3 l1d
0 6 55 3 l1d
0 6 56 3 l1d
0 6 63 3 l1d
0 7 0 3 l1d
0 7 19 3 l1d
0 7 20 3 l1d
0 7 27 3 l1d
0 7 28 3 l1d
0 7 29 2 l1d
0 7 30 2 l1d
0 7 33 2 l1d
0 7 34 2 l1d
0 7 55 3 l1d
0 7 56 3 l1d
0 8 23 3 l1d
0 8 24 3 l1d
0 8 25 2 l1d
0 8 26 2 l1d
0 8 29 2 l1d
0 8 30 2 l1d
0 8 33 2 l1d
0 8 34 2 l1d
0 8 49 2 l1d
0 8 50 2 l1d
0 8 55 3 l1d
0 8 56 3 l1d
0 8 63 3 l1d
0 9 0 3 l1d
0 9 51 3 l1d
0 9 52 3 l1d
0 10 15 3 l1d
0 10 16 3 l1d
0 10 31 3 l1d
0 10 32 3 l1d
0 10 35 3 l1d
0 10 36 3 l1d
0 10 55 3 l1d
0 10 56 3 l1d
0 11 19 3 l1d
0 11 20 3 l1d
0 11 23 3 l1d
0 11 24 3 l1d
0 11 27 3 l1d
0 11 28 3 l1d
0 11 29 2 l1d
0 11 30 2 l1d
0 11 31 3 l1d
0 11 32 3 l1d
0 12 31 3 l1d
0 12 32 3 l1d
0 12 55 3 l1d
0 12 56 3 l1d
0 12 59 3 l1d
0 12 60 3 l1d
0 12 63 3 l1d
0 13 0 3 l1d
0 13 19 3 l1d
0 13 20 3 l1d
0 13 27 3 l1d
0 13 28 3 l1d
0 13 31 3 l1d
0 13 32 3 l1d
0 13 59 3 l1d
0 13 60 3 l1d
0 13 63 3 l1d
0 14 0 3 l1d
0 14 51 3 l1d
0 14 52 3 l1d
0 15 31 3 l1d
0 15 32 3 l1d
0 15 59 3 l1d
0 15 60 3 l1d
0 15 63 3 l1d
0 16 0 3 l1d
0 17 19 3 l1d
0 17 20 3 l1d
0 18 15 3 l1d
0 18 16 3 l1d
0 18 47 3 l1d
0 18 48 3 l1d
0 19 31 3 l1d
0 19 32 3 l1d
0 19 35 3 l1d
0 19 36 3 l1d
0 19 39 3 l1d
0 19 40 3 l1d
0 19 55 3 l1d
0 19 56 3 l1d
0 20 29 2 l1d
0 20 30 2 l1d
0 20 35 3 l1d
0 20 36 3 l1d
0 23 19 3 l1d
0 23 20 3 l1d
0 25 3 3 l1d
0 25 4 3 l1d
0 25 11 3 l1d
0 25 12 3 l1d
0 25 15 3 l1d
0 25 16 3 l1d
0 25 27 3 l1d
0 25 28 3 l1d
0 26 19 3 l1d
0 26 20 3 l1d
0 26 31 3 l1d
0 26 32 3 l1d
0 27 15 3 l1d
0 27 16 3 l1d
0 27 19 3 l1d
0 27 20 3 l1d
0 27 31 3 l1d
0 27 32 3 l1d
0 28 3 3 l1d
0 28 4 3 l1d
0 28 7 3 l1d
0 28 8 3 l1d
0 29 3 3 l1d
0 29 4 3 l1d
0 29 17 2 l1d
0 29 18 2 l1d
0 30 19 3 l1d
0 30 20 3 l1d
0 31 27 3 l1d
0 31 28 3 l1d
0 31 55 3 l1d
0 31 56 3 l1d
