0 1 12 6 l1d
0 1 13 6 l1d
0 1 20 6 l1d
0 1 21 6 l1d
0 1 32 6 l1d
0 1 33 6 l1d
0 1 36 6 l1d
0 1 37 6 l1d
0 1 52 6 l1d
0 1 53 6 l1d
0 3 28 6 l1d
0 3 29 6 l1d
0 3 32 6 l1d
0 3 33 6 l1d
0 4 28 6 l1d
0 4 29 6 l1d
0 4 32 6 l1d
0 4 33 6 l1d
0 4 52 6 l1d
0 4 53 6 l1d
0 5 40 6 l1d
0 5 41 6 l1d
0 5 48 6 l1d
0 5 49 6 l1d
0 5 52 6 l1d
0 5 53 6 l1d
0 5 61 1 l1d
0 5 62 1 l1d
0 6 20 6 l1d
0 6 21 6 l1d
0 6 29 1 l1d
0 6 30 1 l1d
0 7 44 6 l1d
0 7 45 6 l1d
0 11 20 6 l1d
0 11 21 6 l1d
0 12 12 6 l1d
0 12 13 6 l1d
0 12 36 6 l1d
0 12 37 6 l1d
0 13 4 6 l1d
0 13 5 6 l1d
0 13 16 6 l1d
0 13 17 6 l1d
0 14 24 6 l1d
0 14 25 6 l1d
0 14 28 6 l1d
0 14 29 6 l1d
0 14 32 6 l1d
0 14 33 6 l1d
0 15 32 6 l1d
0 15 33 6 l1d
0 16 0 6 l1d
0 16 1 6 l1d
