0 26 4 l1d
0 27 4 l1d
1 14 6 l1d
1 15 6 l1d
3 6 6 l1d
3 7 6 l1d
3 10 6 l1d
3 11 6 l1d
3 14 6 l1d
3 15 6 l1d
3 18 6 l1d
3 19 6 l1d
3 26 6 l1d
3 27 6 l1d
4 10 4 l1d
4 11 4 l1d
4 14 4 l1d
4 15 4 l1d
4 18 6 l1d
4 19 6 l1d
4 26 6 l1d
4 27 6 l1d
4 30 6 l1d
4 31 6 l1d
4 34 6 l1d
4 35 6 l1d
4 38 6 l1d
4 39 6 l1d
5 2 6 l1d
5 3 6 l1d
5 6 6 l1d
5 7 6 l1d
5 10 6 l1d
5 11 6 l1d
5 14 6 l1d
5 15 6 l1d
5 18 4 l1d
5 18 6 l1d
5 19 4 l1d
5 19 6 l1d
5 22 4 l1d
5 22 6 l1d
5 23 4 l1d
5 23 6 l1d
5 26 4 l1d
5 27 4 l1d
5 30 4 l1d
5 30 6 l1d
5 31 4 l1d
5 31 6 l1d
5 50 4 l1d
5 51 4 l1d
5 54 4 l1d
5 55 4 l1d
5 62 6 l1d
5 63 6 l1d
6 46 6 l1d
6 47 6 l1d
6 54 6 l1d
6 55 6 l1d
8 38 4 l1d
8 39 4 l1d
9 6 4 l1d
9 7 4 l1d
9 18 6 l1d
9 19 6 l1d
9 26 6 l1d
9 27 6 l1d
12 2 6 l1d
12 3 6 l1d
12 10 4 l1d
12 11 4 l1d
12 18 6 l1d
12 19 6 l1d
12 34 6 l1d
12 35 6 l1d
13 26 4 l1d
13 27 4 l1d
14 34 4 l1d
14 34 6 l1d
14 35 4 l1d
14 35 6 l1d
16 50 6 l1d
16 51 6 l1d
18 18 6 l1d
18 19 6 l1d
20 29 3 l1d
20 30 3 l1d
22 1 3 l1d
22 2 3 l1d
22 21 3 l1d
22 22 3 l1d
23 26 6 l1d
23 27 6 l1d
25 18 6 l1d
25 19 6 l1d
25 22 6 l1d
25 23 6 l1d
25 26 6 l1d
25 27 6 l1d
27 50 6 l1d
27 51 6 l1d
27 54 6 l1d
27 55 6 l1d
27 62 6 l1d
27 63 6 l1d
30 62 4 l1d
30 63 4 l1d
31 26 4 l1d
31 27 4 l1d
31 30 6 l1d
31 31 6 l1d
