1 14 4 l1d
1 15 4 l1d
11 42 4 l1d
11 43 4 l1d
16 18 4 l1d
16 19 4 l1d
16 34 4 l1d
16 35 4 l1d
16 42 4 l1d
16 43 4 l1d
16 54 4 l1d
16 55 4 l1d
16 58 4 l1d
16 59 4 l1d
17 6 4 l1d
17 7 4 l1d
17 10 4 l1d
17 11 4 l1d
17 26 4 l1d
17 27 4 l1d
17 30 4 l1d
17 31 4 l1d
17 34 4 l1d
17 35 4 l1d
17 42 4 l1d
17 43 4 l1d
17 50 4 l1d
17 51 4 l1d
17 54 4 l1d
17 55 4 l1d
18 18 4 l1d
18 19 4 l1d
18 22 4 l1d
18 23 4 l1d
18 26 4 l1d
18 27 4 l1d
18 30 4 l1d
18 31 4 l1d
18 50 4 l1d
18 51 4 l1d
18 54 4 l1d
18 55 4 l1d
18 62 4 l1d
18 63 4 l1d
19 22 4 l1d
19 23 4 l1d
19 26 4 l1d
19 27 4 l1d
19 30 4 l1d
19 31 4 l1d
19 50 4 l1d
19 51 4 l1d
19 54 4 l1d
19 55 4 l1d
19 58 4 l1d
19 59 4 l1d
20 2 4 l1d
20 3 4 l1d
20 6 4 l1d
20 7 4 l1d
20 14 4 l1d
20 15 4 l1d
20 18 4 l1d
20 19 4 l1d
20 22 4 l1d
20 23 4 l1d
20 26 4 l1d
20 27 4 l1d
20 30 4 l1d
20 31 4 l1d
20 34 4 l1d
20 35 4 l1d
20 42 4 l1d
20 43 4 l1d
20 50 4 l1d
20 51 4 l1d
20 54 4 l1d
20 55 4 l1d
20 58 4 l1d
20 59 0 l1d
20 59 4 l1d
20 60 0 l1d
20 62 4 l1d
20 63 4 l1d
21 2 4 l1d
21 3 4 l1d
21 6 4 l1d
21 7 4 l1d
21 10 4 l1d
21 11 4 l1d
21 14 4 l1d
21 15 4 l1d
21 18 4 l1d
21 19 0 l1d
21 19 4 l1d
21 20 0 l1d
21 22 4 l1d
21 23 4 l1d
21 26 4 l1d
21 27 4 l1d
21 30 4 l1d
21 31 4 l1d
21 34 4 l1d
21 35 4 l1d
21 38 4 l1d
21 39 4 l1d
21 42 4 l1d
21 43 4 l1d
21 46 4 l1d
21 47 4 l1d
22 2 4 l1d
22 3 4 l1d
22 18 4 l1d
22 19 4 l1d
22 26 4 l1d
22 27 4 l1d
22 46 4 l1d
22 47 4 l1d
22 50 4 l1d
22 51 4 l1d
22 54 4 l1d
22 55 4 l1d
22 62 4 l1d
22 63 4 l1d
23 50 4 l1d
23 51 4 l1d
24 6 4 l1d
24 7 4 l1d
24 10 4 l1d
24 11 4 l1d
24 18 4 l1d
24 19 4 l1d
24 22 4 l1d
24 23 4 l1d
24 26 4 l1d
24 27 4 l1d
24 30 4 l1d
24 31 4 l1d
24 34 4 l1d
24 35 4 l1d
24 38 4 l1d
24 39 4 l1d
24 50 4 l1d
24 51 4 l1d
24 58 4 l1d
24 59 4 l1d
24 62 4 l1d
24 63 4 l1d
25 2 4 l1d
25 3 4 l1d
25 22 4 l1d
25 23 4 l1d
25 26 4 l1d
25 27 4 l1d
25 30 4 l1d
25 31 4 l1d
25 34 4 l1d
25 35 4 l1d
25 38 4 l1d
25 39 4 l1d
25 42 4 l1d
25 43 4 l1d
25 46 4 l1d
25 47 4 l1d
25 50 4 l1d
25 51 4 l1d
25 62 4 l1d
25 63 4 l1d
26 2 4 l1d
26 3 4 l1d
26 10 4 l1d
26 11 4 l1d
26 14 4 l1d
26 15 4 l1d
26 18 4 l1d
26 19 4 l1d
26 22 4 l1d
26 23 4 l1d
26 26 4 l1d
26 27 4 l1d
26 30 4 l1d
26 31 4 l1d
26 34 4 l1d
26 35 4 l1d
26 38 4 l1d
26 39 4 l1d
26 42 4 l1d
26 43 4 l1d
26 46 4 l1d
26 47 4 l1d
26 50 4 l1d
26 51 4 l1d
26 54 4 l1d
26 55 4 l1d
26 58 4 l1d
26 59 4 l1d
27 2 4 l1d
27 3 4 l1d
27 6 4 l1d
27 7 4 l1d
27 10 4 l1d
27 11 4 l1d
27 14 4 l1d
27 15 4 l1d
27 18 4 l1d
27 19 4 l1d
27 26 4 l1d
27 27 4 l1d
27 42 4 l1d
27 43 4 l1d
27 46 4 l1d
27 47 4 l1d
27 50 4 l1d
27 51 4 l1d
28 2 4 l1d
28 3 4 l1d
28 6 4 l1d
28 7 4 l1d
28 10 4 l1d
28 11 4 l1d
28 26 4 l1d
28 27 4 l1d
29 14 4 l1d
29 15 4 l1d
29 18 4 l1d
29 19 4 l1d
29 26 4 l1d
29 27 4 l1d
29 30 4 l1d
29 31 4 l1d
29 34 4 l1d
29 35 0 l1d
29 35 4 l1d
29 36 0 l1d
29 38 4 l1d
29 39 4 l1d
29 42 4 l1d
29 43 4 l1d
29 46 4 l1d
29 47 4 l1d
29 50 4 l1d
29 51 4 l1d
29 54 4 l1d
29 55 4 l1d
29 58 4 l1d
29 59 4 l1d
29 62 4 l1d
29 63 4 l1d
30 14 4 l1d
30 15 4 l1d
30 18 4 l1d
30 19 4 l1d
30 30 4 l1d
30 31 4 l1d
30 34 4 l1d
30 35 4 l1d
30 50 4 l1d
30 51 4 l1d
30 54 4 l1d
30 55 4 l1d
30 58 4 l1d
30 59 4 l1d
30 62 4 l1d
30 63 4 l1d
31 6 4 l1d
31 7 4 l1d
31 10 4 l1d
31 11 4 l1d
31 18 4 l1d
31 19 4 l1d
31 22 4 l1d
31 23 4 l1d
31 34 4 l1d
31 35 4 l1d
31 38 4 l1d
31 39 4 l1d
31 42 4 l1d
31 43 4 l1d
31 46 4 l1d
31 47 4 l1d
31 54 4 l1d
31 55 4 l1d
