0 8 9 2 l1d
0 8 10 2 l1d
0 10 52 4 l1d
0 10 53 4 l1d
0 13 28 4 l1d
0 13 29 4 l1d
0 16 45 2 l1d
0 16 46 2 l1d
0 16 49 2 l1d
0 16 50 2 l1d
0 20 25 2 l1d
0 20 26 2 l1d
0 22 61 2 l1d
0 22 62 2 l1d
0 25 5 2 l1d
0 25 6 2 l1d
0 25 9 2 l1d
0 25 10 2 l1d
0 25 13 2 l1d
0 25 14 2 l1d
0 25 17 2 l1d
0 25 18 2 l1d
0 27 45 2 l1d
0 27 46 2 l1d
0 29 4 6 l1d
0 29 5 6 l1d
0 29 9 2 l1d
0 29 10 2 l1d
0 29 12 4 l1d
0 29 13 2 l1d
0 29 13 4 l1d
0 29 14 2 l1d
0 29 16 4 l1d
0 29 17 2 l1d
0 29 17 4 l1d
0 29 18 2 l1d
0 30 17 2 l1d
0 30 18 2 l1d
0 30 41 2 l1d
0 30 42 2 l1d
0 31 61 2 l1d
0 31 62 2 l1d
