0 16 18 6 l1d
0 16 19 6 l1d
0 16 30 6 l1d
0 16 31 6 l1d
0 16 58 5 l1d
0 16 59 5 l1d
0 17 2 5 l1d
0 17 3 5 l1d
0 17 6 6 l1d
0 17 7 6 l1d
0 17 18 5 l1d
0 17 19 5 l1d
0 18 18 6 l1d
0 18 19 6 l1d
0 19 10 5 l1d
0 19 10 6 l1d
0 19 11 5 l1d
0 19 11 6 l1d
0 19 18 5 l1d
0 19 19 5 l1d
0 19 26 6 l1d
0 19 27 6 l1d
0 19 50 5 l1d
0 19 51 5 l1d
0 20 47 2 l1d
0 20 48 2 l1d
0 21 18 5 l1d
0 21 19 5 l1d
0 21 22 6 l1d
0 21 23 6 l1d
0 21 26 6 l1d
0 21 27 6 l1d
0 23 18 5 l1d
0 23 19 5 l1d
0 24 14 6 l1d
0 24 15 6 l1d
0 24 18 5 l1d
0 24 19 5 l1d
0 24 22 5 l1d
0 24 23 5 l1d
0 24 58 5 l1d
0 24 59 5 l1d
0 25 18 5 l1d
0 25 19 5 l1d
0 26 18 6 l1d
0 26 19 6 l1d
0 27 18 6 l1d
0 27 19 6 l1d
0 27 22 6 l1d
0 27 23 6 l1d
0 27 26 6 l1d
0 27 27 6 l1d
0 27 54 5 l1d
0 27 55 5 l1d
0 27 58 5 l1d
0 27 58 6 l1d
0 27 59 2 l1d
0 27 59 5 l1d
0 27 59 6 l1d
0 27 60 2 l1d
0 27 62 5 l1d
0 27 62 6 l1d
0 27 63 5 l1d
0 27 63 6 l1d
0 28 18 5 l1d
0 28 19 5 l1d
0 28 22 5 l1d
0 28 22 6 l1d
0 28 23 5 l1d
0 28 23 6 l1d
0 28 50 6 l1d
0 28 51 6 l1d
0 29 18 5 l1d
0 29 19 5 l1d
0 29 22 5 l1d
0 29 23 5 l1d
0 29 26 5 l1d
0 29 27 5 l1d
0 29 30 5 l1d
0 29 31 5 l1d
0 29 54 6 l1d
0 29 55 6 l1d
0 30 18 5 l1d
0 30 19 5 l1d
0 30 26 6 l1d
0 30 27 6 l1d
0 30 58 6 l1d
0 30 59 6 l1d
0 31 18 5 l1d
0 31 18 6 l1d
0 31 19 5 l1d
0 31 19 6 l1d
0 31 22 6 l1d
0 31 23 6 l1d
0 31 26 6 l1d
0 31 27 6 l1d
0 31 31 2 l1d
0 31 32 2 l1d
