1 19 0 l1d
1 20 0 l1d
1 23 0 l1d
1 24 0 l1d
1 27 0 l1d
1 28 0 l1d
2 19 0 l1d
2 20 0 l1d
2 51 0 l1d
2 52 0 l1d
2 63 0 l1d
3 0 0 l1d
3 15 0 l1d
3 16 0 l1d
3 51 0 l1d
3 52 0 l1d
5 7 0 l1d
5 8 0 l1d
5 15 0 l1d
5 16 0 l1d
6 19 0 l1d
6 20 0 l1d
6 23 0 l1d
6 24 0 l1d
7 11 0 l1d
7 12 0 l1d
7 19 0 l1d
7 20 0 l1d
8 19 0 l1d
8 20 0 l1d
8 31 0 l1d
8 32 0 l1d
11 15 0 l1d
11 16 0 l1d
11 18 6 l1d
11 19 0 l1d
11 19 6 l1d
11 20 0 l1d
12 3 0 l1d
12 4 0 l1d
12 19 0 l1d
12 20 0 l1d
13 35 0 l1d
13 36 0 l1d
14 19 0 l1d
14 20 0 l1d
14 23 0 l1d
14 24 0 l1d
14 27 0 l1d
14 28 0 l1d
15 19 0 l1d
15 20 0 l1d
17 19 0 l1d
17 20 0 l1d
17 47 0 l1d
17 48 0 l1d
21 1 1 l1d
21 2 1 l1d
24 29 1 l1d
24 30 1 l1d
24 33 1 l1d
24 33 3 l1d
24 34 1 l1d
24 34 3 l1d
27 13 1 l1d
27 14 1 l1d
28 21 1 l1d
28 22 1 l1d
28 53 1 l1d
28 54 1 l1d
