0 0 47 0 l1d
0 0 48 0 l1d
0 1 47 0 l1d
0 1 48 0 l1d
0 2 3 0 l1d
0 2 4 0 l1d
0 2 7 0 l1d
0 2 8 0 l1d
0 2 11 0 l1d
0 2 12 0 l1d
0 2 19 0 l1d
0 2 20 0 l1d
0 3 19 0 l1d
0 3 20 0 l1d
0 3 35 0 l1d
0 3 36 0 l1d
0 5 19 0 l1d
0 5 20 0 l1d
0 7 39 0 l1d
0 7 40 0 l1d
0 10 19 0 l1d
0 10 20 0 l1d
0 10 23 0 l1d
0 10 24 0 l1d
0 11 3 0 l1d
0 11 4 0 l1d
0 12 7 0 l1d
0 12 8 0 l1d
0 13 3 0 l1d
0 13 4 0 l1d
0 13 51 0 l1d
0 13 52 0 l1d
0 16 27 0 l1d
0 16 28 0 l1d
0 17 50 5 l1d
0 17 51 0 l1d
0 17 51 5 l1d
0 17 52 0 l1d
0 17 55 0 l1d
0 17 56 0 l1d
0 17 59 0 l1d
0 17 60 0 l1d
0 17 63 0 l1d
0 18 0 0 l1d
0 19 35 0 l1d
0 19 36 0 l1d
0 19 51 0 l1d
0 19 52 0 l1d
0 20 23 0 l1d
0 20 24 0 l1d
0 21 27 0 l1d
0 21 28 0 l1d
0 22 19 0 l1d
0 22 20 0 l1d
0 23 51 0 l1d
0 23 52 0 l1d
0 24 19 0 l1d
0 24 20 0 l1d
0 24 31 0 l1d
0 24 32 0 l1d
0 25 51 0 l1d
0 25 52 0 l1d
0 26 19 0 l1d
0 26 20 0 l1d
0 27 19 0 l1d
0 27 20 0 l1d
0 27 23 0 l1d
0 27 24 0 l1d
0 27 31 0 l1d
0 27 32 0 l1d
0 29 3 0 l1d
0 29 4 0 l1d
0 29 15 0 l1d
0 29 16 0 l1d
0 30 19 0 l1d
0 30 20 0 l1d
