0 0 12 5 l1d
0 0 13 5 l1d
0 0 16 5 l1d
0 0 17 5 l1d
0 0 20 5 l1d
0 0 21 5 l1d
0 0 24 5 l1d
0 0 25 5 l1d
0 0 32 5 l1d
0 0 33 5 l1d
0 0 36 5 l1d
0 0 37 5 l1d
0 0 40 5 l1d
0 0 41 5 l1d
0 0 48 5 l1d
0 0 49 5 l1d
0 1 0 5 l1d
0 1 1 5 l1d
0 1 4 5 l1d
0 1 5 5 l1d
0 1 16 5 l1d
0 1 17 5 l1d
0 1 52 5 l1d
0 1 53 5 l1d
0 2 8 5 l1d
0 2 9 5 l1d
0 2 16 5 l1d
0 2 17 5 l1d
0 2 40 5 l1d
0 2 41 5 l1d
0 4 32 5 l1d
0 4 33 5 l1d
0 4 48 5 l1d
0 4 49 5 l1d
0 5 36 5 l1d
0 5 37 5 l1d
0 5 40 5 l1d
0 5 41 5 l1d
0 5 44 5 l1d
0 5 45 5 l1d
0 6 12 5 l1d
0 6 13 5 l1d
0 6 16 5 l1d
0 6 17 5 l1d
0 6 32 5 l1d
0 6 33 5 l1d
0 6 36 5 l1d
0 6 37 5 l1d
0 6 40 5 l1d
0 6 41 5 l1d
0 7 12 5 l1d
0 7 13 5 l1d
0 7 44 5 l1d
0 7 45 5 l1d
0 8 16 5 l1d
0 8 17 5 l1d
0 8 36 5 l1d
0 8 37 5 l1d
0 8 40 5 l1d
0 8 41 5 l1d
0 8 44 5 l1d
0 8 45 5 l1d
0 8 48 5 l1d
0 8 49 5 l1d
0 9 8 5 l1d
0 9 9 5 l1d
0 9 36 5 l1d
0 9 37 5 l1d
0 9 40 5 l1d
0 9 41 5 l1d
0 9 52 5 l1d
0 9 53 5 l1d
0 9 56 5 l1d
0 9 57 5 l1d
0 10 20 5 l1d
0 10 21 5 l1d
0 10 24 5 l1d
0 10 25 5 l1d
0 10 44 5 l1d
0 10 45 5 l1d
0 11 4 5 l1d
0 11 5 5 l1d
0 11 8 5 l1d
0 11 9 5 l1d
0 11 12 5 l1d
0 11 13 5 l1d
0 11 28 5 l1d
0 11 29 5 l1d
0 11 36 5 l1d
0 11 37 5 l1d
0 11 40 5 l1d
0 11 41 5 l1d
0 11 44 5 l1d
0 11 45 5 l1d
0 11 48 5 l1d
0 11 49 5 l1d
0 12 0 5 l1d
0 12 1 5 l1d
0 12 4 5 l1d
0 12 5 5 l1d
0 12 36 5 l1d
0 12 37 5 l1d
0 12 40 5 l1d
0 12 41 5 l1d
0 12 44 5 l1d
0 12 45 5 l1d
0 13 16 5 l1d
0 13 17 5 l1d
0 13 32 5 l1d
0 13 33 5 l1d
0 13 36 5 l1d
0 13 37 5 l1d
0 13 40 5 l1d
0 13 41 5 l1d
0 13 44 5 l1d
0 13 45 5 l1d
0 13 48 5 l1d
0 13 49 5 l1d
0 13 52 5 l1d
0 13 53 5 l1d
0 14 8 5 l1d
0 14 9 5 l1d
0 14 16 5 l1d
0 14 17 5 l1d
0 14 36 5 l1d
0 14 37 5 l1d
0 14 40 5 l1d
0 14 41 5 l1d
0 14 44 5 l1d
0 14 45 5 l1d
0 15 16 5 l1d
0 15 17 5 l1d
0 15 24 5 l1d
0 15 25 5 l1d
0 15 34 7 l1d
0 15 35 7 l1d
0 15 44 5 l1d
0 15 45 5 l1d
0 17 0 5 l1d
0 17 1 5 l1d
0 17 18 7 l1d
0 17 19 7 l1d
0 17 32 5 l1d
0 17 33 5 l1d
0 17 56 5 l1d
0 17 57 5 l1d
0 18 20 5 l1d
0 18 21 5 l1d
0 18 32 5 l1d
0 18 33 5 l1d
0 18 48 5 l1d
0 18 49 5 l1d
0 18 60 5 l1d
0 18 61 5 l1d
0 19 0 5 l1d
0 19 1 5 l1d
0 19 24 5 l1d
0 19 25 5 l1d
0 19 56 5 l1d
0 19 57 5 l1d
0 22 28 5 l1d
0 22 29 5 l1d
0 22 60 5 l1d
0 22 61 5 l1d
0 23 44 5 l1d
0 23 45 5 l1d
0 24 56 5 l1d
0 24 57 5 l1d
0 25 60 5 l1d
0 25 61 5 l1d
0 29 36 5 l1d
0 29 37 5 l1d
