2 7 3 l1d
2 8 3 l1d
5 19 3 l1d
5 20 3 l1d
11 7 3 l1d
11 8 3 l1d
17 33 3 l1d
17 34 3 l1d
19 57 3 l1d
19 58 3 l1d
20 1 3 l1d
20 2 3 l1d
21 20 4 l1d
21 21 0 l1d
21 21 4 l1d
21 22 0 l1d
21 25 2 l1d
21 26 2 l1d
21 28 4 l1d
21 29 0 l1d
21 29 3 l1d
21 29 4 l1d
21 30 0 l1d
21 30 3 l1d
21 32 4 l1d
21 33 4 l1d
22 33 0 l1d
22 34 0 l1d
22 60 4 l1d
22 61 4 l1d
23 29 3 l1d
23 30 3 l1d
23 33 0 l1d
23 33 3 l1d
23 34 0 l1d
23 34 3 l1d
26 56 4 l1d
26 57 4 l1d
26 61 3 l1d
26 62 3 l1d
28 29 3 l1d
28 30 3 l1d
28 53 0 l1d
28 54 0 l1d
29 57 0 l1d
29 58 0 l1d
