0 1 41 1 l1d
0 1 42 1 l1d
0 2 41 1 l1d
0 2 42 1 l1d
0 4 9 1 l1d
0 4 10 1 l1d
0 10 9 1 l1d
0 10 10 1 l1d
0 10 33 1 l1d
0 10 34 1 l1d
0 10 49 1 l1d
0 10 50 1 l1d
0 11 37 1 l1d
0 11 38 1 l1d
0 16 45 1 l1d
0 16 46 1 l1d
0 17 17 1 l1d
0 17 18 1 l1d
0 17 61 1 l1d
0 17 62 1 l1d
0 18 9 1 l1d
0 18 10 1 l1d
0 18 13 1 l1d
0 18 14 1 l1d
0 18 17 1 l1d
0 18 18 1 l1d
0 18 21 1 l1d
0 18 22 1 l1d
0 18 25 1 l1d
0 18 26 1 l1d
0 18 33 1 l1d
0 18 34 1 l1d
0 18 61 1 l1d
0 18 62 1 l1d
0 20 25 1 l1d
0 20 26 1 l1d
0 20 41 1 l1d
0 20 42 1 l1d
0 21 5 1 l1d
0 21 6 1 l1d
0 22 5 1 l1d
0 22 6 1 l1d
0 22 33 1 l1d
0 22 34 1 l1d
0 24 29 1 l1d
0 24 30 1 l1d
0 24 33 1 l1d
0 24 34 1 l1d
0 27 37 1 l1d
0 27 38 1 l1d
0 28 21 1 l1d
0 28 22 1 l1d
0 28 25 1 l1d
0 28 26 1 l1d
0 28 29 1 l1d
0 28 30 1 l1d
0 28 33 0 l1d
0 28 33 1 l1d
0 28 34 0 l1d
0 28 34 1 l1d
0 28 49 1 l1d
0 28 50 1 l1d
0 28 57 1 l1d
0 28 58 1 l1d
0 29 25 1 l1d
0 29 26 1 l1d
0 29 29 1 l1d
0 29 30 1 l1d
0 29 33 1 l1d
0 29 34 1 l1d
0 29 45 1 l1d
0 29 46 1 l1d
0 29 49 1 l1d
0 29 50 1 l1d
0 29 57 1 l1d
0 29 58 1 l1d
0 29 61 1 l1d
0 29 62 1 l1d
0 30 21 1 l1d
0 30 22 1 l1d
0 31 25 1 l1d
0 31 26 1 l1d
0 31 29 1 l1d
0 31 30 1 l1d
