1 18 6 l1d
1 19 0 l1d
1 19 6 l1d
1 20 0 l1d
1 22 6 l1d
1 23 6 l1d
1 35 0 l1d
1 36 0 l1d
2 18 6 l1d
2 19 6 l1d
2 47 0 l1d
2 48 0 l1d
3 19 0 l1d
3 20 0 l1d
4 18 6 l1d
4 19 3 l1d
4 19 6 l1d
4 20 3 l1d
4 23 3 l1d
4 24 3 l1d
5 6 6 l1d
5 7 6 l1d
5 19 3 l1d
5 20 3 l1d
5 23 0 l1d
5 24 0 l1d
6 18 6 l1d
6 19 0 l1d
6 19 3 l1d
6 19 6 l1d
6 20 0 l1d
6 20 3 l1d
6 23 0 l1d
6 24 0 l1d
6 27 0 l1d
6 28 0 l1d
6 31 0 l1d
6 31 3 l1d
6 32 0 l1d
6 32 3 l1d
9 18 6 l1d
9 19 0 l1d
9 19 3 l1d
9 19 6 l1d
9 20 0 l1d
9 20 3 l1d
9 23 0 l1d
9 24 0 l1d
9 27 0 l1d
9 28 0 l1d
12 34 6 l1d
12 35 0 l1d
12 35 6 l1d
12 36 0 l1d
12 46 6 l1d
12 47 6 l1d
13 2 6 l1d
13 3 6 l1d
13 6 6 l1d
13 7 6 l1d
13 10 6 l1d
13 11 6 l1d
13 14 6 l1d
13 15 3 l1d
13 15 6 l1d
13 16 3 l1d
13 19 0 l1d
13 19 3 l1d
13 20 0 l1d
13 20 3 l1d
13 26 6 l1d
13 27 6 l1d
