0 0 7 3 l1d
0 0 8 3 l1d
0 0 27 3 l1d
0 0 28 3 l1d
0 0 43 3 l1d
0 0 44 3 l1d
0 2 3 3 l1d
0 2 4 3 l1d
0 2 23 3 l1d
0 2 24 3 l1d
0 2 35 3 l1d
0 2 36 3 l1d
0 4 19 3 l1d
0 4 20 3 l1d
0 4 27 3 l1d
0 4 28 3 l1d
0 7 19 3 l1d
0 7 20 3 l1d
0 8 19 3 l1d
0 8 20 3 l1d
0 10 3 3 l1d
0 10 4 3 l1d
0 10 31 3 l1d
0 10 32 3 l1d
0 14 27 3 l1d
0 14 28 3 l1d
0 14 31 3 l1d
0 14 32 3 l1d
0 15 27 3 l1d
0 15 28 3 l1d
0 18 11 3 l1d
0 18 12 3 l1d
0 18 15 3 l1d
0 18 16 3 l1d
0 18 35 3 l1d
0 18 36 3 l1d
0 18 39 3 l1d
0 18 40 3 l1d
0 22 3 3 l1d
0 22 4 3 l1d
0 26 3 3 l1d
0 26 4 3 l1d
0 26 7 3 l1d
0 26 8 3 l1d
0 26 43 3 l1d
0 26 44 3 l1d
0 28 3 3 l1d
0 28 4 3 l1d
0 28 55 3 l1d
0 28 56 3 l1d
