4 8 7 l1d
4 9 7 l1d
5 5 3 l1d
5 6 3 l1d
7 13 3 l1d
7 14 3 l1d
9 21 3 l1d
9 22 3 l1d
9 24 7 l1d
9 25 7 l1d
13 28 7 l1d
13 29 7 l1d
15 21 3 l1d
15 22 3 l1d
15 25 3 l1d
15 26 3 l1d
16 33 3 l1d
16 34 3 l1d
16 53 2 l1d
16 54 2 l1d
16 61 3 l1d
16 62 3 l1d
17 1 2 l1d
17 2 2 l1d
17 28 7 l1d
17 29 3 l1d
17 29 7 l1d
17 30 3 l1d
18 53 2 l1d
18 54 2 l1d
20 9 2 l1d
20 10 2 l1d
21 20 7 l1d
21 21 3 l1d
21 21 7 l1d
21 22 3 l1d
21 33 2 l1d
21 34 2 l1d
22 24 7 l1d
22 25 7 l1d
24 25 2 l1d
24 25 3 l1d
24 26 2 l1d
24 26 3 l1d
25 21 3 l1d
25 22 3 l1d
25 24 7 l1d
25 25 7 l1d
26 25 3 l1d
26 26 3 l1d
26 28 7 l1d
26 29 2 l1d
26 29 7 l1d
26 30 2 l1d
26 32 7 l1d
26 33 3 l1d
26 33 7 l1d
26 34 3 l1d
27 1 3 l1d
27 2 3 l1d
27 19 2 l1d
27 20 2 l1d
27 24 7 l1d
27 25 7 l1d
27 29 3 l1d
27 30 3 l1d
28 21 3 l1d
28 22 3 l1d
29 21 3 l1d
29 22 3 l1d
29 33 3 l1d
29 34 3 l1d
29 53 2 l1d
29 54 2 l1d
29 60 7 l1d
29 61 7 l1d
30 1 3 l1d
30 2 3 l1d
30 21 2 l1d
30 21 3 l1d
30 22 2 l1d
30 22 3 l1d
30 25 2 l1d
30 26 2 l1d
30 33 3 l1d
30 34 3 l1d
31 21 3 l1d
31 22 3 l1d
31 28 7 l1d
31 29 3 l1d
31 29 7 l1d
31 30 3 l1d
31 33 3 l1d
31 34 3 l1d
