0 1 52 7 l1d
0 1 53 7 l1d
0 1 56 7 l1d
0 1 57 7 l1d
0 3 48 7 l1d
0 3 49 7 l1d
0 4 24 7 l1d
0 4 25 7 l1d
0 6 60 7 l1d
0 6 61 7 l1d
0 9 0 7 l1d
0 9 1 7 l1d
0 9 4 7 l1d
0 9 5 7 l1d
0 9 40 7 l1d
0 9 41 7 l1d
0 9 44 7 l1d
0 9 45 7 l1d
0 9 60 7 l1d
0 9 61 7 l1d
0 10 12 7 l1d
0 10 13 7 l1d
0 10 40 7 l1d
0 10 41 7 l1d
0 11 40 7 l1d
0 11 41 7 l1d
0 12 25 1 l1d
0 12 26 1 l1d
0 12 28 7 l1d
0 12 29 7 l1d
0 12 36 7 l1d
0 12 37 7 l1d
0 12 40 7 l1d
0 12 41 7 l1d
0 12 45 1 l1d
0 12 46 1 l1d
0 12 60 7 l1d
0 12 61 7 l1d
0 13 28 7 l1d
0 13 29 7 l1d
0 14 36 7 l1d
0 14 37 7 l1d
0 14 48 7 l1d
0 14 49 7 l1d
0 28 48 7 l1d
0 28 49 7 l1d
