0 34 7 l1d
0 35 7 l1d
0 54 7 l1d
0 55 7 l1d
1 46 7 l1d
1 47 7 l1d
1 62 7 l1d
1 63 7 l1d
2 18 7 l1d
2 19 7 l1d
2 50 7 l1d
2 51 7 l1d
3 22 7 l1d
3 23 7 l1d
4 22 7 l1d
4 23 7 l1d
4 34 7 l1d
4 35 7 l1d
4 58 7 l1d
4 59 7 l1d
5 50 7 l1d
5 51 7 l1d
7 50 7 l1d
7 51 7 l1d
8 58 7 l1d
8 59 7 l1d
9 18 7 l1d
9 19 7 l1d
9 26 7 l1d
9 27 7 l1d
9 30 7 l1d
9 31 7 l1d
10 26 7 l1d
10 27 7 l1d
10 34 7 l1d
10 35 7 l1d
10 38 7 l1d
10 39 7 l1d
10 42 7 l1d
10 43 7 l1d
11 18 7 l1d
11 19 7 l1d
11 30 7 l1d
11 31 7 l1d
11 58 7 l1d
11 59 7 l1d
12 18 7 l1d
12 19 7 l1d
12 26 7 l1d
12 27 7 l1d
12 38 7 l1d
12 39 7 l1d
12 54 7 l1d
12 55 7 l1d
13 22 7 l1d
13 23 7 l1d
13 30 7 l1d
13 31 7 l1d
13 62 7 l1d
13 63 7 l1d
14 18 7 l1d
14 19 7 l1d
14 30 7 l1d
14 31 7 l1d
15 34 7 l1d
15 35 7 l1d
15 38 7 l1d
15 39 7 l1d
16 30 7 l1d
16 31 7 l1d
16 34 7 l1d
16 35 7 l1d
17 38 7 l1d
17 39 7 l1d
19 38 7 l1d
19 39 7 l1d
19 46 7 l1d
19 47 7 l1d
19 58 7 l1d
19 59 7 l1d
19 62 7 l1d
19 63 7 l1d
20 6 7 l1d
20 7 7 l1d
20 42 7 l1d
20 43 7 l1d
20 58 7 l1d
20 59 7 l1d
21 22 7 l1d
21 23 7 l1d
21 38 7 l1d
21 39 7 l1d
22 18 7 l1d
22 19 7 l1d
22 22 7 l1d
22 23 7 l1d
22 50 7 l1d
22 51 7 l1d
22 54 7 l1d
22 55 7 l1d
23 30 7 l1d
23 31 7 l1d
23 34 7 l1d
23 35 7 l1d
23 46 7 l1d
23 47 7 l1d
24 6 7 l1d
24 7 7 l1d
24 18 7 l1d
24 19 7 l1d
24 46 7 l1d
24 47 7 l1d
25 14 7 l1d
25 15 7 l1d
25 42 7 l1d
25 43 7 l1d
26 2 7 l1d
26 3 7 l1d
26 6 7 l1d
26 7 7 l1d
26 14 7 l1d
26 15 7 l1d
26 34 7 l1d
26 35 7 l1d
26 38 7 l1d
26 39 7 l1d
27 18 7 l1d
27 19 7 l1d
27 34 7 l1d
27 35 7 l1d
27 38 7 l1d
27 39 7 l1d
27 42 7 l1d
27 43 7 l1d
27 46 7 l1d
27 47 7 l1d
28 30 7 l1d
28 31 7 l1d
28 38 7 l1d
28 39 7 l1d
28 42 7 l1d
28 43 7 l1d
28 46 7 l1d
28 47 7 l1d
28 62 7 l1d
28 63 7 l1d
29 18 7 l1d
29 19 7 l1d
31 22 7 l1d
31 23 7 l1d
