0 1 37 3 l1d
0 1 38 3 l1d
0 2 29 3 l1d
0 2 30 3 l1d
0 2 45 3 l1d
0 2 46 3 l1d
0 3 5 3 l1d
0 3 6 3 l1d
0 4 57 3 l1d
0 4 58 3 l1d
0 7 1 3 l1d
0 7 2 3 l1d
0 7 5 3 l1d
0 7 6 3 l1d
0 7 45 3 l1d
0 7 46 3 l1d
0 9 21 3 l1d
0 9 22 3 l1d
0 10 29 3 l1d
0 10 30 3 l1d
0 10 37 3 l1d
0 10 38 3 l1d
0 10 47 2 l1d
0 10 48 2 l1d
0 11 13 3 l1d
0 11 14 3 l1d
0 11 27 2 l1d
0 11 28 2 l1d
0 11 57 3 l1d
0 11 58 3 l1d
0 15 45 3 l1d
0 15 46 3 l1d
0 16 53 3 l1d
0 16 54 3 l1d
0 16 61 3 l1d
0 16 62 3 l1d
0 18 25 3 l1d
0 18 26 3 l1d
0 20 45 3 l1d
0 20 46 3 l1d
0 22 13 3 l1d
0 22 14 3 l1d
0 22 29 3 l1d
0 22 30 3 l1d
0 23 13 3 l1d
0 23 14 3 l1d
0 27 33 3 l1d
0 27 34 3 l1d
0 29 37 3 l1d
0 29 38 3 l1d
0 31 21 3 l1d
0 31 22 3 l1d
0 31 29 3 l1d
0 31 30 3 l1d
0 31 33 3 l1d
0 31 34 3 l1d
