0 5 46 7 l1d
0 5 47 7 l1d
0 11 10 7 l1d
0 11 11 7 l1d
0 17 18 7 l1d
0 17 19 7 l1d
0 17 22 7 l1d
0 17 23 7 l1d
0 17 26 7 l1d
0 17 27 7 l1d
0 18 50 7 l1d
0 18 51 7 l1d
0 18 54 7 l1d
0 18 55 7 l1d
0 19 18 7 l1d
0 19 19 7 l1d
0 19 26 7 l1d
0 19 27 7 l1d
0 19 30 7 l1d
0 19 31 7 l1d
0 20 46 7 l1d
0 20 47 7 l1d
0 21 26 7 l1d
0 21 27 7 l1d
0 21 30 7 l1d
0 21 31 7 l1d
0 21 42 7 l1d
0 21 43 7 l1d
0 23 18 7 l1d
0 23 19 7 l1d
0 23 34 7 l1d
0 23 35 7 l1d
0 25 14 7 l1d
0 25 15 7 l1d
0 25 34 7 l1d
0 25 35 7 l1d
0 28 6 7 l1d
0 28 7 7 l1d
