0 0 57 1 l1d
0 0 58 1 l1d
0 0 61 1 l1d
0 0 62 1 l1d
0 3 33 1 l1d
0 3 34 1 l1d
0 4 21 1 l1d
0 4 22 1 l1d
0 5 1 1 l1d
0 5 2 1 l1d
0 6 1 1 l1d
0 6 2 1 l1d
0 6 25 1 l1d
0 6 26 1 l1d
0 7 5 1 l1d
0 7 6 1 l1d
0 8 33 1 l1d
0 8 34 1 l1d
0 8 53 1 l1d
0 8 54 1 l1d
0 9 17 1 l1d
0 9 18 1 l1d
0 11 1 1 l1d
0 11 2 1 l1d
0 13 21 1 l1d
0 13 22 1 l1d
0 14 41 1 l1d
0 14 42 1 l1d
0 19 5 1 l1d
0 19 6 1 l1d
0 20 41 1 l1d
0 20 42 1 l1d
0 20 49 1 l1d
0 20 50 1 l1d
0 21 37 1 l1d
0 21 38 1 l1d
0 21 40 6 l1d
0 21 41 1 l1d
0 21 41 6 l1d
0 21 42 1 l1d
0 21 45 1 l1d
0 21 46 1 l1d
0 21 49 1 l1d
0 21 50 1 l1d
