0 9 42 7 l1d
0 9 43 7 l1d
0 11 18 7 l1d
0 11 19 7 l1d
0 11 26 7 l1d
0 11 27 7 l1d
0 13 54 7 l1d
0 13 55 7 l1d
0 16 50 7 l1d
0 16 51 7 l1d
0 17 18 7 l1d
0 17 19 7 l1d
0 19 14 7 l1d
0 19 15 7 l1d
0 21 10 7 l1d
0 21 11 7 l1d
0 21 42 7 l1d
0 21 43 7 l1d
0 21 50 7 l1d
0 21 51 7 l1d
0 26 30 7 l1d
0 26 31 7 l1d
0 27 18 7 l1d
0 27 19 7 l1d
0 27 34 7 l1d
0 27 35 7 l1d
0 28 2 7 l1d
0 28 3 7 l1d
0 30 18 7 l1d
0 30 19 7 l1d
0 30 26 7 l1d
0 30 27 7 l1d
0 30 50 7 l1d
0 30 51 7 l1d
0 30 58 7 l1d
0 30 59 7 l1d
