14 19 0 l1d
14 20 0 l1d
15 43 0 l1d
15 44 0 l1d
16 40 6 l1d
16 41 6 l1d
16 48 6 l1d
16 49 0 l1d
16 49 6 l1d
16 50 0 l1d
17 52 6 l1d
17 53 6 l1d
18 1 0 l1d
18 2 0 l1d
18 21 0 l1d
18 22 0 l1d
18 25 0 l1d
18 26 0 l1d
18 29 0 l1d
18 30 0 l1d
18 32 6 l1d
18 33 6 l1d
19 0 6 l1d
19 1 6 l1d
19 12 6 l1d
19 13 6 l1d
20 21 0 l1d
20 22 0 l1d
20 24 6 l1d
20 25 0 l1d
20 25 6 l1d
20 26 0 l1d
20 48 6 l1d
20 49 6 l1d
20 51 0 l1d
20 52 0 l1d
20 55 0 l1d
20 56 0 l1d
21 33 0 l1d
21 34 0 l1d
23 8 6 l1d
23 9 6 l1d
23 24 6 l1d
23 25 6 l1d
23 32 6 l1d
23 33 0 l1d
23 33 6 l1d
23 34 0 l1d
23 52 6 l1d
23 53 6 l1d
24 17 0 l1d
24 18 0 l1d
24 21 0 l1d
24 22 0 l1d
24 52 6 l1d
24 53 6 l1d
25 0 6 l1d
25 1 6 l1d
25 9 0 l1d
25 10 0 l1d
25 49 0 l1d
25 50 0 l1d
26 36 6 l1d
26 37 6 l1d
28 21 0 l1d
28 22 0 l1d
29 31 0 l1d
29 32 0 l1d
30 20 6 l1d
30 21 6 l1d
30 24 6 l1d
30 25 0 l1d
30 25 6 l1d
30 26 0 l1d
30 28 6 l1d
30 29 6 l1d
30 32 6 l1d
30 33 0 l1d
30 33 6 l1d
30 34 0 l1d
