0 50 5 l1d
0 51 5 l1d
5 18 5 l1d
5 19 5 l1d
6 26 5 l1d
6 27 5 l1d
8 50 5 l1d
8 51 5 l1d
10 62 5 l1d
10 63 5 l1d
16 28 4 l1d
16 29 4 l1d
16 50 5 l1d
16 51 5 l1d
17 18 5 l1d
17 19 5 l1d
18 30 5 l1d
18 31 5 l1d
18 50 5 l1d
18 51 5 l1d
18 56 4 l1d
18 57 4 l1d
19 26 5 l1d
19 27 5 l1d
20 58 5 l1d
20 59 5 l1d
21 18 5 l1d
21 19 5 l1d
22 50 5 l1d
22 51 5 l1d
22 54 5 l1d
22 55 5 l1d
23 6 5 l1d
23 7 5 l1d
23 58 5 l1d
23 59 5 l1d
24 10 5 l1d
24 11 5 l1d
27 22 5 l1d
27 23 5 l1d
27 48 4 l1d
27 49 2 l1d
27 49 4 l1d
27 50 2 l1d
29 10 5 l1d
29 11 5 l1d
29 30 5 l1d
29 31 5 l1d
