16 18 7 l1d
16 19 7 l1d
17 34 7 l1d
17 35 7 l1d
17 54 7 l1d
17 55 7 l1d
19 2 7 l1d
19 3 7 l1d
19 6 7 l1d
19 7 7 l1d
19 10 7 l1d
19 11 7 l1d
19 34 7 l1d
19 35 7 l1d
20 34 7 l1d
20 35 7 l1d
20 38 7 l1d
20 39 7 l1d
20 45 2 l1d
20 46 2 l1d
21 22 7 l1d
21 23 7 l1d
21 30 7 l1d
21 31 7 l1d
21 38 7 l1d
21 39 7 l1d
22 22 7 l1d
22 23 7 l1d
24 2 7 l1d
24 3 7 l1d
24 18 7 l1d
24 19 7 l1d
25 30 7 l1d
25 31 7 l1d
26 34 7 l1d
26 35 7 l1d
26 42 7 l1d
26 43 7 l1d
26 46 7 l1d
26 47 7 l1d
27 38 7 l1d
27 39 7 l1d
27 42 7 l1d
27 43 7 l1d
27 46 7 l1d
27 47 7 l1d
28 42 7 l1d
28 43 7 l1d
28 46 7 l1d
28 47 7 l1d
29 6 7 l1d
29 7 7 l1d
29 42 7 l1d
29 43 7 l1d
29 50 7 l1d
29 51 7 l1d
