0 1 12 5 l1d
0 1 13 5 l1d
0 2 12 5 l1d
0 2 13 5 l1d
0 3 8 5 l1d
0 3 9 5 l1d
0 4 48 5 l1d
0 4 49 5 l1d
0 7 0 5 l1d
0 7 1 5 l1d
0 7 8 5 l1d
0 7 9 5 l1d
0 10 40 5 l1d
0 10 41 5 l1d
0 14 32 5 l1d
0 14 33 5 l1d
0 16 20 5 l1d
0 16 21 5 l1d
0 16 24 5 l1d
0 16 24 7 l1d
0 16 25 5 l1d
0 16 25 7 l1d
0 16 28 4 l1d
0 16 29 4 l1d
0 16 36 5 l1d
0 16 37 5 l1d
0 16 40 5 l1d
0 16 41 5 l1d
0 16 60 5 l1d
0 16 61 5 l1d
0 17 16 5 l1d
0 17 17 5 l1d
0 17 20 5 l1d
0 17 21 5 l1d
0 17 24 5 l1d
0 17 25 5 l1d
0 17 28 5 l1d
0 17 29 5 l1d
0 17 32 5 l1d
0 17 33 5 l1d
0 17 36 5 l1d
0 17 37 5 l1d
0 17 40 5 l1d
0 17 41 5 l1d
0 17 44 5 l1d
0 17 44 7 l1d
0 17 45 5 l1d
0 17 45 7 l1d
0 17 48 5 l1d
0 17 49 5 l1d
0 17 56 5 l1d
0 17 57 5 l1d
0 17 60 5 l1d
0 17 61 5 l1d
0 18 0 5 l1d
0 18 1 5 l1d
0 18 4 5 l1d
0 18 4 7 l1d
0 18 5 5 l1d
0 18 5 7 l1d
0 18 8 5 l1d
0 18 9 5 l1d
0 18 12 5 l1d
0 18 13 5 l1d
0 18 16 5 l1d
0 18 17 5 l1d
0 18 20 5 l1d
0 18 21 5 l1d
0 18 24 5 l1d
0 18 24 6 l1d
0 18 24 7 l1d
0 18 25 5 l1d
0 18 25 6 l1d
0 18 25 7 l1d
0 18 28 4 l1d
0 18 28 5 l1d
0 18 28 7 l1d
0 18 29 4 l1d
0 18 29 5 l1d
0 18 29 7 l1d
0 18 32 4 l1d
0 18 32 5 l1d
0 18 32 7 l1d
0 18 33 4 l1d
0 18 33 5 l1d
0 18 33 7 l1d
0 18 35 1 l1d
0 18 36 1 l1d
0 18 36 5 l1d
0 18 37 5 l1d
0 18 40 5 l1d
0 18 41 5 l1d
0 18 48 5 l1d
0 18 49 5 l1d
0 19 16 5 l1d
0 19 16 7 l1d
0 19 17 5 l1d
0 19 17 7 l1d
0 19 20 5 l1d
0 19 20 7 l1d
0 19 21 5 l1d
0 19 21 7 l1d
0 19 24 5 l1d
0 19 24 7 l1d
0 19 25 5 l1d
0 19 25 7 l1d
0 19 28 7 l1d
0 19 29 7 l1d
0 19 40 5 l1d
0 19 41 5 l1d
0 19 52 5 l1d
0 19 52 7 l1d
0 19 53 5 l1d
0 19 53 7 l1d
0 19 56 5 l1d
0 19 57 2 l1d
0 19 57 5 l1d
0 19 58 2 l1d
0 19 60 5 l1d
0 19 61 5 l1d
0 20 0 5 l1d
0 20 1 5 l1d
0 20 4 5 l1d
0 20 5 5 l1d
0 20 12 5 l1d
0 20 12 7 l1d
0 20 13 5 l1d
0 20 13 7 l1d
0 20 16 5 l1d
0 20 17 5 l1d
0 20 60 5 l1d
0 20 61 5 l1d
0 21 0 5 l1d
0 21 1 5 l1d
0 21 8 5 l1d
0 21 9 5 l1d
0 21 12 5 l1d
0 21 13 5 l1d
0 21 19 1 l1d
0 21 20 1 l1d
0 21 20 5 l1d
0 21 20 7 l1d
0 21 21 5 l1d
0 21 21 7 l1d
0 21 24 5 l1d
0 21 24 7 l1d
0 21 25 5 l1d
0 21 25 7 l1d
0 21 28 5 l1d
0 21 28 7 l1d
0 21 29 5 l1d
0 21 29 7 l1d
0 21 31 1 l1d
0 21 32 1 l1d
0 21 32 5 l1d
0 21 33 5 l1d
0 21 36 5 l1d
0 21 37 5 l1d
0 22 8 5 l1d
0 22 9 5 l1d
0 22 16 5 l1d
0 22 17 5 l1d
0 22 20 5 l1d
0 22 21 5 l1d
0 22 36 7 l1d
0 22 37 7 l1d
0 22 40 5 l1d
0 22 41 5 l1d
0 22 44 5 l1d
0 22 45 5 l1d
0 22 57 2 l1d
0 22 58 2 l1d
0 23 0 5 l1d
0 23 1 2 l1d
0 23 1 5 l1d
0 23 2 2 l1d
0 23 16 5 l1d
0 23 16 7 l1d
0 23 17 5 l1d
0 23 17 7 l1d
0 23 20 5 l1d
0 23 20 7 l1d
0 23 21 5 l1d
0 23 21 7 l1d
0 23 24 5 l1d
0 23 25 0 l1d
0 23 25 5 l1d
0 23 26 0 l1d
0 23 28 4 l1d
0 23 28 5 l1d
0 23 28 7 l1d
0 23 29 4 l1d
0 23 29 5 l1d
0 23 29 7 l1d
0 23 32 5 l1d
0 23 32 7 l1d
0 23 33 2 l1d
0 23 33 5 l1d
0 23 33 7 l1d
0 23 34 2 l1d
0 23 36 5 l1d
0 23 37 5 l1d
0 23 40 5 l1d
0 23 41 5 l1d
0 23 44 5 l1d
0 23 45 5 l1d
0 23 48 5 l1d
0 23 49 5 l1d
0 23 56 5 l1d
0 23 57 5 l1d
0 24 8 5 l1d
0 24 9 5 l1d
0 24 20 5 l1d
0 24 21 5 l1d
0 24 24 7 l1d
0 24 25 7 l1d
0 24 36 7 l1d
0 24 37 7 l1d
0 24 40 5 l1d
0 24 41 2 l1d
0 24 41 5 l1d
0 24 42 2 l1d
0 24 44 5 l1d
0 24 45 2 l1d
0 24 45 5 l1d
0 24 46 2 l1d
0 24 48 5 l1d
0 24 49 5 l1d
0 24 52 5 l1d
0 24 53 5 l1d
0 24 60 5 l1d
0 24 61 5 l1d
0 25 0 5 l1d
0 25 0 7 l1d
0 25 1 5 l1d
0 25 1 7 l1d
0 25 4 5 l1d
0 25 4 7 l1d
0 25 5 5 l1d
0 25 5 7 l1d
0 25 20 5 l1d
0 25 20 7 l1d
0 25 21 5 l1d
0 25 21 7 l1d
0 25 24 5 l1d
0 25 25 5 l1d
0 25 27 1 l1d
0 25 28 1 l1d
0 25 48 5 l1d
0 25 49 5 l1d
0 25 56 5 l1d
0 25 57 5 l1d
0 25 60 5 l1d
0 25 61 5 l1d
0 26 0 5 l1d
0 26 1 5 l1d
0 26 12 5 l1d
0 26 12 7 l1d
0 26 13 5 l1d
0 26 13 7 l1d
0 26 16 5 l1d
0 26 17 5 l1d
0 26 19 1 l1d
0 26 20 1 l1d
0 26 24 5 l1d
0 26 25 5 l1d
0 26 28 5 l1d
0 26 29 5 l1d
0 26 32 5 l1d
0 26 33 2 l1d
0 26 33 5 l1d
0 26 34 2 l1d
0 26 36 5 l1d
0 26 36 7 l1d
0 26 37 2 l1d
0 26 37 5 l1d
0 26 37 7 l1d
0 26 38 2 l1d
0 26 40 7 l1d
0 26 41 7 l1d
0 26 48 5 l1d
0 26 48 7 l1d
0 26 49 5 l1d
0 26 49 7 l1d
0 26 52 7 l1d
0 26 53 7 l1d
0 26 56 7 l1d
0 26 57 7 l1d
0 26 60 7 l1d
0 26 61 7 l1d
0 26 63 1 l1d
0 27 0 1 l1d
0 27 0 5 l1d
0 27 0 7 l1d
0 27 1 5 l1d
0 27 1 7 l1d
0 27 4 7 l1d
0 27 5 7 l1d
0 27 12 7 l1d
0 27 13 7 l1d
0 27 21 2 l1d
0 27 22 2 l1d
0 27 24 4 l1d
0 27 24 7 l1d
0 27 25 4 l1d
0 27 25 7 l1d
0 27 28 4 l1d
0 27 28 5 l1d
0 27 28 7 l1d
0 27 29 4 l1d
0 27 29 5 l1d
0 27 29 7 l1d
0 27 32 5 l1d
0 27 32 7 l1d
0 27 33 5 l1d
0 27 33 7 l1d
0 27 36 5 l1d
0 27 37 5 l1d
0 27 40 5 l1d
0 27 41 5 l1d
0 27 44 5 l1d
0 27 45 5 l1d
0 27 52 5 l1d
0 27 53 5 l1d
0 27 56 5 l1d
0 27 56 7 l1d
0 27 57 5 l1d
0 27 57 7 l1d
0 27 60 5 l1d
0 27 60 7 l1d
0 27 61 5 l1d
0 27 61 7 l1d
0 28 36 5 l1d
0 28 36 7 l1d
0 28 37 5 l1d
0 28 37 7 l1d
0 28 40 5 l1d
0 28 40 7 l1d
0 28 41 5 l1d
0 28 41 7 l1d
0 28 44 5 l1d
0 28 44 7 l1d
0 28 45 5 l1d
0 28 45 7 l1d
0 28 48 5 l1d
0 28 48 7 l1d
0 28 49 5 l1d
0 28 49 7 l1d
0 29 24 7 l1d
0 29 25 7 l1d
0 29 32 5 l1d
0 29 33 5 l1d
0 29 40 5 l1d
0 29 41 5 l1d
0 29 56 7 l1d
0 29 57 7 l1d
0 30 16 5 l1d
0 30 17 5 l1d
0 30 36 5 l1d
0 30 36 7 l1d
0 30 37 5 l1d
0 30 37 7 l1d
0 30 40 5 l1d
0 30 41 5 l1d
0 30 44 5 l1d
0 30 45 5 l1d
0 30 48 5 l1d
0 30 48 7 l1d
0 30 49 5 l1d
0 30 49 7 l1d
0 31 4 7 l1d
0 31 5 7 l1d
0 31 12 5 l1d
0 31 13 5 l1d
0 31 16 5 l1d
0 31 17 5 l1d
0 31 19 1 l1d
0 31 20 1 l1d
0 31 20 5 l1d
0 31 21 5 l1d
0 31 24 5 l1d
0 31 25 5 l1d
0 31 32 5 l1d
0 31 33 5 l1d
0 31 40 5 l1d
0 31 41 5 l1d
