0 9 39 0 l1d
0 9 40 0 l1d
0 16 40 6 l1d
0 16 41 6 l1d
0 17 40 6 l1d
0 17 41 6 l1d
0 17 44 6 l1d
0 17 45 6 l1d
0 19 8 6 l1d
0 19 9 6 l1d
0 19 20 6 l1d
0 19 21 6 l1d
0 19 28 6 l1d
0 19 29 6 l1d
0 20 24 6 l1d
0 20 25 6 l1d
0 21 40 6 l1d
0 21 41 6 l1d
0 21 44 6 l1d
0 21 45 6 l1d
0 23 40 6 l1d
0 23 41 6 l1d
0 25 16 6 l1d
0 25 17 6 l1d
0 26 44 6 l1d
0 26 45 6 l1d
0 27 40 6 l1d
0 27 41 6 l1d
0 28 24 6 l1d
0 28 25 6 l1d
0 28 28 6 l1d
0 28 29 6 l1d
0 28 48 6 l1d
0 28 49 6 l1d
0 29 35 0 l1d
0 29 36 0 l1d
0 29 40 6 l1d
0 29 41 6 l1d
0 29 44 6 l1d
0 29 45 6 l1d
0 30 40 6 l1d
0 30 41 6 l1d
0 31 48 6 l1d
0 31 49 6 l1d
