0 1 61 1 l1d
0 1 62 1 l1d
0 4 53 1 l1d
0 4 54 1 l1d
0 4 57 1 l1d
0 4 58 1 l1d
0 5 29 1 l1d
0 5 30 1 l1d
0 10 37 1 l1d
0 10 38 1 l1d
0 11 1 1 l1d
0 11 2 1 l1d
0 17 41 1 l1d
0 17 42 1 l1d
0 20 13 1 l1d
0 20 14 1 l1d
0 20 17 1 l1d
0 20 18 1 l1d
0 20 37 1 l1d
0 20 38 1 l1d
0 20 40 7 l1d
0 20 41 1 l1d
0 20 41 7 l1d
0 20 42 1 l1d
0 20 45 1 l1d
0 20 46 1 l1d
0 20 49 1 l1d
0 20 50 1 l1d
0 21 53 1 l1d
0 21 54 1 l1d
0 22 1 1 l1d
0 22 2 1 l1d
0 22 29 1 l1d
0 22 30 1 l1d
0 24 1 1 l1d
0 24 2 1 l1d
0 24 13 1 l1d
0 24 14 1 l1d
0 24 33 1 l1d
0 24 34 1 l1d
0 24 37 1 l1d
0 24 38 1 l1d
0 25 33 1 l1d
0 25 34 1 l1d
0 25 37 1 l1d
0 25 38 1 l1d
0 25 49 1 l1d
0 25 50 1 l1d
0 26 37 1 l1d
0 26 38 1 l1d
0 26 49 1 l1d
0 26 50 1 l1d
0 26 53 1 l1d
0 26 54 1 l1d
0 27 1 1 l1d
0 27 2 1 l1d
0 27 5 1 l1d
0 27 6 1 l1d
0 27 9 1 l1d
0 27 10 1 l1d
0 27 13 1 l1d
0 27 14 1 l1d
0 27 17 1 l1d
0 27 18 1 l1d
0 27 29 1 l1d
0 27 30 1 l1d
0 28 5 1 l1d
0 28 6 1 l1d
0 28 25 1 l1d
0 28 26 1 l1d
0 29 5 1 l1d
0 29 6 1 l1d
0 29 13 1 l1d
0 29 14 1 l1d
0 29 16 7 l1d
0 29 17 1 l1d
0 29 17 7 l1d
0 29 18 1 l1d
0 29 21 1 l1d
0 29 22 1 l1d
0 29 25 1 l1d
0 29 26 1 l1d
0 30 5 1 l1d
0 30 6 1 l1d
