0 1 63 1 l1d
0 2 0 1 l1d
0 3 27 1 l1d
0 3 28 1 l1d
0 3 55 1 l1d
0 3 56 1 l1d
0 3 59 1 l1d
0 3 60 1 l1d
0 4 19 1 l1d
0 4 20 1 l1d
0 5 19 1 l1d
0 5 20 1 l1d
0 5 27 1 l1d
0 5 28 1 l1d
0 7 19 1 l1d
0 7 20 1 l1d
0 10 19 1 l1d
0 10 20 1 l1d
0 10 31 1 l1d
0 10 32 1 l1d
0 12 23 1 l1d
0 12 24 1 l1d
0 12 27 1 l1d
0 12 28 1 l1d
0 13 23 1 l1d
0 13 24 1 l1d
0 15 23 1 l1d
0 15 24 1 l1d
0 17 27 1 l1d
0 17 28 1 l1d
0 17 51 1 l1d
0 17 52 1 l1d
0 18 15 1 l1d
0 18 16 1 l1d
0 19 39 1 l1d
0 19 40 1 l1d
0 19 43 1 l1d
0 19 44 1 l1d
0 19 59 1 l1d
0 19 60 1 l1d
0 20 19 1 l1d
0 20 20 1 l1d
0 20 38 7 l1d
0 20 39 7 l1d
0 20 43 1 l1d
0 20 44 1 l1d
0 21 31 1 l1d
0 21 32 1 l1d
0 22 27 1 l1d
0 22 28 1 l1d
0 23 11 1 l1d
0 23 12 1 l1d
0 23 15 1 l1d
0 23 16 1 l1d
0 23 27 1 l1d
0 23 28 1 l1d
0 23 55 1 l1d
0 23 56 1 l1d
0 23 56 6 l1d
0 23 57 6 l1d
0 23 59 1 l1d
0 23 60 1 l1d
0 23 63 1 l1d
0 24 0 1 l1d
0 24 0 6 l1d
0 24 1 6 l1d
0 24 15 1 l1d
0 24 16 1 l1d
0 24 63 1 l1d
0 25 0 1 l1d
0 26 28 6 l1d
0 26 29 6 l1d
0 27 23 1 l1d
0 27 23 3 l1d
0 27 24 1 l1d
0 27 24 3 l1d
0 27 24 6 l1d
0 27 25 6 l1d
0 28 11 1 l1d
0 28 12 1 l1d
0 28 19 1 l1d
0 28 20 1 l1d
0 28 63 1 l1d
0 29 0 1 l1d
0 29 19 1 l1d
0 29 20 1 l1d
0 29 23 1 l1d
0 29 24 1 l1d
0 29 59 1 l1d
0 29 60 1 l1d
0 30 19 1 l1d
0 30 20 1 l1d
0 30 31 1 l1d
0 30 32 1 l1d
0 31 7 1 l1d
0 31 8 1 l1d
0 31 11 1 l1d
0 31 12 1 l1d
