0 1 36 6 l1d
0 1 37 6 l1d
0 2 16 6 l1d
0 2 17 6 l1d
0 4 15 1 l1d
0 4 16 1 l1d
0 4 23 1 l1d
0 4 24 1 l1d
0 20 56 6 l1d
0 20 57 6 l1d
0 21 20 6 l1d
0 21 21 6 l1d
0 22 20 6 l1d
0 22 21 6 l1d
0 22 24 6 l1d
0 22 25 6 l1d
0 23 20 6 l1d
0 23 21 6 l1d
0 23 24 6 l1d
0 23 25 6 l1d
0 23 28 6 l1d
0 23 29 6 l1d
0 23 32 6 l1d
0 23 33 6 l1d
0 23 52 6 l1d
0 23 53 6 l1d
0 24 0 6 l1d
0 24 1 6 l1d
0 25 4 6 l1d
0 25 5 6 l1d
0 26 52 7 l1d
0 26 53 7 l1d
0 26 60 6 l1d
0 26 61 6 l1d
0 27 0 6 l1d
0 27 1 6 l1d
0 28 12 6 l1d
0 28 13 6 l1d
0 29 44 6 l1d
0 29 45 6 l1d
0 29 48 6 l1d
0 29 49 6 l1d
