0 11 40 7 l1d
0 11 41 7 l1d
0 17 20 7 l1d
0 17 21 7 l1d
0 17 36 7 l1d
0 17 37 7 l1d
0 18 37 0 l1d
0 18 38 0 l1d
0 18 45 0 l1d
0 18 46 0 l1d
0 19 44 7 l1d
0 19 45 7 l1d
0 19 56 7 l1d
0 19 57 7 l1d
0 20 0 7 l1d
0 20 1 7 l1d
0 21 48 7 l1d
0 21 49 7 l1d
0 22 4 7 l1d
0 22 5 7 l1d
0 23 28 7 l1d
0 23 29 7 l1d
0 26 52 7 l1d
0 26 53 7 l1d
0 27 8 7 l1d
0 27 9 7 l1d
0 28 24 7 l1d
0 28 25 7 l1d
0 28 32 7 l1d
0 28 33 7 l1d
0 28 36 7 l1d
0 28 37 7 l1d
0 29 4 7 l1d
0 29 5 7 l1d
0 30 4 7 l1d
0 30 5 7 l1d
0 30 16 7 l1d
0 30 17 7 l1d
