0 0 7 l1d
0 1 7 l1d
0 2 7 l1d
0 3 7 l1d
0 5 1 l1d
0 6 1 l1d
1 2 7 l1d
1 3 7 l1d
1 18 7 l1d
1 19 7 l1d
1 26 7 l1d
1 27 7 l1d
1 49 1 l1d
1 50 1 l1d
2 62 7 l1d
2 63 7 l1d
3 10 7 l1d
3 11 7 l1d
3 14 7 l1d
3 15 7 l1d
4 54 7 l1d
4 55 7 l1d
6 54 7 l1d
6 55 7 l1d
7 9 1 l1d
7 10 1 l1d
7 50 7 l1d
7 51 7 l1d
7 58 7 l1d
7 59 7 l1d
8 20 5 l1d
8 21 5 l1d
9 6 7 l1d
9 7 7 l1d
10 47 2 l1d
10 48 2 l1d
11 45 1 l1d
11 46 1 l1d
12 14 7 l1d
12 15 7 l1d
12 34 7 l1d
12 35 7 l1d
12 46 7 l1d
12 47 7 l1d
13 2 7 l1d
13 3 7 l1d
13 34 7 l1d
13 35 7 l1d
16 22 7 l1d
16 23 7 l1d
16 26 7 l1d
16 27 7 l1d
17 46 7 l1d
17 47 7 l1d
20 2 7 l1d
20 3 7 l1d
20 18 7 l1d
20 19 7 l1d
20 46 7 l1d
20 47 7 l1d
21 18 7 l1d
21 19 7 l1d
21 30 7 l1d
21 31 7 l1d
23 58 7 l1d
23 59 7 l1d
24 2 7 l1d
24 3 7 l1d
25 46 7 l1d
25 47 7 l1d
26 18 7 l1d
26 19 7 l1d
26 24 5 l1d
26 25 1 l1d
26 25 5 l1d
26 26 1 l1d
26 29 1 l1d
26 30 1 l1d
26 32 5 l1d
26 33 1 l1d
26 33 5 l1d
26 34 1 l1d
26 46 7 l1d
26 47 7 l1d
27 14 7 l1d
27 15 7 l1d
28 26 7 l1d
28 27 7 l1d
28 30 7 l1d
28 31 7 l1d
28 50 7 l1d
28 51 7 l1d
29 18 7 l1d
29 19 7 l1d
29 22 7 l1d
29 23 7 l1d
29 34 7 l1d
29 35 7 l1d
29 38 7 l1d
29 39 7 l1d
29 58 7 l1d
29 59 7 l1d
30 2 7 l1d
30 3 7 l1d
30 14 7 l1d
30 15 7 l1d
30 26 7 l1d
30 27 7 l1d
30 50 7 l1d
30 51 7 l1d
30 58 7 l1d
30 59 7 l1d
30 61 1 l1d
30 62 1 l1d
31 1 1 l1d
31 2 1 l1d
31 22 7 l1d
31 23 7 l1d
