0 0 51 1 l1d
0 0 52 1 l1d
0 1 19 1 l1d
0 1 20 1 l1d
0 1 63 1 l1d
0 2 0 1 l1d
0 2 11 1 l1d
0 2 12 1 l1d
0 2 15 1 l1d
0 2 16 1 l1d
0 2 35 1 l1d
0 2 36 1 l1d
0 2 39 1 l1d
0 2 40 1 l1d
0 2 51 1 l1d
0 2 52 1 l1d
0 4 3 1 l1d
0 4 4 1 l1d
0 4 35 1 l1d
0 4 36 1 l1d
0 5 35 1 l1d
0 5 36 1 l1d
0 6 23 1 l1d
0 6 24 1 l1d
0 6 31 1 l1d
0 6 32 1 l1d
0 6 35 1 l1d
0 6 36 1 l1d
0 6 43 1 l1d
0 6 44 1 l1d
0 6 47 1 l1d
0 6 48 1 l1d
0 7 19 1 l1d
0 7 20 1 l1d
0 7 43 1 l1d
0 7 44 1 l1d
0 7 63 1 l1d
0 8 0 1 l1d
0 8 15 1 l1d
0 8 16 1 l1d
0 8 19 1 l1d
0 8 20 1 l1d
0 9 3 1 l1d
0 9 4 1 l1d
0 9 15 1 l1d
0 9 16 1 l1d
0 9 19 1 l1d
0 9 20 1 l1d
0 11 47 1 l1d
0 11 48 1 l1d
0 12 7 1 l1d
0 12 8 1 l1d
0 12 27 1 l1d
0 12 28 1 l1d
0 12 55 1 l1d
0 12 56 1 l1d
0 13 19 1 l1d
0 13 20 1 l1d
0 15 3 1 l1d
0 15 4 1 l1d
0 15 19 1 l1d
0 15 20 1 l1d
0 16 23 1 l1d
0 16 24 1 l1d
0 17 19 1 l1d
0 17 20 1 l1d
0 20 31 1 l1d
0 20 32 1 l1d
0 20 51 1 l1d
0 20 52 1 l1d
0 21 19 1 l1d
0 21 20 1 l1d
0 21 23 1 l1d
0 21 24 1 l1d
0 22 19 1 l1d
0 22 20 1 l1d
0 23 27 1 l1d
0 23 28 1 l1d
0 24 63 1 l1d
0 25 0 1 l1d
0 25 31 1 l1d
0 25 32 1 l1d
0 26 51 1 l1d
0 26 52 1 l1d
0 26 59 1 l1d
0 26 60 1 l1d
0 26 63 1 l1d
0 27 0 1 l1d
0 28 23 1 l1d
0 28 24 1 l1d
0 28 27 1 l1d
0 28 28 1 l1d
0 29 19 1 l1d
0 29 20 1 l1d
0 29 35 1 l1d
0 29 36 1 l1d
0 30 19 1 l1d
0 30 20 1 l1d
0 31 19 1 l1d
0 31 20 1 l1d
