0 2 5 1 l1d
0 2 6 1 l1d
0 20 24 7 l1d
0 20 25 3 l1d
0 20 25 7 l1d
0 20 26 3 l1d
0 21 1 1 l1d
0 21 2 1 l1d
0 21 21 1 l1d
0 21 22 1 l1d
0 25 29 1 l1d
0 25 30 1 l1d
0 26 25 1 l1d
0 26 25 2 l1d
0 26 25 3 l1d
0 26 26 1 l1d
0 26 26 2 l1d
0 26 26 3 l1d
0 26 29 3 l1d
0 26 30 3 l1d
0 26 32 7 l1d
0 26 33 1 l1d
0 26 33 3 l1d
0 26 33 7 l1d
0 26 34 1 l1d
0 26 34 3 l1d
0 26 57 1 l1d
0 26 58 1 l1d
0 27 29 1 l1d
0 27 30 1 l1d
0 27 33 1 l1d
0 27 34 1 l1d
0 29 61 1 l1d
0 29 62 1 l1d
0 30 1 1 l1d
0 30 2 1 l1d
0 30 53 1 l1d
0 30 54 1 l1d
0 30 57 1 l1d
0 30 58 1 l1d
0 31 1 1 l1d
0 31 2 1 l1d
