0 16 20 7 l1d
0 16 21 0 l1d
0 16 21 7 l1d
0 16 22 0 l1d
0 16 24 6 l1d
0 16 24 7 l1d
0 16 25 0 l1d
0 16 25 6 l1d
0 16 25 7 l1d
0 16 26 0 l1d
0 16 28 6 l1d
0 16 29 6 l1d
0 16 32 6 l1d
0 16 33 6 l1d
0 18 20 6 l1d
0 18 21 0 l1d
0 18 21 6 l1d
0 18 22 0 l1d
0 18 24 6 l1d
0 18 24 7 l1d
0 18 25 0 l1d
0 18 25 6 l1d
0 18 25 7 l1d
0 18 26 0 l1d
0 18 28 7 l1d
0 18 29 0 l1d
0 18 29 7 l1d
0 18 30 0 l1d
0 18 32 7 l1d
0 18 33 0 l1d
0 18 33 7 l1d
0 18 34 0 l1d
0 18 40 6 l1d
0 18 41 6 l1d
0 18 44 6 l1d
0 18 45 0 l1d
0 18 45 6 l1d
0 18 46 0 l1d
0 18 48 6 l1d
0 18 49 0 l1d
0 18 49 6 l1d
0 18 50 0 l1d
0 19 0 6 l1d
0 19 1 6 l1d
0 19 41 0 l1d
0 19 42 0 l1d
0 20 53 0 l1d
0 20 54 0 l1d
0 20 61 0 l1d
0 20 62 0 l1d
0 21 1 0 l1d
0 21 2 0 l1d
0 22 20 6 l1d
0 22 21 6 l1d
0 22 25 0 l1d
0 22 26 0 l1d
0 22 32 6 l1d
0 22 33 6 l1d
0 23 61 0 l1d
0 23 62 0 l1d
0 24 1 0 l1d
0 24 2 0 l1d
0 24 9 0 l1d
0 24 10 0 l1d
0 24 13 0 l1d
0 24 14 0 l1d
0 24 24 6 l1d
0 24 24 7 l1d
0 24 25 0 l1d
0 24 25 6 l1d
0 24 25 7 l1d
0 24 26 0 l1d
0 24 32 6 l1d
0 24 33 6 l1d
0 24 36 6 l1d
0 24 37 6 l1d
0 24 41 0 l1d
0 24 42 0 l1d
0 25 29 0 l1d
0 25 30 0 l1d
0 25 32 6 l1d
0 25 33 0 l1d
0 25 33 6 l1d
0 25 34 0 l1d
0 25 37 0 l1d
0 25 38 0 l1d
0 25 48 6 l1d
0 25 49 6 l1d
0 26 20 6 l1d
0 26 21 6 l1d
0 26 24 6 l1d
0 26 25 0 l1d
0 26 25 6 l1d
0 26 26 0 l1d
0 26 28 7 l1d
0 26 29 0 l1d
0 26 29 7 l1d
0 26 30 0 l1d
0 26 32 6 l1d
0 26 33 0 l1d
0 26 33 6 l1d
0 26 34 0 l1d
0 27 32 6 l1d
0 27 33 6 l1d
0 27 45 0 l1d
0 27 46 0 l1d
0 27 53 0 l1d
0 27 54 0 l1d
0 28 20 6 l1d
0 28 21 0 l1d
0 28 21 6 l1d
0 28 22 0 l1d
0 28 25 0 l1d
0 28 26 0 l1d
0 28 28 6 l1d
0 28 29 6 l1d
0 29 0 6 l1d
0 29 1 6 l1d
0 29 24 6 l1d
0 29 25 6 l1d
0 29 29 0 l1d
0 29 30 0 l1d
0 30 20 7 l1d
0 30 21 0 l1d
0 30 21 7 l1d
0 30 22 0 l1d
0 30 24 6 l1d
0 30 25 6 l1d
0 30 32 6 l1d
0 30 33 6 l1d
0 30 57 0 l1d
0 30 58 0 l1d
0 31 1 0 l1d
0 31 2 0 l1d
0 31 56 6 l1d
0 31 57 6 l1d
