0 17 6 5 l1d
0 17 7 5 l1d
0 17 42 5 l1d
0 17 43 5 l1d
0 18 46 5 l1d
0 18 47 5 l1d
0 18 50 5 l1d
0 18 51 5 l1d
0 19 6 5 l1d
0 19 7 5 l1d
0 20 50 5 l1d
0 20 51 5 l1d
0 20 62 5 l1d
0 20 63 5 l1d
0 21 18 5 l1d
0 21 19 5 l1d
0 21 30 5 l1d
0 21 31 5 l1d
0 21 46 5 l1d
0 21 47 5 l1d
0 24 22 5 l1d
0 24 23 5 l1d
0 26 62 5 l1d
0 26 63 5 l1d
0 27 26 5 l1d
0 27 27 5 l1d
0 27 30 5 l1d
0 27 31 5 l1d
0 27 38 5 l1d
0 27 39 5 l1d
0 28 30 5 l1d
0 28 31 5 l1d
0 28 34 5 l1d
0 28 35 5 l1d
0 29 46 5 l1d
0 29 47 5 l1d
0 29 62 5 l1d
0 29 63 5 l1d
0 31 18 5 l1d
0 31 19 5 l1d
0 31 30 5 l1d
0 31 31 5 l1d
0 31 54 5 l1d
0 31 55 5 l1d
