16 25 1 l1d
16 26 1 l1d
16 29 1 l1d
16 30 1 l1d
16 53 1 l1d
16 54 1 l1d
16 61 1 l1d
16 62 1 l1d
17 1 1 l1d
17 2 1 l1d
18 5 1 l1d
18 6 1 l1d
18 21 1 l1d
18 22 1 l1d
18 33 1 l1d
18 34 1 l1d
18 61 1 l1d
18 62 1 l1d
19 17 1 l1d
19 18 1 l1d
19 21 1 l1d
19 21 2 l1d
19 22 1 l1d
19 22 2 l1d
19 29 1 l1d
19 30 1 l1d
19 33 1 l1d
19 34 1 l1d
20 29 1 l1d
20 30 1 l1d
20 57 1 l1d
20 58 1 l1d
21 57 1 l1d
21 58 1 l1d
22 29 1 l1d
22 30 1 l1d
22 33 1 l1d
22 34 1 l1d
22 57 1 l1d
22 58 1 l1d
22 61 1 l1d
22 62 1 l1d
24 17 1 l1d
24 18 1 l1d
24 29 1 l1d
24 30 1 l1d
24 33 1 l1d
24 34 1 l1d
24 57 1 l1d
24 58 1 l1d
24 61 1 l1d
24 62 1 l1d
25 33 1 l1d
25 34 1 l1d
25 53 1 l1d
25 54 1 l1d
26 61 1 l1d
26 62 1 l1d
27 1 1 l1d
27 2 1 l1d
27 21 2 l1d
27 22 2 l1d
28 21 1 l1d
28 22 1 l1d
28 25 1 l1d
28 26 1 l1d
28 29 2 l1d
28 30 2 l1d
28 37 1 l1d
28 38 1 l1d
29 29 2 l1d
29 30 2 l1d
29 57 1 l1d
29 58 1 l1d
30 25 1 l1d
30 26 1 l1d
31 1 1 l1d
31 2 1 l1d
31 29 1 l1d
31 30 1 l1d
