0 28 5 l1d
0 29 5 l1d
0 36 5 l1d
0 37 5 l1d
0 40 5 l1d
0 41 5 l1d
0 44 5 l1d
0 45 5 l1d
2 0 5 l1d
2 1 5 l1d
2 20 5 l1d
2 21 5 l1d
3 32 5 l1d
3 33 5 l1d
3 52 5 l1d
3 53 5 l1d
4 60 5 l1d
4 61 5 l1d
5 0 5 l1d
5 1 5 l1d
5 20 5 l1d
5 21 5 l1d
5 24 5 l1d
5 25 5 l1d
6 4 5 l1d
6 5 5 l1d
6 20 4 l1d
6 20 5 l1d
6 21 4 l1d
6 21 5 l1d
6 32 5 l1d
6 33 5 l1d
9 0 5 l1d
9 1 5 l1d
10 16 5 l1d
10 17 5 l1d
12 32 5 l1d
12 33 5 l1d
12 52 5 l1d
12 53 5 l1d
13 0 5 l1d
13 1 5 l1d
15 4 5 l1d
15 5 5 l1d
18 44 5 l1d
18 45 5 l1d
18 48 4 l1d
18 48 5 l1d
18 49 4 l1d
18 49 5 l1d
21 48 5 l1d
21 49 5 l1d
23 44 5 l1d
23 45 5 l1d
24 40 5 l1d
24 41 5 l1d
25 36 5 l1d
25 37 5 l1d
26 24 5 l1d
26 25 5 l1d
30 48 5 l1d
30 49 5 l1d
