0 17 18 4 l1d
0 17 19 4 l1d
0 17 27 3 l1d
0 17 28 3 l1d
0 18 51 3 l1d
0 18 52 3 l1d
0 19 39 3 l1d
0 19 40 3 l1d
0 19 51 3 l1d
0 19 52 3 l1d
0 20 55 3 l1d
0 20 56 3 l1d
0 22 31 2 l1d
0 22 32 2 l1d
0 23 19 3 l1d
0 23 20 3 l1d
0 23 23 3 l1d
0 23 24 3 l1d
0 25 3 3 l1d
0 25 4 3 l1d
0 25 18 5 l1d
0 25 19 3 l1d
0 25 19 5 l1d
0 25 20 3 l1d
0 26 35 3 l1d
0 26 36 3 l1d
0 26 54 6 l1d
0 26 55 3 l1d
0 26 55 6 l1d
0 26 56 3 l1d
0 27 19 3 l1d
0 27 20 3 l1d
0 27 39 3 l1d
0 27 40 3 l1d
0 27 43 3 l1d
0 27 44 3 l1d
0 28 19 3 l1d
0 28 20 3 l1d
0 29 35 3 l1d
0 29 36 3 l1d
