0 1 52 6 l1d
0 1 53 6 l1d
0 2 52 6 l1d
0 2 53 6 l1d
0 3 60 6 l1d
0 3 61 6 l1d
0 6 24 6 l1d
0 6 25 6 l1d
0 7 24 6 l1d
0 7 25 6 l1d
0 7 32 6 l1d
0 7 33 6 l1d
0 9 20 6 l1d
0 9 21 6 l1d
0 9 24 6 l1d
0 9 25 6 l1d
0 9 28 6 l1d
0 9 29 6 l1d
0 11 12 6 l1d
0 11 13 6 l1d
0 11 36 6 l1d
0 11 37 6 l1d
0 15 40 6 l1d
0 15 41 6 l1d
0 16 32 6 l1d
0 16 33 6 l1d
0 17 4 6 l1d
0 17 5 6 l1d
0 17 16 6 l1d
0 17 17 6 l1d
0 18 4 6 l1d
0 18 5 6 l1d
0 18 28 6 l1d
0 18 29 6 l1d
0 20 12 6 l1d
0 20 13 6 l1d
0 20 16 6 l1d
0 20 17 6 l1d
0 20 40 6 l1d
0 20 41 6 l1d
0 20 44 6 l1d
0 20 45 6 l1d
0 20 56 6 l1d
0 20 57 6 l1d
0 21 4 6 l1d
0 21 5 6 l1d
0 21 12 6 l1d
0 21 13 6 l1d
0 21 16 6 l1d
0 21 17 0 l1d
0 21 17 6 l1d
0 21 18 0 l1d
0 21 56 6 l1d
0 21 57 6 l1d
0 22 16 6 l1d
0 22 17 6 l1d
0 22 52 6 l1d
0 22 53 6 l1d
0 23 4 6 l1d
0 23 5 6 l1d
0 23 8 6 l1d
0 23 9 6 l1d
0 24 20 6 l1d
0 24 21 6 l1d
0 25 16 6 l1d
0 25 17 6 l1d
0 26 40 6 l1d
0 26 41 6 l1d
0 26 44 6 l1d
0 26 45 6 l1d
0 27 4 6 l1d
0 27 5 6 l1d
0 27 8 6 l1d
0 27 9 6 l1d
0 27 12 6 l1d
0 27 13 6 l1d
0 27 16 6 l1d
0 27 17 6 l1d
0 28 13 0 l1d
0 28 14 0 l1d
0 29 36 6 l1d
0 29 37 6 l1d
