0 19 1 l1d
0 20 1 l1d
3 7 1 l1d
3 8 1 l1d
3 15 1 l1d
3 16 1 l1d
3 19 1 l1d
3 20 1 l1d
4 35 1 l1d
4 36 1 l1d
4 59 1 l1d
4 60 1 l1d
7 51 1 l1d
7 52 1 l1d
8 19 1 l1d
8 20 1 l1d
12 35 1 l1d
12 36 1 l1d
14 35 1 l1d
14 36 1 l1d
14 55 1 l1d
14 56 1 l1d
15 23 1 l1d
15 24 1 l1d
16 55 1 l1d
16 56 1 l1d
18 19 1 l1d
18 20 1 l1d
18 43 1 l1d
18 44 1 l1d
18 63 1 l1d
19 0 1 l1d
19 27 1 l1d
19 28 1 l1d
19 39 1 l1d
19 40 1 l1d
27 31 1 l1d
27 32 1 l1d
28 43 1 l1d
28 44 1 l1d
29 39 1 l1d
29 40 1 l1d
30 19 1 l1d
30 20 1 l1d
30 51 1 l1d
30 52 1 l1d
