1 55 3 l1d
1 56 3 l1d
2 27 3 l1d
2 28 3 l1d
5 32 5 l1d
5 33 5 l1d
5 56 5 l1d
5 57 5 l1d
10 43 3 l1d
10 44 3 l1d
12 35 3 l1d
12 36 3 l1d
12 39 3 l1d
12 40 3 l1d
13 11 3 l1d
13 12 3 l1d
15 56 5 l1d
15 57 5 l1d
17 40 5 l1d
17 41 5 l1d
17 51 3 l1d
17 52 3 l1d
17 59 3 l1d
17 60 3 l1d
18 47 3 l1d
18 48 3 l1d
18 51 3 l1d
18 52 3 l1d
19 19 3 l1d
19 20 3 l1d
19 24 5 l1d
19 25 5 l1d
20 19 3 l1d
20 20 3 l1d
20 23 3 l1d
20 24 3 l1d
20 35 3 l1d
20 36 3 l1d
21 11 3 l1d
21 12 3 l1d
21 19 3 l1d
21 20 3 l1d
21 35 3 l1d
21 36 3 l1d
21 51 3 l1d
21 52 3 l1d
22 35 3 l1d
22 36 3 l1d
22 39 3 l1d
22 40 3 l1d
23 15 3 l1d
23 16 3 l1d
24 7 3 l1d
24 8 3 l1d
24 11 3 l1d
24 12 3 l1d
24 39 3 l1d
24 40 3 l1d
25 43 3 l1d
25 44 3 l1d
26 35 3 l1d
26 36 3 l1d
27 24 6 l1d
27 25 6 l1d
27 27 3 l1d
27 28 3 l1d
27 47 3 l1d
27 48 3 l1d
28 7 3 l1d
28 8 3 l1d
28 15 3 l1d
28 16 3 l1d
28 19 3 l1d
28 20 3 l1d
29 20 5 l1d
29 21 5 l1d
29 31 3 l1d
29 32 3 l1d
29 35 3 l1d
29 36 3 l1d
29 39 3 l1d
29 40 3 l1d
30 27 3 l1d
30 28 3 l1d
30 55 3 l1d
30 56 3 l1d
30 59 3 l1d
30 60 3 l1d
31 39 3 l1d
31 40 3 l1d
