0 16 18 7 l1d
0 16 19 7 l1d
0 17 28 5 l1d
0 17 29 5 l1d
0 17 51 0 l1d
0 17 52 0 l1d
0 18 18 4 l1d
0 18 19 0 l1d
0 18 19 4 l1d
0 18 20 0 l1d
0 19 50 6 l1d
0 19 51 6 l1d
0 20 2 6 l1d
0 20 3 6 l1d
0 20 55 0 l1d
0 20 56 0 l1d
0 21 18 4 l1d
0 21 19 4 l1d
0 21 26 4 l1d
0 21 27 4 l1d
0 25 18 4 l1d
0 25 19 0 l1d
0 25 19 4 l1d
0 25 20 0 l1d
0 25 23 0 l1d
0 25 24 0 l1d
0 25 59 0 l1d
0 25 60 0 l1d
0 26 50 4 l1d
0 26 51 4 l1d
0 27 18 4 l1d
0 27 19 4 l1d
0 27 22 4 l1d
0 27 23 0 l1d
0 27 23 4 l1d
0 27 24 0 l1d
0 27 51 0 l1d
0 27 52 0 l1d
0 27 52 5 l1d
0 27 53 5 l1d
0 27 54 4 l1d
0 27 55 4 l1d
0 28 18 4 l1d
0 28 19 4 l1d
0 28 51 0 l1d
0 28 52 0 l1d
0 29 30 4 l1d
0 29 31 4 l1d
0 29 38 4 l1d
0 29 39 0 l1d
0 29 39 4 l1d
0 29 40 0 l1d
0 30 19 0 l1d
0 30 20 0 l1d
0 31 19 0 l1d
0 31 20 0 l1d
0 31 46 4 l1d
0 31 47 4 l1d
