0 1 28 5 l1d
0 1 29 5 l1d
0 1 32 5 l1d
0 1 33 5 l1d
0 12 60 5 l1d
0 12 61 5 l1d
0 15 16 5 l1d
0 15 17 5 l1d
0 16 36 5 l1d
0 16 37 5 l1d
0 17 28 5 l1d
0 17 29 5 l1d
0 18 56 5 l1d
0 18 57 5 l1d
0 20 0 5 l1d
0 20 1 5 l1d
0 21 60 5 l1d
0 21 61 5 l1d
0 22 19 0 l1d
0 22 20 0 l1d
0 23 28 5 l1d
0 23 29 5 l1d
0 25 23 3 l1d
0 25 24 3 l1d
0 26 36 5 l1d
0 26 37 5 l1d
0 27 32 5 l1d
0 27 33 5 l1d
0 28 19 3 l1d
0 28 20 3 l1d
0 29 28 5 l1d
0 29 29 5 l1d
0 30 23 3 l1d
0 30 24 3 l1d
0 30 52 5 l1d
0 30 53 5 l1d
0 30 60 5 l1d
0 30 61 5 l1d
0 31 32 5 l1d
0 31 33 5 l1d
0 31 44 5 l1d
0 31 45 5 l1d
