0 17 18 4 l1d
0 17 19 4 l1d
0 20 25 0 l1d
0 20 26 0 l1d
0 21 51 2 l1d
0 21 52 2 l1d
0 22 18 4 l1d
0 22 19 4 l1d
0 22 30 4 l1d
0 22 31 4 l1d
0 24 41 0 l1d
0 24 42 0 l1d
0 24 57 0 l1d
0 24 58 0 l1d
0 25 19 2 l1d
0 25 20 2 l1d
0 25 23 2 l1d
0 25 24 2 l1d
0 25 27 2 l1d
0 25 28 2 l1d
0 26 17 0 l1d
0 26 18 0 l1d
0 28 25 0 l1d
0 28 26 0 l1d
0 28 54 4 l1d
0 28 55 2 l1d
0 28 55 4 l1d
0 28 56 2 l1d
0 28 58 4 l1d
0 28 59 2 l1d
0 28 59 4 l1d
0 28 60 2 l1d
0 28 62 4 l1d
0 28 63 4 l1d
0 30 23 2 l1d
0 30 24 2 l1d
0 31 51 2 l1d
0 31 52 2 l1d
0 31 55 2 l1d
0 31 56 2 l1d
