0 0 6 5 l1d
0 0 7 5 l1d
0 1 2 7 l1d
0 1 3 7 l1d
0 2 18 7 l1d
0 2 19 7 l1d
0 5 46 7 l1d
0 5 47 7 l1d
0 6 34 7 l1d
0 6 35 7 l1d
0 6 38 7 l1d
0 6 39 7 l1d
0 7 2 7 l1d
0 7 3 7 l1d
0 7 10 7 l1d
0 7 11 7 l1d
0 7 14 7 l1d
0 7 15 7 l1d
0 7 18 7 l1d
0 7 19 7 l1d
0 7 46 7 l1d
0 7 47 7 l1d
0 13 18 7 l1d
0 13 19 7 l1d
0 14 10 7 l1d
0 14 11 7 l1d
0 16 30 7 l1d
0 16 31 7 l1d
0 16 38 7 l1d
0 16 39 7 l1d
0 16 42 7 l1d
0 16 43 7 l1d
0 16 54 7 l1d
0 16 55 7 l1d
0 17 10 7 l1d
0 17 11 7 l1d
0 17 22 7 l1d
0 17 23 7 l1d
0 17 26 7 l1d
0 17 27 7 l1d
0 18 2 7 l1d
0 18 3 7 l1d
0 18 6 7 l1d
0 18 7 7 l1d
0 18 10 7 l1d
0 18 11 7 l1d
0 18 30 7 l1d
0 18 31 7 l1d
0 18 34 7 l1d
0 18 35 7 l1d
0 18 42 7 l1d
0 18 43 7 l1d
0 18 50 7 l1d
0 18 51 7 l1d
0 19 18 7 l1d
0 19 19 7 l1d
0 19 34 7 l1d
0 19 35 7 l1d
0 20 18 7 l1d
0 20 19 7 l1d
0 20 26 7 l1d
0 20 27 7 l1d
0 21 6 7 l1d
0 21 7 7 l1d
0 21 10 7 l1d
0 21 11 7 l1d
0 21 14 7 l1d
0 21 15 7 l1d
0 21 22 7 l1d
0 21 23 7 l1d
0 21 26 7 l1d
0 21 27 7 l1d
0 21 30 7 l1d
0 21 31 7 l1d
0 21 34 7 l1d
0 21 35 7 l1d
0 22 18 7 l1d
0 22 19 7 l1d
0 23 18 7 l1d
0 23 19 7 l1d
0 23 22 7 l1d
0 23 23 7 l1d
0 23 46 7 l1d
0 23 47 7 l1d
0 23 50 7 l1d
0 23 51 7 l1d
0 23 58 7 l1d
0 23 59 7 l1d
0 23 62 7 l1d
0 23 63 7 l1d
0 24 18 7 l1d
0 24 19 7 l1d
0 25 18 7 l1d
0 25 19 7 l1d
0 25 50 7 l1d
0 25 51 7 l1d
0 25 58 7 l1d
0 25 59 7 l1d
0 26 10 7 l1d
0 26 11 7 l1d
0 26 18 7 l1d
0 26 19 7 l1d
0 27 62 7 l1d
0 27 63 7 l1d
0 28 26 7 l1d
0 28 27 7 l1d
0 28 30 7 l1d
0 28 31 7 l1d
0 28 50 7 l1d
0 28 51 7 l1d
0 28 54 7 l1d
0 28 55 7 l1d
0 29 18 7 l1d
0 29 19 7 l1d
0 29 22 7 l1d
0 29 23 7 l1d
0 29 26 7 l1d
0 29 27 7 l1d
0 29 50 7 l1d
0 29 51 7 l1d
0 30 18 7 l1d
0 30 19 7 l1d
0 30 26 7 l1d
0 30 27 7 l1d
