0 16 22 5 l1d
0 16 23 5 l1d
0 16 62 5 l1d
0 16 63 5 l1d
0 17 2 5 l1d
0 17 3 5 l1d
0 17 10 5 l1d
0 17 11 5 l1d
0 17 18 5 l1d
0 17 19 5 l1d
0 17 25 3 l1d
0 17 26 3 l1d
0 17 26 5 l1d
0 17 27 5 l1d
0 17 29 3 l1d
0 17 30 3 l1d
0 17 30 5 l1d
0 17 31 5 l1d
0 18 10 5 l1d
0 18 11 5 l1d
0 18 62 5 l1d
0 18 63 5 l1d
0 19 2 5 l1d
0 19 3 5 l1d
0 19 6 5 l1d
0 19 7 5 l1d
0 19 18 5 l1d
0 19 19 5 l1d
0 19 26 5 l1d
0 19 27 5 l1d
0 19 30 5 l1d
0 19 31 5 l1d
0 19 46 5 l1d
0 19 47 5 l1d
0 19 50 5 l1d
0 19 51 5 l1d
0 19 62 5 l1d
0 19 63 5 l1d
0 20 2 5 l1d
0 20 3 5 l1d
0 20 54 5 l1d
0 20 55 5 l1d
0 20 58 5 l1d
0 20 59 5 l1d
0 21 10 7 l1d
0 21 11 7 l1d
0 21 18 5 l1d
0 21 19 5 l1d
0 21 22 5 l1d
0 21 23 5 l1d
0 21 30 5 l1d
0 21 31 5 l1d
0 21 34 5 l1d
0 21 35 5 l1d
0 21 38 5 l1d
0 21 39 5 l1d
0 21 53 2 l1d
0 21 54 2 l1d
0 21 54 5 l1d
0 21 55 5 l1d
0 21 62 5 l1d
0 21 63 5 l1d
0 22 18 5 l1d
0 22 19 5 l1d
0 22 26 5 l1d
0 22 27 5 l1d
0 22 30 5 l1d
0 22 31 5 l1d
0 22 38 5 l1d
0 22 39 5 l1d
0 22 50 5 l1d
0 22 51 5 l1d
0 22 62 5 l1d
0 22 63 5 l1d
0 23 18 5 l1d
0 23 18 7 l1d
0 23 19 5 l1d
0 23 19 7 l1d
0 23 22 5 l1d
0 23 23 5 l1d
0 23 31 0 l1d
0 23 32 0 l1d
0 23 34 5 l1d
0 23 35 5 l1d
0 23 46 5 l1d
0 23 47 5 l1d
0 23 50 5 l1d
0 23 51 5 l1d
0 23 54 5 l1d
0 23 55 5 l1d
0 23 62 5 l1d
0 23 63 5 l1d
0 25 22 5 l1d
0 25 23 5 l1d
0 25 26 5 l1d
0 25 27 5 l1d
0 25 30 5 l1d
0 25 31 5 l1d
0 25 54 5 l1d
0 25 55 5 l1d
0 25 62 5 l1d
0 25 63 5 l1d
0 26 6 5 l1d
0 26 7 5 l1d
0 26 30 5 l1d
0 26 31 5 l1d
0 26 34 5 l1d
0 26 35 5 l1d
0 26 39 0 l1d
0 26 40 0 l1d
0 26 46 5 l1d
0 26 47 5 l1d
0 26 50 5 l1d
0 26 51 5 l1d
0 26 54 5 l1d
0 26 55 5 l1d
0 26 58 5 l1d
0 26 59 5 l1d
0 27 30 5 l1d
0 27 31 5 l1d
0 27 57 2 l1d
0 27 58 2 l1d
0 28 34 5 l1d
0 28 35 5 l1d
0 29 18 5 l1d
0 29 19 5 l1d
0 29 30 5 l1d
0 29 31 5 l1d
0 29 58 5 l1d
0 29 59 0 l1d
0 29 59 5 l1d
0 29 60 0 l1d
0 29 62 5 l1d
0 29 63 0 l1d
0 29 63 5 l1d
0 30 0 0 l1d
0 30 2 5 l1d
0 30 3 5 l1d
0 30 6 5 l1d
0 30 7 5 l1d
0 30 10 5 l1d
0 30 11 5 l1d
0 30 34 5 l1d
0 30 35 5 l1d
0 31 6 5 l1d
0 31 7 5 l1d
0 31 10 5 l1d
0 31 11 5 l1d
0 31 26 5 l1d
0 31 27 5 l1d
0 31 34 5 l1d
0 31 35 5 l1d
0 31 38 5 l1d
0 31 39 5 l1d
0 31 42 5 l1d
0 31 43 0 l1d
0 31 43 5 l1d
0 31 44 0 l1d
0 31 46 5 l1d
0 31 47 5 l1d
