0 0 50 5 l1d
0 0 51 5 l1d
0 2 44 4 l1d
0 2 45 4 l1d
0 4 56 4 l1d
0 4 57 4 l1d
0 8 28 4 l1d
0 8 29 4 l1d
0 8 43 3 l1d
0 8 44 3 l1d
0 8 56 4 l1d
0 8 57 4 l1d
0 9 0 4 l1d
0 9 1 4 l1d
0 10 0 4 l1d
0 10 1 4 l1d
0 10 24 4 l1d
0 10 25 4 l1d
0 10 32 4 l1d
0 10 33 4 l1d
0 11 12 4 l1d
0 11 13 4 l1d
0 11 15 3 l1d
0 11 16 3 l1d
0 11 32 4 l1d
0 11 33 4 l1d
0 11 56 4 l1d
0 11 57 4 l1d
0 14 19 3 l1d
0 14 20 3 l1d
0 17 4 4 l1d
0 17 5 4 l1d
0 17 8 4 l1d
0 17 9 4 l1d
0 17 12 4 l1d
0 17 13 4 l1d
0 17 40 4 l1d
0 17 41 4 l1d
0 17 56 4 l1d
0 17 57 4 l1d
0 18 24 4 l1d
0 18 25 4 l1d
0 18 28 4 l1d
0 18 29 4 l1d
0 18 32 4 l1d
0 18 33 4 l1d
0 18 40 4 l1d
0 18 41 4 l1d
0 18 44 4 l1d
0 18 45 4 l1d
0 19 12 4 l1d
0 19 13 4 l1d
0 19 16 4 l1d
0 19 17 4 l1d
0 19 24 4 l1d
0 19 25 4 l1d
0 19 32 4 l1d
0 19 33 4 l1d
0 19 36 4 l1d
0 19 37 4 l1d
0 19 40 4 l1d
0 19 41 4 l1d
0 19 44 4 l1d
0 19 45 4 l1d
0 19 48 4 l1d
0 19 49 4 l1d
0 19 56 4 l1d
0 19 57 4 l1d
0 20 0 4 l1d
0 20 1 4 l1d
0 20 20 4 l1d
0 20 21 4 l1d
0 20 40 4 l1d
0 20 41 4 l1d
0 20 44 4 l1d
0 20 45 4 l1d
0 21 12 4 l1d
0 21 13 4 l1d
0 21 20 4 l1d
0 21 21 4 l1d
0 21 28 4 l1d
0 21 29 4 l1d
0 22 12 4 l1d
0 22 13 4 l1d
0 22 36 4 l1d
0 22 37 4 l1d
0 22 40 4 l1d
0 22 41 4 l1d
0 22 44 4 l1d
0 22 45 4 l1d
0 22 48 4 l1d
0 22 49 4 l1d
0 22 56 4 l1d
0 22 57 4 l1d
0 23 8 4 l1d
0 23 9 4 l1d
0 23 56 4 l1d
0 23 57 4 l1d
0 24 12 4 l1d
0 24 13 4 l1d
0 24 16 4 l1d
0 24 17 4 l1d
0 24 20 4 l1d
0 24 21 4 l1d
0 24 24 4 l1d
0 24 25 4 l1d
0 24 28 4 l1d
0 24 29 4 l1d
0 24 40 4 l1d
0 24 41 4 l1d
0 24 48 4 l1d
0 24 49 4 l1d
0 25 16 4 l1d
0 25 17 4 l1d
0 25 32 4 l1d
0 25 33 4 l1d
0 26 0 4 l1d
0 26 1 4 l1d
0 26 4 4 l1d
0 26 5 4 l1d
0 26 8 4 l1d
0 26 9 4 l1d
0 26 12 4 l1d
0 26 13 4 l1d
0 26 16 4 l1d
0 26 17 4 l1d
0 26 20 4 l1d
0 26 21 4 l1d
0 26 24 4 l1d
0 26 25 4 l1d
0 26 28 4 l1d
0 26 29 4 l1d
0 26 32 4 l1d
0 26 33 4 l1d
0 26 36 4 l1d
0 26 37 4 l1d
0 26 40 4 l1d
0 26 41 4 l1d
0 26 44 4 l1d
0 26 45 4 l1d
0 26 48 4 l1d
0 26 49 4 l1d
0 26 52 4 l1d
0 26 53 4 l1d
0 26 56 4 l1d
0 26 57 4 l1d
0 27 4 4 l1d
0 27 5 4 l1d
0 27 8 4 l1d
0 27 9 4 l1d
0 27 12 4 l1d
0 27 13 4 l1d
0 27 16 4 l1d
0 27 17 4 l1d
0 27 20 4 l1d
0 27 21 4 l1d
0 27 36 4 l1d
0 27 37 4 l1d
0 27 44 4 l1d
0 27 45 4 l1d
0 27 52 4 l1d
0 27 53 4 l1d
0 27 56 4 l1d
0 27 57 4 l1d
0 28 0 4 l1d
0 28 1 4 l1d
0 28 44 4 l1d
0 28 45 4 l1d
0 28 48 4 l1d
0 28 49 4 l1d
0 29 28 4 l1d
0 29 29 4 l1d
0 29 40 4 l1d
0 29 41 4 l1d
0 30 4 4 l1d
0 30 5 4 l1d
0 30 32 4 l1d
0 30 33 4 l1d
0 31 4 4 l1d
0 31 5 4 l1d
