0 48 7 l1d
0 49 7 l1d
1 12 7 l1d
1 13 7 l1d
1 16 7 l1d
1 17 7 l1d
1 20 7 l1d
1 21 7 l1d
1 25 0 l1d
1 26 0 l1d
1 33 0 l1d
1 34 0 l1d
1 40 7 l1d
1 41 7 l1d
2 44 7 l1d
2 45 7 l1d
2 48 7 l1d
2 49 7 l1d
3 24 7 l1d
3 25 7 l1d
3 28 7 l1d
3 29 7 l1d
5 0 7 l1d
5 1 7 l1d
5 4 7 l1d
5 5 7 l1d
5 9 2 l1d
5 10 2 l1d
5 32 7 l1d
5 33 7 l1d
6 40 7 l1d
6 41 7 l1d
6 44 7 l1d
6 45 2 l1d
6 45 7 l1d
6 46 2 l1d
6 48 7 l1d
6 49 7 l1d
7 12 7 l1d
7 13 7 l1d
7 16 7 l1d
7 17 7 l1d
7 20 7 l1d
7 21 7 l1d
7 24 7 l1d
7 25 7 l1d
8 16 7 l1d
8 17 7 l1d
8 24 7 l1d
8 25 7 l1d
8 28 7 l1d
8 29 7 l1d
8 40 7 l1d
8 41 7 l1d
9 8 7 l1d
9 9 7 l1d
9 16 7 l1d
9 17 7 l1d
9 28 7 l1d
9 29 7 l1d
9 32 7 l1d
9 33 7 l1d
10 56 7 l1d
10 57 7 l1d
10 60 7 l1d
10 61 7 l1d
11 8 7 l1d
11 9 7 l1d
12 24 7 l1d
12 25 7 l1d
12 40 7 l1d
12 41 7 l1d
13 24 7 l1d
13 25 7 l1d
14 0 7 l1d
14 1 7 l1d
14 4 7 l1d
14 5 7 l1d
14 8 7 l1d
14 9 0 l1d
14 9 7 l1d
14 10 0 l1d
14 12 7 l1d
14 13 0 l1d
14 13 7 l1d
14 14 0 l1d
14 16 7 l1d
14 17 2 l1d
14 17 7 l1d
14 18 2 l1d
15 9 0 l1d
15 10 0 l1d
15 13 2 l1d
15 14 2 l1d
15 16 7 l1d
15 17 7 l1d
15 32 7 l1d
15 33 7 l1d
16 44 7 l1d
16 45 7 l1d
17 32 7 l1d
17 33 7 l1d
18 32 7 l1d
18 33 7 l1d
19 16 7 l1d
19 17 7 l1d
19 24 7 l1d
19 25 7 l1d
19 48 7 l1d
19 49 7 l1d
22 24 7 l1d
22 25 7 l1d
22 32 7 l1d
22 33 7 l1d
23 24 7 l1d
23 25 7 l1d
23 28 7 l1d
23 29 7 l1d
23 33 2 l1d
23 34 2 l1d
23 60 7 l1d
23 61 7 l1d
25 0 7 l1d
25 1 7 l1d
25 60 7 l1d
25 61 7 l1d
26 24 7 l1d
26 25 7 l1d
27 8 7 l1d
27 9 7 l1d
27 16 7 l1d
27 17 7 l1d
27 20 7 l1d
27 21 7 l1d
28 0 7 l1d
28 1 7 l1d
28 24 7 l1d
28 25 7 l1d
31 52 7 l1d
31 53 7 l1d
