16 31 0 l1d
16 32 0 l1d
16 34 7 l1d
16 35 0 l1d
16 35 7 l1d
16 36 0 l1d
16 39 0 l1d
16 40 0 l1d
16 42 7 l1d
16 43 7 l1d
16 46 7 l1d
16 47 0 l1d
16 47 7 l1d
16 48 0 l1d
16 50 7 l1d
16 51 0 l1d
16 51 7 l1d
16 52 0 l1d
16 58 7 l1d
16 59 7 l1d
17 2 7 l1d
17 3 7 l1d
17 6 7 l1d
17 7 7 l1d
17 18 7 l1d
17 19 0 l1d
17 19 7 l1d
17 20 0 l1d
17 22 7 l1d
17 23 0 l1d
17 23 7 l1d
17 24 0 l1d
17 26 7 l1d
17 27 7 l1d
17 30 7 l1d
17 31 7 l1d
17 34 7 l1d
17 35 0 l1d
17 35 1 l1d
17 35 7 l1d
17 36 0 l1d
17 36 1 l1d
17 38 7 l1d
17 39 0 l1d
17 39 7 l1d
17 40 0 l1d
17 42 7 l1d
17 43 0 l1d
17 43 7 l1d
17 44 0 l1d
17 46 7 l1d
17 47 7 l1d
17 50 7 l1d
17 51 0 l1d
17 51 7 l1d
17 52 0 l1d
17 54 7 l1d
17 55 7 l1d
17 58 7 l1d
17 59 7 l1d
17 62 7 l1d
17 63 7 l1d
18 2 7 l1d
18 3 0 l1d
18 3 7 l1d
18 4 0 l1d
18 7 0 l1d
18 8 0 l1d
18 10 7 l1d
18 11 7 l1d
18 14 7 l1d
18 15 7 l1d
18 18 7 l1d
18 19 7 l1d
18 22 7 l1d
18 23 7 l1d
18 26 7 l1d
18 27 7 l1d
18 30 7 l1d
18 31 7 l1d
18 42 7 l1d
18 43 7 l1d
18 46 7 l1d
18 47 7 l1d
18 50 7 l1d
18 51 7 l1d
18 54 7 l1d
18 55 0 l1d
18 55 7 l1d
18 56 0 l1d
18 58 7 l1d
18 59 7 l1d
18 62 7 l1d
18 63 0 l1d
18 63 7 l1d
19 0 0 l1d
19 14 7 l1d
19 15 0 l1d
19 15 7 l1d
19 16 0 l1d
19 18 7 l1d
19 19 0 l1d
19 19 7 l1d
19 20 0 l1d
19 22 7 l1d
19 23 0 l1d
19 23 7 l1d
19 24 0 l1d
19 26 7 l1d
19 27 7 l1d
19 30 7 l1d
19 31 7 l1d
19 34 7 l1d
19 35 0 l1d
19 35 1 l1d
19 35 2 l1d
19 35 7 l1d
19 36 0 l1d
19 36 1 l1d
19 36 2 l1d
19 39 0 l1d
19 40 0 l1d
19 42 7 l1d
19 43 0 l1d
19 43 2 l1d
19 43 7 l1d
19 44 0 l1d
19 44 2 l1d
19 46 7 l1d
19 47 0 l1d
19 47 1 l1d
19 47 2 l1d
19 47 7 l1d
19 48 0 l1d
19 48 1 l1d
19 48 2 l1d
20 2 7 l1d
20 3 7 l1d
20 7 0 l1d
20 8 0 l1d
20 10 7 l1d
20 11 7 l1d
20 14 7 l1d
20 15 7 l1d
20 18 7 l1d
20 19 0 l1d
20 19 7 l1d
20 20 0 l1d
20 23 0 l1d
20 24 0 l1d
20 26 7 l1d
20 27 7 l1d
20 30 7 l1d
20 31 7 l1d
20 34 7 l1d
20 35 7 l1d
20 38 7 l1d
20 39 0 l1d
20 39 7 l1d
20 40 0 l1d
20 43 0 l1d
20 44 0 l1d
20 50 7 l1d
20 51 7 l1d
20 54 7 l1d
20 55 0 l1d
20 55 2 l1d
20 55 7 l1d
20 56 0 l1d
20 56 2 l1d
20 58 7 l1d
20 59 0 l1d
20 59 7 l1d
20 60 0 l1d
20 62 7 l1d
20 63 0 l1d
20 63 7 l1d
21 0 0 l1d
21 2 7 l1d
21 3 0 l1d
21 3 7 l1d
21 4 0 l1d
21 6 7 l1d
21 7 7 l1d
21 10 7 l1d
21 11 7 l1d
21 14 7 l1d
21 15 7 l1d
21 18 7 l1d
21 19 7 l1d
21 22 7 l1d
21 23 7 l1d
21 34 7 l1d
21 35 0 l1d
21 35 7 l1d
21 36 0 l1d
21 38 7 l1d
21 39 0 l1d
21 39 7 l1d
21 40 0 l1d
21 42 7 l1d
21 43 7 l1d
21 46 7 l1d
21 47 7 l1d
21 58 7 l1d
21 59 7 l1d
21 62 7 l1d
21 63 0 l1d
21 63 7 l1d
22 0 0 l1d
22 2 7 l1d
22 3 0 l1d
22 3 7 l1d
22 4 0 l1d
22 6 7 l1d
22 7 0 l1d
22 7 7 l1d
22 8 0 l1d
22 10 7 l1d
22 11 0 l1d
22 11 7 l1d
22 12 0 l1d
22 14 7 l1d
22 15 0 l1d
22 15 7 l1d
22 16 0 l1d
22 18 7 l1d
22 19 0 l1d
22 19 7 l1d
22 20 0 l1d
22 22 7 l1d
22 23 0 l1d
22 23 7 l1d
22 24 0 l1d
22 26 7 l1d
22 27 1 l1d
22 27 7 l1d
22 28 1 l1d
22 30 7 l1d
22 31 7 l1d
22 34 7 l1d
22 35 0 l1d
22 35 7 l1d
22 36 0 l1d
22 38 7 l1d
22 39 0 l1d
22 39 7 l1d
22 40 0 l1d
22 42 7 l1d
22 43 0 l1d
22 43 7 l1d
22 44 0 l1d
22 46 7 l1d
22 47 0 l1d
22 47 1 l1d
22 47 7 l1d
22 48 0 l1d
22 48 1 l1d
22 50 7 l1d
22 51 0 l1d
22 51 7 l1d
22 52 0 l1d
22 54 7 l1d
22 55 0 l1d
22 55 7 l1d
22 56 0 l1d
22 58 7 l1d
22 59 0 l1d
22 59 2 l1d
22 59 7 l1d
22 60 0 l1d
22 60 2 l1d
22 62 7 l1d
22 63 7 l1d
23 2 7 l1d
23 3 0 l1d
23 3 7 l1d
23 4 0 l1d
23 6 7 l1d
23 7 0 l1d
23 7 7 l1d
23 8 0 l1d
23 10 7 l1d
23 11 7 l1d
23 14 7 l1d
23 15 7 l1d
23 18 7 l1d
23 19 7 l1d
23 23 0 l1d
23 24 0 l1d
23 34 7 l1d
23 35 7 l1d
23 46 7 l1d
23 47 7 l1d
23 50 7 l1d
23 51 7 l1d
23 58 7 l1d
23 59 7 l1d
23 62 7 l1d
23 63 0 l1d
23 63 7 l1d
24 0 0 l1d
24 2 7 l1d
24 3 0 l1d
24 3 7 l1d
24 4 0 l1d
24 6 7 l1d
24 7 7 l1d
24 10 7 l1d
24 11 0 l1d
24 11 7 l1d
24 12 0 l1d
24 14 7 l1d
24 15 7 l1d
24 18 7 l1d
24 19 0 l1d
24 19 2 l1d
24 19 7 l1d
24 20 0 l1d
24 20 2 l1d
24 22 7 l1d
24 23 0 l1d
24 23 7 l1d
24 24 0 l1d
24 26 7 l1d
24 27 2 l1d
24 27 7 l1d
24 28 2 l1d
24 30 7 l1d
24 31 1 l1d
24 31 7 l1d
24 32 1 l1d
24 34 7 l1d
24 35 0 l1d
24 35 1 l1d
24 35 2 l1d
24 35 7 l1d
24 36 0 l1d
24 36 1 l1d
24 36 2 l1d
24 38 7 l1d
24 39 0 l1d
24 39 1 l1d
24 39 7 l1d
24 40 0 l1d
24 40 1 l1d
24 42 7 l1d
24 43 0 l1d
24 43 1 l1d
24 43 7 l1d
24 44 0 l1d
24 44 1 l1d
24 46 7 l1d
24 47 0 l1d
24 47 1 l1d
24 47 2 l1d
24 47 7 l1d
24 48 0 l1d
24 48 1 l1d
24 48 2 l1d
24 50 7 l1d
24 51 7 l1d
24 54 7 l1d
24 55 7 l1d
24 58 7 l1d
24 59 7 l1d
24 62 7 l1d
24 63 7 l1d
25 2 7 l1d
25 3 7 l1d
25 10 7 l1d
25 11 7 l1d
25 18 7 l1d
25 19 0 l1d
25 19 1 l1d
25 19 7 l1d
25 20 0 l1d
25 20 1 l1d
25 22 7 l1d
25 23 7 l1d
25 26 7 l1d
25 27 0 l1d
25 27 7 l1d
25 28 0 l1d
25 30 7 l1d
25 31 0 l1d
25 31 1 l1d
25 31 7 l1d
25 32 0 l1d
25 32 1 l1d
25 34 7 l1d
25 35 0 l1d
25 35 7 l1d
25 36 0 l1d
25 38 7 l1d
25 39 7 l1d
25 46 7 l1d
25 47 7 l1d
25 50 7 l1d
25 51 7 l1d
25 62 7 l1d
25 63 7 l1d
26 2 7 l1d
26 3 0 l1d
26 3 7 l1d
26 4 0 l1d
26 6 7 l1d
26 7 2 l1d
26 7 7 l1d
26 8 2 l1d
26 10 7 l1d
26 11 0 l1d
26 11 7 l1d
26 12 0 l1d
26 14 7 l1d
26 15 7 l1d
26 18 7 l1d
26 19 0 l1d
26 19 7 l1d
26 20 0 l1d
26 26 7 l1d
26 27 7 l1d
26 31 0 l1d
26 32 0 l1d
26 34 7 l1d
26 35 0 l1d
26 35 7 l1d
26 36 0 l1d
26 38 7 l1d
26 39 7 l1d
26 42 7 l1d
26 43 7 l1d
26 50 7 l1d
26 51 0 l1d
26 51 1 l1d
26 51 7 l1d
26 52 0 l1d
26 52 1 l1d
26 55 0 l1d
26 56 0 l1d
26 58 7 l1d
26 59 7 l1d
26 62 7 l1d
26 63 0 l1d
26 63 7 l1d
27 0 0 l1d
27 2 7 l1d
27 3 0 l1d
27 3 7 l1d
27 4 0 l1d
27 6 7 l1d
27 7 0 l1d
27 7 7 l1d
27 8 0 l1d
27 10 7 l1d
27 11 7 l1d
27 14 7 l1d
27 15 7 l1d
27 18 7 l1d
27 19 7 l1d
27 22 7 l1d
27 23 7 l1d
27 26 7 l1d
27 27 7 l1d
27 30 7 l1d
27 31 7 l1d
27 34 7 l1d
27 35 0 l1d
27 35 7 l1d
27 36 0 l1d
27 38 7 l1d
27 39 7 l1d
27 42 7 l1d
27 43 7 l1d
27 46 7 l1d
27 47 7 l1d
27 50 7 l1d
27 51 7 l1d
27 62 7 l1d
27 63 7 l1d
28 2 7 l1d
28 3 7 l1d
28 18 7 l1d
28 19 0 l1d
28 19 7 l1d
28 20 0 l1d
28 22 7 l1d
28 23 7 l1d
28 26 7 l1d
28 27 7 l1d
28 58 7 l1d
28 59 7 l1d
28 62 7 l1d
28 63 7 l1d
29 14 7 l1d
29 15 7 l1d
29 18 7 l1d
29 19 7 l1d
29 22 7 l1d
29 23 1 l1d
29 23 7 l1d
29 24 1 l1d
29 26 7 l1d
29 27 7 l1d
29 30 7 l1d
29 31 7 l1d
29 34 7 l1d
29 35 7 l1d
29 42 7 l1d
29 43 7 l1d
29 46 7 l1d
29 47 7 l1d
29 50 7 l1d
29 51 0 l1d
29 51 7 l1d
29 52 0 l1d
29 54 7 l1d
29 55 7 l1d
29 58 7 l1d
29 59 7 l1d
29 62 7 l1d
29 63 7 l1d
30 2 7 l1d
30 3 7 l1d
30 6 7 l1d
30 7 7 l1d
30 18 7 l1d
30 19 0 l1d
30 19 7 l1d
30 20 0 l1d
30 22 7 l1d
30 23 0 l1d
30 23 7 l1d
30 24 0 l1d
30 27 0 l1d
30 28 0 l1d
30 31 1 l1d
30 32 1 l1d
30 34 7 l1d
30 35 0 l1d
30 35 7 l1d
30 36 0 l1d
30 38 7 l1d
30 39 7 l1d
30 42 7 l1d
30 43 2 l1d
30 43 7 l1d
30 44 2 l1d
30 46 7 l1d
30 47 7 l1d
30 50 7 l1d
30 51 7 l1d
30 54 7 l1d
30 55 0 l1d
30 55 7 l1d
30 56 0 l1d
30 62 7 l1d
30 63 0 l1d
30 63 7 l1d
31 0 0 l1d
31 2 7 l1d
31 3 0 l1d
31 3 7 l1d
31 4 0 l1d
31 6 7 l1d
31 7 7 l1d
31 18 7 l1d
31 19 0 l1d
31 19 7 l1d
31 20 0 l1d
31 22 7 l1d
31 23 0 l1d
31 23 7 l1d
31 24 0 l1d
31 26 7 l1d
31 27 7 l1d
31 30 7 l1d
31 31 7 l1d
31 35 0 l1d
31 36 0 l1d
31 42 7 l1d
31 43 7 l1d
31 46 7 l1d
31 47 7 l1d
31 50 7 l1d
31 51 7 l1d
31 54 7 l1d
31 55 7 l1d
