0 3 10 6 l1d
0 3 11 6 l1d
0 9 34 5 l1d
0 9 35 5 l1d
0 13 3 0 l1d
0 13 4 0 l1d
0 13 6 6 l1d
0 13 7 6 l1d
0 13 14 6 l1d
0 13 15 6 l1d
0 16 3 0 l1d
0 16 4 0 l1d
0 16 26 7 l1d
0 16 27 0 l1d
0 16 27 7 l1d
0 16 28 0 l1d
0 16 30 5 l1d
0 16 30 7 l1d
0 16 31 5 l1d
0 16 31 7 l1d
0 16 34 6 l1d
0 16 34 7 l1d
0 16 35 6 l1d
0 16 35 7 l1d
0 17 2 5 l1d
0 17 2 6 l1d
0 17 2 7 l1d
0 17 3 0 l1d
0 17 3 2 l1d
0 17 3 5 l1d
0 17 3 6 l1d
0 17 3 7 l1d
0 17 4 0 l1d
0 17 4 2 l1d
0 17 6 5 l1d
0 17 6 6 l1d
0 17 6 7 l1d
0 17 7 0 l1d
0 17 7 2 l1d
0 17 7 5 l1d
0 17 7 6 l1d
0 17 7 7 l1d
0 17 8 0 l1d
0 17 8 2 l1d
0 17 10 5 l1d
0 17 10 6 l1d
0 17 10 7 l1d
0 17 11 0 l1d
0 17 11 5 l1d
0 17 11 6 l1d
0 17 11 7 l1d
0 17 12 0 l1d
0 17 14 5 l1d
0 17 14 6 l1d
0 17 15 0 l1d
0 17 15 5 l1d
0 17 15 6 l1d
0 17 16 0 l1d
0 17 18 6 l1d
0 17 18 7 l1d
0 17 19 0 l1d
0 17 19 6 l1d
0 17 19 7 l1d
0 17 20 0 l1d
0 17 22 5 l1d
0 17 22 7 l1d
0 17 23 0 l1d
0 17 23 5 l1d
0 17 23 7 l1d
0 17 24 0 l1d
0 17 27 0 l1d
0 17 28 0 l1d
0 17 30 7 l1d
0 17 31 7 l1d
0 17 34 5 l1d
0 17 34 6 l1d
0 17 34 7 l1d
0 17 35 5 l1d
0 17 35 6 l1d
0 17 35 7 l1d
0 17 42 7 l1d
0 17 43 7 l1d
0 18 18 7 l1d
0 18 19 7 l1d
0 18 26 6 l1d
0 18 27 6 l1d
0 18 30 6 l1d
0 18 31 6 l1d
0 18 34 5 l1d
0 18 34 6 l1d
0 18 34 7 l1d
0 18 35 5 l1d
0 18 35 6 l1d
0 18 35 7 l1d
0 18 38 6 l1d
0 18 38 7 l1d
0 18 39 6 l1d
0 18 39 7 l1d
0 18 42 6 l1d
0 18 42 7 l1d
0 18 43 6 l1d
0 18 43 7 l1d
0 18 46 6 l1d
0 18 47 6 l1d
0 18 51 0 l1d
0 18 52 0 l1d
0 18 54 6 l1d
0 18 54 7 l1d
0 18 55 6 l1d
0 18 55 7 l1d
0 19 2 5 l1d
0 19 2 6 l1d
0 19 2 7 l1d
0 19 3 5 l1d
0 19 3 6 l1d
0 19 3 7 l1d
0 19 6 5 l1d
0 19 6 6 l1d
0 19 6 7 l1d
0 19 7 5 l1d
0 19 7 6 l1d
0 19 7 7 l1d
0 19 10 6 l1d
0 19 10 7 l1d
0 19 11 0 l1d
0 19 11 6 l1d
0 19 11 7 l1d
0 19 12 0 l1d
0 19 18 6 l1d
0 19 19 6 l1d
0 19 22 7 l1d
0 19 23 7 l1d
0 19 26 6 l1d
0 19 26 7 l1d
0 19 27 6 l1d
0 19 27 7 l1d
0 19 35 0 l1d
0 19 36 0 l1d
0 19 46 7 l1d
0 19 47 7 l1d
0 19 50 7 l1d
0 19 51 7 l1d
0 19 54 7 l1d
0 19 55 7 l1d
0 19 62 6 l1d
0 19 63 6 l1d
0 20 2 6 l1d
0 20 3 6 l1d
0 20 10 5 l1d
0 20 11 5 l1d
0 20 22 5 l1d
0 20 23 5 l1d
0 20 34 6 l1d
0 20 35 0 l1d
0 20 35 6 l1d
0 20 36 0 l1d
0 20 55 0 l1d
0 20 56 0 l1d
0 21 2 5 l1d
0 21 2 6 l1d
0 21 2 7 l1d
0 21 3 5 l1d
0 21 3 6 l1d
0 21 3 7 l1d
0 21 6 5 l1d
0 21 6 6 l1d
0 21 6 7 l1d
0 21 7 0 l1d
0 21 7 5 l1d
0 21 7 6 l1d
0 21 7 7 l1d
0 21 8 0 l1d
0 21 10 5 l1d
0 21 10 6 l1d
0 21 11 0 l1d
0 21 11 5 l1d
0 21 11 6 l1d
0 21 12 0 l1d
0 21 14 5 l1d
0 21 14 6 l1d
0 21 14 7 l1d
0 21 15 5 l1d
0 21 15 6 l1d
0 21 15 7 l1d
0 21 19 2 l1d
0 21 20 2 l1d
0 21 22 5 l1d
0 21 22 7 l1d
0 21 23 0 l1d
0 21 23 5 l1d
0 21 23 7 l1d
0 21 24 0 l1d
0 21 26 7 l1d
0 21 27 0 l1d
0 21 27 2 l1d
0 21 27 7 l1d
0 21 28 0 l1d
0 21 28 2 l1d
0 21 30 7 l1d
0 21 31 0 l1d
0 21 31 7 l1d
0 21 32 0 l1d
0 21 34 6 l1d
0 21 34 7 l1d
0 21 35 0 l1d
0 21 35 6 l1d
0 21 35 7 l1d
0 21 36 0 l1d
0 21 38 6 l1d
0 21 38 7 l1d
0 21 39 0 l1d
0 21 39 6 l1d
0 21 39 7 l1d
0 21 40 0 l1d
0 21 42 6 l1d
0 21 43 0 l1d
0 21 43 6 l1d
0 21 44 0 l1d
0 21 46 6 l1d
0 21 46 7 l1d
0 21 47 6 l1d
0 21 47 7 l1d
0 21 54 5 l1d
0 21 54 7 l1d
0 21 55 0 l1d
0 21 55 5 l1d
0 21 55 7 l1d
0 21 56 0 l1d
0 21 58 7 l1d
0 21 59 7 l1d
0 21 62 6 l1d
0 21 63 6 l1d
0 22 2 6 l1d
0 22 2 7 l1d
0 22 3 6 l1d
0 22 3 7 l1d
0 22 6 7 l1d
0 22 7 7 l1d
0 22 10 6 l1d
0 22 11 6 l1d
0 22 18 5 l1d
0 22 18 6 l1d
0 22 19 0 l1d
0 22 19 5 l1d
0 22 19 6 l1d
0 22 20 0 l1d
0 22 35 0 l1d
0 22 36 0 l1d
0 22 39 0 l1d
0 22 40 0 l1d
0 23 2 5 l1d
0 23 2 7 l1d
0 23 3 5 l1d
0 23 3 7 l1d
0 23 6 5 l1d
0 23 6 6 l1d
0 23 6 7 l1d
0 23 7 5 l1d
0 23 7 6 l1d
0 23 7 7 l1d
0 23 10 5 l1d
0 23 10 6 l1d
0 23 10 7 l1d
0 23 11 5 l1d
0 23 11 6 l1d
0 23 11 7 l1d
0 23 14 5 l1d
0 23 14 6 l1d
0 23 14 7 l1d
0 23 15 5 l1d
0 23 15 6 l1d
0 23 15 7 l1d
0 23 26 6 l1d
0 23 27 6 l1d
0 23 35 0 l1d
0 23 36 0 l1d
0 24 2 6 l1d
0 24 3 0 l1d
0 24 3 6 l1d
0 24 4 0 l1d
0 24 6 5 l1d
0 24 6 6 l1d
0 24 6 7 l1d
0 24 7 0 l1d
0 24 7 5 l1d
0 24 7 6 l1d
0 24 7 7 l1d
0 24 8 0 l1d
0 24 10 6 l1d
0 24 10 7 l1d
0 24 11 0 l1d
0 24 11 6 l1d
0 24 11 7 l1d
0 24 12 0 l1d
0 24 14 5 l1d
0 24 14 6 l1d
0 24 14 7 l1d
0 24 15 0 l1d
0 24 15 5 l1d
0 24 15 6 l1d
0 24 15 7 l1d
0 24 16 0 l1d
0 24 18 5 l1d
0 24 18 6 l1d
0 24 19 0 l1d
0 24 19 5 l1d
0 24 19 6 l1d
0 24 20 0 l1d
0 24 22 5 l1d
0 24 22 6 l1d
0 24 23 5 l1d
0 24 23 6 l1d
0 24 26 5 l1d
0 24 26 6 l1d
0 24 26 7 l1d
0 24 27 5 l1d
0 24 27 6 l1d
0 24 27 7 l1d
0 24 30 5 l1d
0 24 30 6 l1d
0 24 30 7 l1d
0 24 31 5 l1d
0 24 31 6 l1d
0 24 31 7 l1d
0 24 34 5 l1d
0 24 34 6 l1d
0 24 34 7 l1d
0 24 35 0 l1d
0 24 35 5 l1d
0 24 35 6 l1d
0 24 35 7 l1d
0 24 36 0 l1d
0 24 38 6 l1d
0 24 38 7 l1d
0 24 39 6 l1d
0 24 39 7 l1d
0 24 42 6 l1d
0 24 43 6 l1d
0 24 46 6 l1d
0 24 46 7 l1d
0 24 47 6 l1d
0 24 47 7 l1d
0 24 50 5 l1d
0 24 50 7 l1d
0 24 51 5 l1d
0 24 51 7 l1d
0 24 54 7 l1d
0 24 55 7 l1d
0 24 58 6 l1d
0 24 59 0 l1d
0 24 59 6 l1d
0 24 60 0 l1d
0 24 62 5 l1d
0 24 62 6 l1d
0 24 62 7 l1d
0 24 63 5 l1d
0 24 63 6 l1d
0 24 63 7 l1d
0 25 2 5 l1d
0 25 2 7 l1d
0 25 3 5 l1d
0 25 3 7 l1d
0 25 6 6 l1d
0 25 6 7 l1d
0 25 7 6 l1d
0 25 7 7 l1d
0 25 10 5 l1d
0 25 10 6 l1d
0 25 10 7 l1d
0 25 11 5 l1d
0 25 11 6 l1d
0 25 11 7 l1d
0 25 14 6 l1d
0 25 15 6 l1d
0 25 18 6 l1d
0 25 18 7 l1d
0 25 19 6 l1d
0 25 19 7 l1d
0 25 22 5 l1d
0 25 22 6 l1d
0 25 23 5 l1d
0 25 23 6 l1d
0 25 26 6 l1d
0 25 27 0 l1d
0 25 27 2 l1d
0 25 27 6 l1d
0 25 28 0 l1d
0 25 28 2 l1d
0 25 30 5 l1d
0 25 30 6 l1d
0 25 31 0 l1d
0 25 31 2 l1d
0 25 31 5 l1d
0 25 31 6 l1d
0 25 32 0 l1d
0 25 32 2 l1d
0 25 34 5 l1d
0 25 34 6 l1d
0 25 35 0 l1d
0 25 35 5 l1d
0 25 35 6 l1d
0 25 36 0 l1d
0 25 38 5 l1d
0 25 38 6 l1d
0 25 38 7 l1d
0 25 39 0 l1d
0 25 39 5 l1d
0 25 39 6 l1d
0 25 39 7 l1d
0 25 40 0 l1d
0 25 42 6 l1d
0 25 43 0 l1d
0 25 43 6 l1d
0 25 44 0 l1d
0 25 46 6 l1d
0 25 47 0 l1d
0 25 47 6 l1d
0 25 48 0 l1d
0 25 50 6 l1d
0 25 51 6 l1d
0 26 3 0 l1d
0 26 4 0 l1d
0 26 23 0 l1d
0 26 24 0 l1d
0 26 51 0 l1d
0 26 52 0 l1d
0 27 2 5 l1d
0 27 2 6 l1d
0 27 2 7 l1d
0 27 3 0 l1d
0 27 3 5 l1d
0 27 3 6 l1d
0 27 3 7 l1d
0 27 4 0 l1d
0 27 6 5 l1d
0 27 6 6 l1d
0 27 6 7 l1d
0 27 7 0 l1d
0 27 7 5 l1d
0 27 7 6 l1d
0 27 7 7 l1d
0 27 8 0 l1d
0 27 10 5 l1d
0 27 10 6 l1d
0 27 10 7 l1d
0 27 11 0 l1d
0 27 11 5 l1d
0 27 11 6 l1d
0 27 11 7 l1d
0 27 12 0 l1d
0 27 14 5 l1d
0 27 14 6 l1d
0 27 14 7 l1d
0 27 15 0 l1d
0 27 15 5 l1d
0 27 15 6 l1d
0 27 15 7 l1d
0 27 16 0 l1d
0 27 18 5 l1d
0 27 18 6 l1d
0 27 19 5 l1d
0 27 19 6 l1d
0 27 22 5 l1d
0 27 22 6 l1d
0 27 23 5 l1d
0 27 23 6 l1d
0 27 26 6 l1d
0 27 26 7 l1d
0 27 27 6 l1d
0 27 27 7 l1d
0 27 30 6 l1d
0 27 31 6 l1d
0 27 34 6 l1d
0 27 35 0 l1d
0 27 35 6 l1d
0 27 36 0 l1d
0 28 2 6 l1d
0 28 3 0 l1d
0 28 3 6 l1d
0 28 4 0 l1d
0 28 10 7 l1d
0 28 11 7 l1d
0 28 15 0 l1d
0 28 16 0 l1d
0 28 18 5 l1d
0 28 18 6 l1d
0 28 19 0 l1d
0 28 19 5 l1d
0 28 19 6 l1d
0 28 20 0 l1d
0 28 22 5 l1d
0 28 22 7 l1d
0 28 23 0 l1d
0 28 23 2 l1d
0 28 23 5 l1d
0 28 23 7 l1d
0 28 24 0 l1d
0 28 24 2 l1d
0 28 27 0 l1d
0 28 28 0 l1d
0 28 30 6 l1d
0 28 31 0 l1d
0 28 31 6 l1d
0 28 32 0 l1d
0 28 38 6 l1d
0 28 39 6 l1d
0 29 2 5 l1d
0 29 2 6 l1d
0 29 2 7 l1d
0 29 3 0 l1d
0 29 3 5 l1d
0 29 3 6 l1d
0 29 3 7 l1d
0 29 4 0 l1d
0 29 6 6 l1d
0 29 6 7 l1d
0 29 7 0 l1d
0 29 7 6 l1d
0 29 7 7 l1d
0 29 8 0 l1d
0 29 10 6 l1d
0 29 10 7 l1d
0 29 11 0 l1d
0 29 11 6 l1d
0 29 11 7 l1d
0 29 12 0 l1d
0 29 14 5 l1d
0 29 14 6 l1d
0 29 14 7 l1d
0 29 15 5 l1d
0 29 15 6 l1d
0 29 15 7 l1d
0 29 18 5 l1d
0 29 18 6 l1d
0 29 18 7 l1d
0 29 19 0 l1d
0 29 19 5 l1d
0 29 19 6 l1d
0 29 19 7 l1d
0 29 20 0 l1d
0 29 22 7 l1d
0 29 23 0 l1d
0 29 23 7 l1d
0 29 24 0 l1d
0 29 26 7 l1d
0 29 27 0 l1d
0 29 27 7 l1d
0 29 28 0 l1d
0 29 30 6 l1d
0 29 30 7 l1d
0 29 31 6 l1d
0 29 31 7 l1d
0 29 42 6 l1d
0 29 43 6 l1d
0 29 50 6 l1d
0 29 50 7 l1d
0 29 51 6 l1d
0 29 51 7 l1d
0 29 54 7 l1d
0 29 55 0 l1d
0 29 55 7 l1d
0 29 56 0 l1d
0 29 59 0 l1d
0 29 60 0 l1d
0 30 2 6 l1d
0 30 3 0 l1d
0 30 3 6 l1d
0 30 4 0 l1d
0 30 10 6 l1d
0 30 11 6 l1d
0 30 34 7 l1d
0 30 35 7 l1d
0 30 38 6 l1d
0 30 38 7 l1d
0 30 39 6 l1d
0 30 39 7 l1d
0 30 46 7 l1d
0 30 47 0 l1d
0 30 47 7 l1d
0 30 48 0 l1d
0 30 50 5 l1d
0 30 51 5 l1d
0 31 2 6 l1d
0 31 3 6 l1d
0 31 11 0 l1d
0 31 12 0 l1d
0 31 19 0 l1d
0 31 20 0 l1d
0 31 26 6 l1d
0 31 27 6 l1d
0 31 30 6 l1d
0 31 31 6 l1d
0 31 34 7 l1d
0 31 35 0 l1d
0 31 35 7 l1d
0 31 36 0 l1d
0 31 42 6 l1d
0 31 43 0 l1d
0 31 43 6 l1d
0 31 44 0 l1d
