1 28 5 l1d
1 29 5 l1d
2 16 5 l1d
2 17 5 l1d
3 28 5 l1d
3 29 5 l1d
4 33 1 l1d
4 34 1 l1d
8 52 5 l1d
8 53 5 l1d
11 29 1 l1d
11 30 1 l1d
11 41 1 l1d
11 42 1 l1d
12 5 1 l1d
12 6 1 l1d
12 9 1 l1d
12 10 1 l1d
12 12 5 l1d
12 13 5 l1d
12 16 5 l1d
12 17 5 l1d
12 28 5 l1d
12 29 5 l1d
12 49 1 l1d
12 50 1 l1d
13 24 5 l1d
13 25 5 l1d
16 29 1 l1d
16 30 1 l1d
17 29 1 l1d
17 30 1 l1d
17 33 1 l1d
17 34 1 l1d
18 28 5 l1d
18 29 5 l1d
19 0 5 l1d
19 1 5 l1d
19 25 1 l1d
19 26 1 l1d
19 29 1 l1d
19 30 1 l1d
20 28 5 l1d
20 29 5 l1d
20 57 1 l1d
20 58 1 l1d
20 61 1 l1d
20 62 1 l1d
21 60 5 l1d
21 61 5 l1d
22 21 1 l1d
22 22 1 l1d
22 29 1 l1d
22 30 1 l1d
23 24 5 l1d
23 25 5 l1d
23 33 1 l1d
23 34 1 l1d
24 41 1 l1d
24 42 1 l1d
25 21 1 l1d
25 22 1 l1d
25 32 5 l1d
25 33 5 l1d
26 18 4 l1d
26 19 4 l1d
26 57 1 l1d
26 58 1 l1d
26 61 1 l1d
26 62 1 l1d
27 0 6 l1d
27 1 6 l1d
27 32 5 l1d
27 33 5 l1d
27 44 5 l1d
27 45 5 l1d
27 48 5 l1d
27 49 5 l1d
28 1 1 l1d
28 2 1 l1d
29 1 1 l1d
29 2 1 l1d
29 24 4 l1d
29 25 4 l1d
29 52 5 l1d
29 53 5 l1d
30 0 5 l1d
30 1 5 l1d
30 20 5 l1d
30 21 1 l1d
30 21 5 l1d
30 22 1 l1d
31 20 5 l1d
31 21 5 l1d
31 24 5 l1d
31 25 5 l1d
31 33 1 l1d
31 34 1 l1d
