1 24 7 l1d
1 25 7 l1d
1 28 7 l1d
1 29 7 l1d
1 32 7 l1d
1 33 7 l1d
3 32 7 l1d
3 33 7 l1d
4 52 7 l1d
4 53 7 l1d
5 48 7 l1d
5 49 7 l1d
5 60 7 l1d
5 61 7 l1d
7 32 7 l1d
7 33 7 l1d
8 0 7 l1d
8 1 7 l1d
8 24 7 l1d
8 25 7 l1d
12 0 7 l1d
12 1 7 l1d
12 56 7 l1d
12 57 7 l1d
14 52 7 l1d
14 53 7 l1d
15 20 7 l1d
15 21 7 l1d
19 12 7 l1d
19 13 7 l1d
21 56 7 l1d
21 57 7 l1d
23 8 7 l1d
23 9 7 l1d
25 28 7 l1d
25 29 7 l1d
26 48 7 l1d
26 49 7 l1d
27 60 7 l1d
27 61 7 l1d
28 16 7 l1d
28 17 7 l1d
29 0 7 l1d
29 1 7 l1d
29 8 7 l1d
29 9 7 l1d
29 16 7 l1d
29 17 7 l1d
29 52 7 l1d
29 53 7 l1d
31 4 7 l1d
31 5 7 l1d
