0 57 3 l1d
0 58 3 l1d
0 61 3 l1d
0 62 3 l1d
1 53 3 l1d
1 54 3 l1d
3 20 6 l1d
3 21 6 l1d
3 24 6 l1d
3 25 6 l1d
3 29 3 l1d
3 30 3 l1d
3 32 6 l1d
3 33 6 l1d
4 33 0 l1d
4 33 3 l1d
4 34 0 l1d
4 34 3 l1d
4 37 3 l1d
4 38 3 l1d
4 41 3 l1d
4 42 3 l1d
4 45 3 l1d
4 46 3 l1d
5 9 3 l1d
5 10 3 l1d
5 21 0 l1d
5 21 3 l1d
5 22 0 l1d
5 22 3 l1d
5 24 6 l1d
5 25 3 l1d
5 25 6 l1d
5 26 3 l1d
5 33 0 l1d
5 33 3 l1d
5 34 0 l1d
5 34 3 l1d
8 32 6 l1d
8 33 6 l1d
8 37 3 l1d
8 38 3 l1d
8 53 3 l1d
8 54 3 l1d
9 1 3 l1d
9 2 3 l1d
9 13 3 l1d
9 14 3 l1d
9 21 3 l1d
9 22 3 l1d
9 25 3 l1d
9 26 3 l1d
9 32 6 l1d
9 33 6 l1d
12 53 0 l1d
12 54 0 l1d
13 21 3 l1d
13 22 3 l1d
14 20 6 l1d
14 21 6 l1d
15 20 6 l1d
15 21 0 l1d
15 21 3 l1d
15 21 6 l1d
15 22 0 l1d
15 22 3 l1d
15 25 0 l1d
15 25 3 l1d
15 26 0 l1d
15 26 3 l1d
15 28 6 l1d
15 29 0 l1d
15 29 3 l1d
15 29 6 l1d
15 30 0 l1d
15 30 3 l1d
15 32 6 l1d
15 33 0 l1d
15 33 3 l1d
15 33 6 l1d
15 34 0 l1d
15 34 3 l1d
17 9 3 l1d
17 10 3 l1d
18 57 3 l1d
18 58 3 l1d
19 8 6 l1d
19 9 6 l1d
19 21 3 l1d
19 22 3 l1d
19 25 3 l1d
19 26 3 l1d
19 33 3 l1d
19 34 3 l1d
20 21 3 l1d
20 22 3 l1d
20 25 3 l1d
20 26 3 l1d
20 29 0 l1d
20 29 3 l1d
20 30 0 l1d
20 30 3 l1d
20 32 6 l1d
20 33 3 l1d
20 33 6 l1d
20 34 3 l1d
20 37 3 l1d
20 38 3 l1d
20 57 3 l1d
20 58 3 l1d
21 9 3 l1d
21 10 3 l1d
21 16 6 l1d
21 17 6 l1d
21 29 3 l1d
21 30 3 l1d
22 5 3 l1d
22 6 3 l1d
23 18 7 l1d
23 19 7 l1d
23 25 3 l1d
23 26 3 l1d
23 29 3 l1d
23 30 3 l1d
25 5 3 l1d
25 6 3 l1d
25 33 3 l1d
25 34 3 l1d
26 20 6 l1d
26 21 6 l1d
26 25 3 l1d
26 26 3 l1d
27 29 3 l1d
27 30 3 l1d
29 20 6 l1d
29 21 6 l1d
29 25 3 l1d
29 26 3 l1d
29 57 0 l1d
29 58 0 l1d
31 21 3 l1d
31 22 3 l1d
31 25 3 l1d
31 26 3 l1d
31 29 3 l1d
31 30 3 l1d
31 41 3 l1d
31 42 3 l1d
