0 3 5 1 l1d
0 3 6 1 l1d
0 3 29 1 l1d
0 3 30 1 l1d
0 4 5 1 l1d
0 4 6 1 l1d
0 5 13 1 l1d
0 5 14 1 l1d
0 15 5 1 l1d
0 15 6 1 l1d
0 16 29 3 l1d
0 16 30 3 l1d
0 18 21 1 l1d
0 18 22 1 l1d
0 18 29 1 l1d
0 18 30 1 l1d
0 18 33 1 l1d
0 18 34 1 l1d
0 19 9 1 l1d
0 19 10 1 l1d
0 19 53 1 l1d
0 19 54 1 l1d
0 20 13 3 l1d
0 20 14 3 l1d
0 21 17 1 l1d
0 21 18 1 l1d
0 21 21 1 l1d
0 21 22 1 l1d
0 21 29 1 l1d
0 21 29 3 l1d
0 21 30 1 l1d
0 21 30 3 l1d
0 22 1 1 l1d
0 22 2 1 l1d
0 24 21 1 l1d
0 24 22 1 l1d
0 25 25 1 l1d
0 25 26 1 l1d
0 25 29 1 l1d
0 25 30 1 l1d
0 26 13 1 l1d
0 26 14 1 l1d
0 26 33 1 l1d
0 26 34 1 l1d
0 26 37 1 l1d
0 26 38 1 l1d
0 27 29 1 l1d
0 27 30 1 l1d
0 27 41 3 l1d
0 27 42 3 l1d
0 27 52 7 l1d
0 27 53 7 l1d
0 29 33 1 l1d
0 29 34 1 l1d
0 30 21 1 l1d
0 30 22 1 l1d
0 30 33 1 l1d
0 30 34 1 l1d
0 31 5 1 l1d
0 31 6 1 l1d
