0 10 62 7 l1d
0 10 63 7 l1d
0 16 18 7 l1d
0 16 19 7 l1d
0 16 30 7 l1d
0 16 31 7 l1d
0 18 22 7 l1d
0 18 23 7 l1d
0 18 42 7 l1d
0 18 43 7 l1d
0 19 18 7 l1d
0 19 19 7 l1d
0 19 38 7 l1d
0 19 39 7 l1d
0 20 18 5 l1d
0 20 18 7 l1d
0 20 19 5 l1d
0 20 19 7 l1d
0 20 22 7 l1d
0 20 23 7 l1d
0 20 30 7 l1d
0 20 31 7 l1d
0 24 22 7 l1d
0 24 23 7 l1d
0 25 18 7 l1d
0 25 19 7 l1d
0 25 38 7 l1d
0 25 39 7 l1d
0 25 46 7 l1d
0 25 47 7 l1d
0 27 54 7 l1d
0 27 55 7 l1d
0 29 2 7 l1d
0 29 3 7 l1d
0 29 22 7 l1d
0 29 23 7 l1d
