16 35 2 l1d
16 36 2 l1d
16 63 2 l1d
17 0 2 l1d
17 19 2 l1d
17 20 2 l1d
18 15 2 l1d
18 16 2 l1d
18 63 2 l1d
19 0 2 l1d
19 19 2 l1d
19 20 2 l1d
19 23 2 l1d
19 24 2 l1d
19 27 2 l1d
19 28 2 l1d
19 31 2 l1d
19 32 2 l1d
20 35 2 l1d
20 36 2 l1d
20 51 2 l1d
20 52 2 l1d
21 19 2 l1d
21 20 2 l1d
21 23 2 l1d
21 24 2 l1d
21 27 2 l1d
21 28 2 l1d
21 35 2 l1d
21 36 2 l1d
22 19 2 l1d
22 20 2 l1d
22 31 2 l1d
22 32 2 l1d
22 35 2 l1d
22 36 2 l1d
23 23 2 l1d
23 24 2 l1d
23 31 2 l1d
23 32 2 l1d
24 27 2 l1d
24 28 2 l1d
24 55 2 l1d
24 56 2 l1d
25 35 2 l1d
25 36 2 l1d
26 35 2 l1d
26 36 2 l1d
26 43 2 l1d
26 44 2 l1d
26 47 2 l1d
26 48 2 l1d
26 51 2 l1d
26 52 2 l1d
27 19 2 l1d
27 20 2 l1d
27 31 2 l1d
27 32 2 l1d
28 19 2 l1d
28 20 2 l1d
28 23 2 l1d
28 24 2 l1d
28 27 2 l1d
28 28 2 l1d
28 31 2 l1d
28 32 2 l1d
28 35 2 l1d
28 36 2 l1d
28 39 2 l1d
28 40 2 l1d
28 43 2 l1d
28 44 2 l1d
28 47 2 l1d
28 48 2 l1d
29 19 2 l1d
29 20 2 l1d
29 31 2 l1d
29 32 2 l1d
30 7 2 l1d
30 8 2 l1d
30 19 2 l1d
30 20 2 l1d
30 23 2 l1d
30 24 2 l1d
31 19 2 l1d
31 20 2 l1d
31 23 2 l1d
31 24 2 l1d
