0 46 5 l1d
0 47 5 l1d
1 35 2 l1d
1 36 2 l1d
2 34 5 l1d
2 35 5 l1d
4 3 1 l1d
4 3 2 l1d
4 4 1 l1d
4 4 2 l1d
5 3 1 l1d
5 4 1 l1d
6 18 5 l1d
6 19 5 l1d
10 18 5 l1d
10 19 5 l1d
11 15 2 l1d
11 16 2 l1d
13 46 5 l1d
13 47 5 l1d
14 10 5 l1d
14 11 5 l1d
14 38 5 l1d
14 39 5 l1d
16 18 5 l1d
16 19 5 l1d
16 26 5 l1d
16 27 5 l1d
17 14 5 l1d
17 15 5 l1d
18 2 5 l1d
18 3 5 l1d
18 6 5 l1d
18 7 5 l1d
18 18 5 l1d
18 19 5 l1d
18 30 5 l1d
18 31 5 l1d
18 34 5 l1d
18 35 5 l1d
19 42 5 l1d
19 43 5 l1d
20 26 6 l1d
20 27 6 l1d
22 18 5 l1d
22 19 5 l1d
23 63 2 l1d
24 0 2 l1d
24 18 5 l1d
24 19 2 l1d
24 19 5 l1d
24 20 2 l1d
24 46 5 l1d
24 47 5 l1d
25 10 5 l1d
25 11 5 l1d
31 19 2 l1d
31 20 2 l1d
