6 5 3 l1d
6 6 3 l1d
10 33 3 l1d
10 34 3 l1d
10 41 0 l1d
10 42 0 l1d
10 57 3 l1d
10 58 3 l1d
17 7 3 l1d
17 8 3 l1d
18 11 3 l1d
18 12 3 l1d
18 47 3 l1d
18 48 3 l1d
19 49 3 l1d
19 50 3 l1d
20 63 3 l1d
21 0 3 l1d
21 7 3 l1d
21 8 3 l1d
22 15 3 l1d
22 16 3 l1d
22 43 3 l1d
22 44 3 l1d
23 35 3 l1d
23 36 3 l1d
23 39 1 l1d
23 40 1 l1d
23 47 3 l1d
23 48 3 l1d
24 35 3 l1d
24 36 3 l1d
25 35 3 l1d
25 36 3 l1d
28 23 3 l1d
28 24 3 l1d
28 33 3 l1d
28 34 3 l1d
28 47 3 l1d
28 48 3 l1d
28 51 3 l1d
28 52 3 l1d
29 35 3 l1d
29 36 3 l1d
