1 62 5 l1d
1 63 5 l1d
2 2 5 l1d
2 3 5 l1d
2 18 5 l1d
2 19 5 l1d
2 22 5 l1d
2 23 5 l1d
2 62 5 l1d
2 63 5 l1d
4 18 5 l1d
4 19 5 l1d
6 50 5 l1d
6 51 5 l1d
7 54 5 l1d
7 55 5 l1d
8 18 5 l1d
8 19 5 l1d
8 50 5 l1d
8 51 5 l1d
8 54 5 l1d
8 55 5 l1d
8 58 5 l1d
8 59 5 l1d
9 18 5 l1d
9 19 5 l1d
9 50 5 l1d
9 51 5 l1d
10 26 5 l1d
10 27 5 l1d
13 18 5 l1d
13 19 5 l1d
18 2 5 l1d
18 3 5 l1d
18 42 5 l1d
18 43 5 l1d
20 2 5 l1d
20 3 5 l1d
20 6 5 l1d
20 7 5 l1d
26 6 5 l1d
26 7 5 l1d
27 40 6 l1d
27 41 6 l1d
28 34 5 l1d
28 35 5 l1d
28 46 5 l1d
28 47 5 l1d
