0 6 7 l1d
0 7 7 l1d
1 2 5 l1d
1 3 2 l1d
1 3 5 l1d
1 4 2 l1d
1 6 5 l1d
1 7 1 l1d
1 7 2 l1d
1 7 3 l1d
1 7 5 l1d
1 8 1 l1d
1 8 2 l1d
1 8 3 l1d
1 10 7 l1d
1 11 2 l1d
1 11 7 l1d
1 12 2 l1d
1 54 5 l1d
1 55 5 l1d
3 15 3 l1d
3 16 3 l1d
3 31 1 l1d
3 32 1 l1d
5 6 5 l1d
5 7 5 l1d
5 11 3 l1d
5 12 3 l1d
7 7 1 l1d
7 8 1 l1d
7 15 3 l1d
7 16 3 l1d
9 2 5 l1d
9 3 5 l1d
9 6 5 l1d
9 7 5 l1d
9 38 7 l1d
9 39 7 l1d
10 18 7 l1d
10 19 7 l1d
10 22 7 l1d
10 23 7 l1d
10 26 5 l1d
10 27 5 l1d
10 30 5 l1d
10 31 5 l1d
13 11 3 l1d
13 12 3 l1d
15 18 5 l1d
15 19 5 l1d
24 23 1 l1d
24 24 1 l1d
