0 4 5 l1d
0 5 5 l1d
0 24 6 l1d
0 25 6 l1d
0 56 6 l1d
0 57 6 l1d
0 60 5 l1d
0 61 5 l1d
1 0 5 l1d
1 1 5 l1d
1 4 5 l1d
1 5 5 l1d
1 16 5 l1d
1 17 5 l1d
1 20 5 l1d
1 21 5 l1d
1 24 5 l1d
1 25 5 l1d
1 28 5 l1d
1 29 5 l1d
2 36 5 l1d
2 37 5 l1d
2 52 5 l1d
2 52 7 l1d
2 53 5 l1d
2 53 7 l1d
2 56 5 l1d
2 57 5 l1d
3 16 5 l1d
3 17 5 l1d
3 20 5 l1d
3 21 5 l1d
3 24 5 l1d
3 24 7 l1d
3 25 5 l1d
3 25 7 l1d
3 28 5 l1d
3 28 7 l1d
3 29 5 l1d
3 29 7 l1d
3 31 3 l1d
3 32 3 l1d
3 32 5 l1d
3 32 6 l1d
3 32 7 l1d
3 33 5 l1d
3 33 6 l1d
3 33 7 l1d
4 19 0 l1d
4 20 0 l1d
4 20 5 l1d
4 20 6 l1d
4 21 5 l1d
4 21 6 l1d
4 24 5 l1d
4 24 6 l1d
4 25 5 l1d
4 25 6 l1d
4 28 5 l1d
4 28 7 l1d
4 29 5 l1d
4 29 7 l1d
4 52 5 l1d
4 53 5 l1d
4 56 6 l1d
4 57 6 l1d
4 60 6 l1d
4 61 6 l1d
6 20 5 l1d
6 21 5 l1d
6 24 5 l1d
6 25 5 l1d
6 28 7 l1d
6 29 7 l1d
6 40 6 l1d
6 41 6 l1d
6 48 5 l1d
6 49 5 l1d
7 16 5 l1d
7 17 5 l1d
7 20 5 l1d
7 20 6 l1d
7 21 5 l1d
7 21 6 l1d
7 24 6 l1d
7 25 6 l1d
7 28 5 l1d
7 29 5 l1d
7 32 5 l1d
7 33 5 l1d
8 16 5 l1d
8 17 5 l1d
8 28 5 l1d
8 29 5 l1d
8 32 5 l1d
8 33 5 l1d
9 24 5 l1d
9 25 5 l1d
9 27 3 l1d
9 28 3 l1d
9 32 5 l1d
9 33 5 l1d
10 4 5 l1d
10 5 5 l1d
10 8 5 l1d
10 9 5 l1d
10 16 5 l1d
10 17 5 l1d
10 44 6 l1d
10 45 6 l1d
10 48 5 l1d
10 49 5 l1d
11 0 6 l1d
11 1 6 l1d
12 4 6 l1d
12 5 6 l1d
12 8 5 l1d
12 9 5 l1d
12 20 5 l1d
12 21 5 l1d
12 24 5 l1d
12 25 5 l1d
12 28 5 l1d
12 29 5 l1d
12 32 5 l1d
12 32 7 l1d
12 33 5 l1d
12 33 7 l1d
12 40 5 l1d
12 41 5 l1d
12 48 6 l1d
12 49 6 l1d
12 52 5 l1d
12 53 5 l1d
13 24 6 l1d
13 25 6 l1d
13 28 5 l1d
13 28 6 l1d
13 29 5 l1d
13 29 6 l1d
13 32 5 l1d
13 33 5 l1d
13 44 5 l1d
13 45 5 l1d
14 20 6 l1d
14 21 6 l1d
14 24 5 l1d
14 25 5 l1d
14 28 5 l1d
14 29 5 l1d
14 32 7 l1d
14 33 7 l1d
15 20 5 l1d
15 21 5 l1d
15 24 5 l1d
15 24 7 l1d
15 25 5 l1d
15 25 7 l1d
15 27 3 l1d
15 28 3 l1d
15 32 5 l1d
15 32 6 l1d
15 33 5 l1d
15 33 6 l1d
