0 0 49 2 l1d
0 0 50 2 l1d
0 4 41 2 l1d
0 4 42 2 l1d
0 11 9 2 l1d
0 11 10 2 l1d
0 11 49 2 l1d
0 11 50 2 l1d
0 14 15 2 l1d
0 14 16 2 l1d
0 16 49 2 l1d
0 16 50 2 l1d
0 16 57 2 l1d
0 16 58 2 l1d
0 18 5 2 l1d
0 18 6 2 l1d
0 18 29 2 l1d
0 18 30 2 l1d
0 18 37 2 l1d
0 18 38 2 l1d
0 18 41 2 l1d
0 18 42 2 l1d
0 18 49 2 l1d
0 18 50 2 l1d
0 19 1 2 l1d
0 19 2 2 l1d
0 19 5 2 l1d
0 19 6 2 l1d
0 19 41 2 l1d
0 19 42 2 l1d
0 19 45 2 l1d
0 19 46 2 l1d
0 19 49 2 l1d
0 19 50 2 l1d
0 20 1 2 l1d
0 20 2 2 l1d
0 20 33 2 l1d
0 20 34 2 l1d
0 20 45 2 l1d
0 20 46 2 l1d
0 20 49 2 l1d
0 20 50 2 l1d
0 21 21 2 l1d
0 21 22 2 l1d
0 21 49 2 l1d
0 21 50 2 l1d
0 21 57 2 l1d
0 21 58 2 l1d
0 22 1 2 l1d
0 22 2 2 l1d
0 22 21 2 l1d
0 22 22 2 l1d
0 25 33 2 l1d
0 25 34 2 l1d
0 26 13 2 l1d
0 26 14 2 l1d
0 26 21 2 l1d
0 26 22 2 l1d
0 26 61 2 l1d
0 26 62 2 l1d
0 27 33 2 l1d
0 27 34 2 l1d
0 27 37 2 l1d
0 27 38 2 l1d
0 28 33 2 l1d
0 28 34 2 l1d
0 28 41 2 l1d
0 28 42 2 l1d
0 28 53 2 l1d
0 28 54 2 l1d
0 29 21 2 l1d
0 29 22 2 l1d
0 29 25 2 l1d
0 29 26 2 l1d
0 29 61 2 l1d
0 29 62 2 l1d
0 30 37 2 l1d
0 30 38 2 l1d
0 30 49 2 l1d
0 30 50 2 l1d
0 31 21 2 l1d
0 31 22 2 l1d
0 31 29 2 l1d
0 31 30 2 l1d
0 31 33 2 l1d
0 31 34 2 l1d
0 31 37 2 l1d
0 31 38 2 l1d
0 31 41 2 l1d
0 31 42 2 l1d
0 31 61 2 l1d
0 31 62 2 l1d
