0 1 3 1 l1d
0 1 4 1 l1d
0 1 14 4 l1d
0 1 15 4 l1d
0 1 19 1 l1d
0 1 20 1 l1d
0 2 42 4 l1d
0 2 43 4 l1d
0 5 26 4 l1d
0 5 27 4 l1d
0 6 3 1 l1d
0 6 4 1 l1d
0 9 10 4 l1d
0 9 11 4 l1d
0 9 14 4 l1d
0 9 15 4 l1d
0 11 22 4 l1d
0 11 23 1 l1d
0 11 23 4 l1d
0 11 24 1 l1d
0 13 26 4 l1d
0 13 27 4 l1d
0 13 30 4 l1d
0 13 31 4 l1d
0 15 19 1 l1d
0 15 20 1 l1d
0 15 23 1 l1d
0 15 24 1 l1d
0 15 30 4 l1d
0 15 31 4 l1d
0 21 18 4 l1d
0 21 19 4 l1d
0 21 22 4 l1d
0 21 23 4 l1d
0 21 27 1 l1d
0 21 28 1 l1d
0 22 31 1 l1d
0 22 32 1 l1d
0 25 26 4 l1d
0 25 27 4 l1d
