3 34 5 l1d
3 35 5 l1d
5 42 5 l1d
5 43 5 l1d
5 58 5 l1d
5 59 5 l1d
7 10 5 l1d
7 11 5 l1d
7 26 5 l1d
7 27 5 l1d
9 50 5 l1d
9 51 5 l1d
10 18 5 l1d
10 19 5 l1d
10 34 5 l1d
10 35 5 l1d
10 46 5 l1d
10 47 5 l1d
11 6 5 l1d
11 7 5 l1d
11 10 5 l1d
11 11 5 l1d
11 14 5 l1d
11 15 5 l1d
12 26 5 l1d
12 27 5 l1d
12 34 5 l1d
12 35 5 l1d
13 18 5 l1d
13 19 5 l1d
13 22 5 l1d
13 23 5 l1d
13 46 5 l1d
13 47 5 l1d
13 50 5 l1d
13 51 5 l1d
16 62 5 l1d
16 63 5 l1d
17 34 5 l1d
17 35 5 l1d
17 38 5 l1d
17 39 5 l1d
17 42 5 l1d
17 43 5 l1d
17 50 5 l1d
17 51 5 l1d
17 54 5 l1d
17 55 5 l1d
17 58 5 l1d
17 59 5 l1d
19 14 5 l1d
19 15 5 l1d
20 42 5 l1d
20 43 5 l1d
20 50 5 l1d
20 51 5 l1d
21 14 5 l1d
21 15 5 l1d
21 18 5 l1d
21 19 5 l1d
21 30 5 l1d
21 31 5 l1d
21 34 5 l1d
21 35 5 l1d
22 26 5 l1d
22 27 5 l1d
22 30 5 l1d
22 31 5 l1d
23 14 5 l1d
23 15 5 l1d
23 18 5 l1d
23 19 5 l1d
23 22 5 l1d
23 23 5 l1d
23 30 5 l1d
23 31 5 l1d
23 42 5 l1d
23 43 5 l1d
24 30 5 l1d
24 31 5 l1d
24 34 5 l1d
24 35 5 l1d
25 2 5 l1d
25 3 5 l1d
25 6 5 l1d
25 7 5 l1d
25 34 5 l1d
25 35 5 l1d
25 58 5 l1d
25 59 5 l1d
25 62 5 l1d
25 63 5 l1d
26 58 5 l1d
26 59 5 l1d
26 62 5 l1d
26 63 5 l1d
27 18 5 l1d
27 19 5 l1d
27 22 5 l1d
27 23 5 l1d
27 26 5 l1d
27 27 5 l1d
27 34 5 l1d
27 35 5 l1d
27 38 5 l1d
27 39 5 l1d
27 42 5 l1d
27 43 5 l1d
27 58 5 l1d
27 59 5 l1d
28 50 5 l1d
28 51 5 l1d
28 54 5 l1d
28 55 5 l1d
28 58 5 l1d
28 59 5 l1d
28 62 5 l1d
28 63 5 l1d
29 2 5 l1d
29 3 5 l1d
29 6 5 l1d
29 7 5 l1d
29 14 5 l1d
29 15 5 l1d
29 18 5 l1d
29 19 5 l1d
29 26 5 l1d
29 27 5 l1d
29 34 5 l1d
29 35 5 l1d
30 50 5 l1d
30 51 5 l1d
30 54 5 l1d
30 55 5 l1d
31 10 5 l1d
31 11 5 l1d
