0 4 4 l1d
0 5 4 l1d
1 40 4 l1d
1 41 4 l1d
2 4 4 l1d
2 5 4 l1d
2 40 4 l1d
2 41 4 l1d
3 16 4 l1d
3 17 4 l1d
3 52 4 l1d
3 53 4 l1d
4 44 4 l1d
4 45 4 l1d
6 8 4 l1d
6 9 4 l1d
6 32 4 l1d
6 33 4 l1d
7 20 4 l1d
7 21 4 l1d
7 40 4 l1d
7 41 4 l1d
10 32 4 l1d
10 33 4 l1d
11 16 4 l1d
11 17 4 l1d
12 4 4 l1d
12 5 4 l1d
13 36 4 l1d
13 37 4 l1d
14 40 4 l1d
14 41 4 l1d
14 44 4 l1d
14 45 4 l1d
15 16 4 l1d
15 17 4 l1d
15 20 4 l1d
15 21 4 l1d
16 32 4 l1d
16 33 4 l1d
16 44 4 l1d
16 45 4 l1d
16 56 4 l1d
16 57 4 l1d
16 60 4 l1d
16 61 4 l1d
17 0 4 l1d
17 1 4 l1d
17 28 4 l1d
17 29 4 l1d
18 0 4 l1d
18 1 4 l1d
18 20 4 l1d
18 21 4 l1d
18 24 4 l1d
18 25 4 l1d
18 32 4 l1d
18 33 4 l1d
18 60 4 l1d
18 61 4 l1d
19 60 4 l1d
19 61 4 l1d
20 12 4 l1d
20 13 4 l1d
20 48 4 l1d
20 49 4 l1d
21 8 4 l1d
21 9 4 l1d
21 16 4 l1d
21 17 4 l1d
23 44 4 l1d
23 45 4 l1d
24 48 4 l1d
24 49 4 l1d
25 52 4 l1d
25 53 4 l1d
26 20 4 l1d
26 21 4 l1d
26 32 4 l1d
26 33 4 l1d
26 40 4 l1d
26 41 4 l1d
27 32 4 l1d
27 33 4 l1d
28 40 4 l1d
28 41 4 l1d
28 44 4 l1d
28 45 4 l1d
28 56 4 l1d
28 57 4 l1d
28 60 4 l1d
28 61 4 l1d
29 28 4 l1d
29 29 4 l1d
30 0 4 l1d
30 1 4 l1d
30 28 4 l1d
30 29 4 l1d
30 56 4 l1d
30 57 4 l1d
30 60 4 l1d
30 61 4 l1d
