10 45 2 l1d
10 46 2 l1d
16 24 6 l1d
16 25 6 l1d
16 28 4 l1d
16 29 4 l1d
16 41 2 l1d
16 42 2 l1d
16 52 7 l1d
16 53 7 l1d
16 56 7 l1d
16 57 7 l1d
17 9 2 l1d
17 10 2 l1d
17 20 7 l1d
17 21 2 l1d
17 21 7 l1d
17 22 2 l1d
17 24 7 l1d
17 25 2 l1d
17 25 7 l1d
17 26 2 l1d
17 28 7 l1d
17 29 7 l1d
18 24 7 l1d
18 25 7 l1d
21 24 7 l1d
21 25 7 l1d
21 28 7 l1d
21 29 7 l1d
22 24 7 l1d
22 25 7 l1d
22 33 2 l1d
22 34 2 l1d
23 56 7 l1d
23 57 7 l1d
24 20 7 l1d
24 21 7 l1d
24 24 7 l1d
24 25 7 l1d
24 36 7 l1d
24 37 2 l1d
24 37 7 l1d
24 38 2 l1d
24 41 3 l1d
24 42 3 l1d
25 21 2 l1d
25 22 2 l1d
27 33 2 l1d
27 34 2 l1d
27 52 7 l1d
27 53 7 l1d
29 49 2 l1d
29 50 2 l1d
30 0 7 l1d
30 1 7 l1d
31 32 7 l1d
31 33 7 l1d
31 60 7 l1d
31 61 7 l1d
