16 35 3 l1d
16 36 3 l1d
16 47 3 l1d
16 48 3 l1d
17 55 3 l1d
17 56 3 l1d
18 19 3 l1d
18 20 3 l1d
18 35 3 l1d
18 36 3 l1d
20 43 3 l1d
20 44 3 l1d
22 3 3 l1d
22 4 3 l1d
22 31 3 l1d
22 32 3 l1d
22 35 3 l1d
22 36 3 l1d
22 51 3 l1d
22 52 3 l1d
23 7 3 l1d
23 8 3 l1d
23 35 3 l1d
23 36 3 l1d
24 15 3 l1d
24 16 3 l1d
24 19 3 l1d
24 20 3 l1d
24 23 3 l1d
24 24 3 l1d
24 27 3 l1d
24 28 3 l1d
25 23 3 l1d
25 24 3 l1d
25 31 3 l1d
25 32 3 l1d
25 59 3 l1d
25 60 3 l1d
26 3 3 l1d
26 4 3 l1d
26 23 3 l1d
26 24 3 l1d
26 27 3 l1d
26 28 3 l1d
26 35 3 l1d
26 36 3 l1d
26 39 3 l1d
26 40 3 l1d
26 43 3 l1d
26 44 3 l1d
26 47 3 l1d
26 48 3 l1d
27 55 3 l1d
27 56 3 l1d
27 63 3 l1d
28 0 3 l1d
28 23 3 l1d
28 24 3 l1d
28 35 3 l1d
28 36 3 l1d
29 7 3 l1d
29 8 3 l1d
29 11 3 l1d
29 12 3 l1d
29 14 7 l1d
29 15 3 l1d
29 15 7 l1d
29 16 3 l1d
29 19 3 l1d
29 20 3 l1d
29 51 3 l1d
29 52 3 l1d
29 55 3 l1d
29 56 3 l1d
29 63 3 l1d
30 0 3 l1d
30 19 3 l1d
30 20 3 l1d
31 35 3 l1d
31 36 3 l1d
31 39 3 l1d
31 40 3 l1d
31 43 3 l1d
31 44 3 l1d
31 51 3 l1d
31 52 3 l1d
31 55 3 l1d
31 56 3 l1d
