0 5 0 l1d
0 6 0 l1d
0 9 0 l1d
0 10 0 l1d
1 5 0 l1d
1 6 0 l1d
1 9 0 l1d
1 10 0 l1d
1 13 0 l1d
1 13 1 l1d
1 14 0 l1d
1 14 1 l1d
1 37 0 l1d
1 38 0 l1d
2 9 0 l1d
2 10 0 l1d
2 13 0 l1d
2 14 0 l1d
2 17 0 l1d
2 18 0 l1d
2 41 0 l1d
2 42 0 l1d
2 45 1 l1d
2 46 1 l1d
3 13 0 l1d
3 14 0 l1d
3 45 0 l1d
3 46 0 l1d
3 57 0 l1d
3 58 0 l1d
3 61 0 l1d
3 62 0 l1d
4 13 0 l1d
4 14 0 l1d
4 21 0 l1d
4 22 0 l1d
4 25 0 l1d
4 26 0 l1d
4 33 0 l1d
4 34 0 l1d
5 5 0 l1d
5 6 0 l1d
5 37 0 l1d
5 38 0 l1d
5 53 0 l1d
5 54 0 l1d
5 61 0 l1d
5 62 0 l1d
6 1 0 l1d
6 2 0 l1d
6 37 0 l1d
6 38 0 l1d
6 45 0 l1d
6 46 0 l1d
7 9 0 l1d
7 10 0 l1d
7 13 0 l1d
7 14 0 l1d
7 29 0 l1d
7 30 0 l1d
8 37 0 l1d
8 38 0 l1d
8 49 0 l1d
8 50 0 l1d
9 13 0 l1d
9 14 0 l1d
9 25 0 l1d
9 26 0 l1d
9 29 0 l1d
9 30 0 l1d
9 33 0 l1d
9 34 0 l1d
9 61 0 l1d
9 62 0 l1d
10 1 0 l1d
10 2 0 l1d
10 17 0 l1d
10 18 0 l1d
10 33 0 l1d
10 34 0 l1d
10 45 1 l1d
10 46 1 l1d
10 61 0 l1d
10 62 0 l1d
11 13 0 l1d
11 14 0 l1d
11 29 0 l1d
11 30 0 l1d
11 45 0 l1d
11 46 0 l1d
12 41 0 l1d
12 42 0 l1d
12 45 0 l1d
12 46 0 l1d
12 49 1 l1d
12 50 1 l1d
12 61 0 l1d
12 62 0 l1d
13 9 0 l1d
13 10 0 l1d
13 13 0 l1d
13 14 0 l1d
13 17 0 l1d
13 18 0 l1d
13 33 0 l1d
13 34 0 l1d
13 37 0 l1d
13 38 0 l1d
13 45 0 l1d
13 46 0 l1d
13 49 0 l1d
13 50 0 l1d
13 61 0 l1d
13 62 0 l1d
14 1 0 l1d
14 2 0 l1d
14 5 0 l1d
14 6 0 l1d
14 29 0 l1d
14 30 0 l1d
14 37 0 l1d
14 38 0 l1d
14 41 0 l1d
14 42 0 l1d
15 21 0 l1d
15 22 0 l1d
15 25 0 l1d
15 26 0 l1d
15 33 0 l1d
15 34 0 l1d
18 21 0 l1d
18 21 1 l1d
18 22 0 l1d
18 22 1 l1d
19 1 0 l1d
19 2 0 l1d
19 29 0 l1d
19 30 0 l1d
21 61 0 l1d
21 62 0 l1d
24 33 0 l1d
24 34 0 l1d
