0 0 9 1 l1d
0 0 10 1 l1d
0 2 6 5 l1d
0 2 7 5 l1d
0 2 10 5 l1d
0 2 11 5 l1d
0 4 45 1 l1d
0 4 46 1 l1d
0 4 53 1 l1d
0 4 54 1 l1d
0 9 49 1 l1d
0 9 50 1 l1d
0 10 34 5 l1d
0 10 35 5 l1d
0 11 45 1 l1d
0 11 46 1 l1d
0 16 21 1 l1d
0 16 22 1 l1d
0 16 45 1 l1d
0 16 46 1 l1d
0 17 25 1 l1d
0 17 26 1 l1d
0 17 29 1 l1d
0 17 30 1 l1d
0 18 25 1 l1d
0 18 26 1 l1d
0 19 21 1 l1d
0 19 22 1 l1d
0 19 33 1 l1d
0 19 34 1 l1d
0 21 25 1 l1d
0 21 26 1 l1d
0 21 29 1 l1d
0 21 30 1 l1d
0 24 25 1 l1d
0 24 26 1 l1d
0 24 29 1 l1d
0 24 30 1 l1d
0 27 5 1 l1d
0 27 6 1 l1d
0 27 13 1 l1d
0 27 14 1 l1d
0 27 25 1 l1d
0 27 26 1 l1d
0 27 29 1 l1d
0 27 30 1 l1d
0 27 37 1 l1d
0 27 38 1 l1d
0 29 61 1 l1d
0 29 62 1 l1d
0 30 61 1 l1d
0 30 62 1 l1d
0 31 1 1 l1d
0 31 2 1 l1d
