0 0 49 0 l1d
0 0 50 0 l1d
0 1 17 0 l1d
0 1 18 0 l1d
0 4 1 0 l1d
0 4 2 0 l1d
0 4 13 0 l1d
0 4 14 0 l1d
0 4 17 0 l1d
0 4 18 0 l1d
0 4 61 0 l1d
0 4 62 0 l1d
0 5 1 0 l1d
0 5 2 0 l1d
0 5 13 0 l1d
0 5 14 0 l1d
0 5 54 7 l1d
0 5 55 7 l1d
0 5 57 1 l1d
0 5 58 1 l1d
0 6 49 0 l1d
0 6 50 0 l1d
0 7 49 0 l1d
0 7 50 0 l1d
0 8 33 0 l1d
0 8 34 0 l1d
0 8 61 0 l1d
0 8 62 0 l1d
0 9 5 0 l1d
0 9 6 0 l1d
0 10 33 0 l1d
0 10 34 0 l1d
0 10 45 0 l1d
0 10 46 0 l1d
0 11 21 0 l1d
0 11 22 0 l1d
0 12 9 3 l1d
0 12 10 3 l1d
0 12 13 0 l1d
0 12 13 3 l1d
0 12 14 0 l1d
0 12 14 3 l1d
0 12 17 0 l1d
0 12 18 0 l1d
0 12 25 0 l1d
0 12 25 3 l1d
0 12 26 0 l1d
0 12 26 3 l1d
0 12 32 5 l1d
0 12 33 5 l1d
0 13 29 0 l1d
0 13 30 0 l1d
0 13 45 3 l1d
0 13 46 3 l1d
0 13 49 0 l1d
0 13 50 0 l1d
0 13 61 0 l1d
0 13 61 3 l1d
0 13 62 0 l1d
0 13 62 3 l1d
0 14 1 0 l1d
0 14 2 0 l1d
0 14 49 0 l1d
0 14 50 0 l1d
0 21 34 7 l1d
0 21 35 7 l1d
0 28 25 0 l1d
0 28 26 0 l1d
