0 61 3 l1d
0 62 3 l1d
1 29 0 l1d
1 30 0 l1d
1 33 0 l1d
1 34 0 l1d
2 41 3 l1d
2 42 3 l1d
3 25 0 l1d
3 26 0 l1d
3 29 3 l1d
3 30 3 l1d
5 37 3 l1d
5 38 3 l1d
5 45 3 l1d
5 46 3 l1d
6 1 0 l1d
6 2 0 l1d
8 53 3 l1d
8 54 3 l1d
8 57 3 l1d
8 58 3 l1d
8 61 3 l1d
8 62 3 l1d
9 21 0 l1d
9 22 0 l1d
9 33 3 l1d
9 34 3 l1d
10 1 3 l1d
10 2 3 l1d
13 21 0 l1d
13 22 0 l1d
13 25 0 l1d
13 26 0 l1d
13 29 0 l1d
13 30 0 l1d
13 33 3 l1d
13 34 3 l1d
13 41 3 l1d
13 42 3 l1d
15 41 0 l1d
15 42 0 l1d
21 13 0 l1d
21 14 0 l1d
22 37 3 l1d
22 38 3 l1d
