0 17 24 5 l1d
0 17 25 5 l1d
0 18 0 5 l1d
0 18 1 5 l1d
0 19 28 5 l1d
0 19 29 5 l1d
0 19 56 5 l1d
0 19 57 5 l1d
0 21 0 5 l1d
0 21 1 5 l1d
0 21 8 5 l1d
0 21 9 5 l1d
0 21 24 5 l1d
0 21 25 5 l1d
0 21 28 5 l1d
0 21 29 5 l1d
0 21 56 5 l1d
0 21 57 5 l1d
0 21 60 5 l1d
0 21 61 5 l1d
0 22 0 5 l1d
0 22 1 5 l1d
0 24 32 5 l1d
0 24 33 5 l1d
0 24 48 5 l1d
0 24 49 5 l1d
0 25 0 5 l1d
0 25 1 5 l1d
0 25 60 5 l1d
0 25 61 5 l1d
0 26 0 5 l1d
0 26 1 5 l1d
0 27 24 5 l1d
0 27 25 5 l1d
0 27 28 5 l1d
0 27 29 5 l1d
0 27 56 5 l1d
0 27 57 5 l1d
0 31 12 5 l1d
0 31 13 5 l1d
