0 51 0 l1d
0 52 0 l1d
0 59 0 l1d
0 60 0 l1d
1 11 0 l1d
1 12 0 l1d
1 19 1 l1d
1 20 1 l1d
1 23 0 l1d
1 24 0 l1d
1 31 0 l1d
1 31 1 l1d
1 32 0 l1d
1 32 1 l1d
1 51 0 l1d
1 52 0 l1d
1 55 0 l1d
1 56 0 l1d
2 23 1 l1d
2 24 1 l1d
2 39 1 l1d
2 40 1 l1d
2 51 0 l1d
2 52 0 l1d
2 55 0 l1d
2 56 0 l1d
3 23 1 l1d
3 24 1 l1d
3 35 0 l1d
3 36 0 l1d
3 43 0 l1d
3 44 0 l1d
3 59 1 l1d
3 60 1 l1d
4 15 0 l1d
4 16 0 l1d
4 19 0 l1d
4 20 0 l1d
5 31 0 l1d
5 32 0 l1d
5 51 0 l1d
5 51 1 l1d
5 52 0 l1d
5 52 1 l1d
5 59 0 l1d
5 60 0 l1d
5 63 0 l1d
6 0 0 l1d
6 19 0 l1d
6 20 0 l1d
6 35 0 l1d
6 36 0 l1d
6 51 0 l1d
6 52 0 l1d
6 55 0 l1d
6 56 0 l1d
7 63 0 l1d
8 0 0 l1d
8 19 0 l1d
8 20 0 l1d
8 35 0 l1d
8 36 0 l1d
9 27 0 l1d
9 28 0 l1d
10 3 0 l1d
10 4 0 l1d
11 31 0 l1d
11 32 0 l1d
12 23 0 l1d
12 24 0 l1d
12 35 0 l1d
12 36 0 l1d
12 39 0 l1d
12 40 0 l1d
13 51 0 l1d
13 52 0 l1d
13 63 1 l1d
14 0 1 l1d
14 11 0 l1d
14 12 0 l1d
14 19 0 l1d
14 20 0 l1d
15 19 0 l1d
15 20 0 l1d
15 23 0 l1d
15 24 0 l1d
15 31 0 l1d
15 32 0 l1d
16 35 0 l1d
16 36 0 l1d
18 47 0 l1d
18 48 0 l1d
19 39 1 l1d
19 40 1 l1d
20 3 0 l1d
20 4 0 l1d
21 3 0 l1d
21 4 0 l1d
21 7 0 l1d
21 8 0 l1d
21 21 2 l1d
21 22 2 l1d
21 59 1 l1d
21 60 1 l1d
22 43 0 l1d
22 44 0 l1d
23 35 0 l1d
23 36 0 l1d
24 35 1 l1d
24 36 1 l1d
25 19 1 l1d
25 20 1 l1d
26 7 0 l1d
26 8 0 l1d
26 43 0 l1d
26 44 0 l1d
27 55 1 l1d
27 56 1 l1d
28 19 0 l1d
28 20 0 l1d
28 47 1 l1d
28 48 1 l1d
29 3 1 l1d
29 4 1 l1d
29 15 0 l1d
29 16 0 l1d
30 35 0 l1d
30 36 0 l1d
30 47 0 l1d
30 48 0 l1d
31 53 2 l1d
31 54 2 l1d
