0 63 3 l1d
1 0 3 l1d
1 37 1 l1d
1 38 1 l1d
2 25 1 l1d
2 26 1 l1d
2 37 1 l1d
2 38 1 l1d
2 49 1 l1d
2 50 1 l1d
2 53 1 l1d
2 54 1 l1d
2 57 1 l1d
2 58 1 l1d
3 25 1 l1d
3 26 1 l1d
3 45 1 l1d
3 46 1 l1d
3 49 1 l1d
3 50 1 l1d
3 53 1 l1d
3 54 1 l1d
4 5 1 l1d
4 6 1 l1d
4 29 1 l1d
4 30 1 l1d
4 33 1 l1d
4 34 1 l1d
6 21 1 l1d
6 22 1 l1d
6 45 1 l1d
6 46 1 l1d
7 6 5 l1d
7 7 5 l1d
7 21 1 l1d
7 22 1 l1d
7 29 1 l1d
7 30 1 l1d
7 61 1 l1d
7 62 1 l1d
8 37 1 l1d
8 38 1 l1d
8 49 1 l1d
8 50 1 l1d
8 53 1 l1d
8 54 1 l1d
9 9 1 l1d
9 10 1 l1d
9 29 1 l1d
9 30 1 l1d
9 33 1 l1d
9 34 1 l1d
10 9 1 l1d
10 10 1 l1d
11 1 1 l1d
11 2 1 l1d
11 17 1 l1d
11 18 1 l1d
11 21 1 l1d
11 22 1 l1d
11 25 2 l1d
11 26 2 l1d
11 29 1 l1d
11 30 1 l1d
11 57 1 l1d
11 58 1 l1d
13 13 1 l1d
13 14 1 l1d
13 21 1 l1d
13 22 1 l1d
15 9 1 l1d
15 10 1 l1d
15 25 1 l1d
15 26 1 l1d
15 61 1 l1d
15 62 1 l1d
16 9 1 l1d
16 10 1 l1d
16 10 5 l1d
16 11 5 l1d
17 2 5 l1d
17 3 5 l1d
17 6 5 l1d
17 7 5 l1d
17 15 3 l1d
17 16 3 l1d
18 2 5 l1d
18 3 3 l1d
18 3 5 l1d
18 4 3 l1d
18 5 1 l1d
18 6 1 l1d
18 7 2 l1d
18 7 3 l1d
18 8 2 l1d
18 8 3 l1d
18 9 1 l1d
18 10 1 l1d
18 10 5 l1d
18 11 3 l1d
18 11 5 l1d
18 12 3 l1d
18 13 1 l1d
18 14 1 l1d
18 14 5 l1d
18 15 3 l1d
18 15 5 l1d
18 16 3 l1d
18 17 1 l1d
18 18 1 l1d
18 19 3 l1d
18 20 3 l1d
18 34 5 l1d
18 35 3 l1d
18 35 5 l1d
18 36 3 l1d
18 42 5 l1d
18 43 3 l1d
18 43 5 l1d
18 44 3 l1d
18 46 5 l1d
18 47 3 l1d
18 47 5 l1d
18 48 3 l1d
18 49 1 l1d
18 50 1 l1d
19 6 5 l1d
19 7 3 l1d
19 7 5 l1d
19 8 3 l1d
19 11 3 l1d
19 12 3 l1d
19 14 5 l1d
19 15 3 l1d
19 15 5 l1d
19 16 3 l1d
19 18 5 l1d
19 19 3 l1d
19 19 5 l1d
19 20 3 l1d
19 26 5 l1d
19 27 5 l1d
19 30 5 l1d
19 31 3 l1d
19 31 5 l1d
19 32 3 l1d
19 38 5 l1d
19 39 3 l1d
19 39 5 l1d
19 40 3 l1d
19 42 5 l1d
19 43 5 l1d
19 51 3 l1d
19 52 3 l1d
19 54 5 l1d
19 55 3 l1d
19 55 5 l1d
19 56 3 l1d
19 58 5 l1d
19 59 3 l1d
19 59 5 l1d
19 60 3 l1d
19 62 5 l1d
19 63 3 l1d
19 63 5 l1d
20 0 3 l1d
20 2 5 l1d
20 3 3 l1d
20 3 5 l1d
20 4 3 l1d
20 7 3 l1d
20 8 3 l1d
20 11 3 l1d
20 12 3 l1d
20 15 3 l1d
20 16 3 l1d
20 30 5 l1d
20 31 5 l1d
20 34 5 l1d
20 35 3 l1d
20 35 5 l1d
20 36 3 l1d
20 38 5 l1d
20 39 3 l1d
20 39 5 l1d
20 40 3 l1d
20 42 5 l1d
20 43 3 l1d
20 43 5 l1d
20 44 3 l1d
20 46 5 l1d
20 47 3 l1d
20 47 5 l1d
20 48 3 l1d
20 50 5 l1d
20 51 5 l1d
20 63 3 l1d
21 0 3 l1d
21 3 3 l1d
21 4 3 l1d
21 6 5 l1d
21 7 3 l1d
21 7 5 l1d
21 8 3 l1d
21 10 5 l1d
21 11 5 l1d
21 14 5 l1d
21 15 3 l1d
21 15 5 l1d
21 16 3 l1d
21 26 5 l1d
21 27 5 l1d
21 35 3 l1d
21 36 3 l1d
21 59 3 l1d
21 60 3 l1d
22 2 5 l1d
22 3 3 l1d
22 3 5 l1d
22 4 3 l1d
22 10 5 l1d
22 11 5 l1d
22 34 5 l1d
22 35 5 l1d
22 43 2 l1d
22 44 2 l1d
22 58 5 l1d
22 59 5 l1d
22 62 5 l1d
22 63 5 l1d
23 2 5 l1d
23 3 2 l1d
23 3 5 l1d
23 4 2 l1d
23 7 3 l1d
23 8 3 l1d
23 14 5 l1d
23 15 3 l1d
23 15 5 l1d
23 16 3 l1d
23 35 3 l1d
23 36 3 l1d
23 38 5 l1d
23 39 3 l1d
23 39 5 l1d
23 40 3 l1d
23 42 5 l1d
23 43 3 l1d
23 43 5 l1d
23 44 3 l1d
23 47 3 l1d
23 48 3 l1d
23 59 3 l1d
23 60 3 l1d
24 13 1 l1d
24 14 1 l1d
24 22 5 l1d
24 23 5 l1d
24 34 5 l1d
24 35 5 l1d
24 37 1 l1d
24 38 1 l1d
24 42 5 l1d
24 43 5 l1d
25 6 5 l1d
25 7 5 l1d
25 21 1 l1d
25 22 1 l1d
25 27 3 l1d
25 28 3 l1d
26 2 5 l1d
26 3 2 l1d
26 3 3 l1d
26 3 5 l1d
26 4 2 l1d
26 4 3 l1d
26 6 5 l1d
26 7 1 l1d
26 7 3 l1d
26 7 5 l1d
26 8 1 l1d
26 8 3 l1d
26 10 5 l1d
26 11 3 l1d
26 11 5 l1d
26 12 3 l1d
26 14 5 l1d
26 15 2 l1d
26 15 3 l1d
26 15 5 l1d
26 16 2 l1d
26 16 3 l1d
26 19 2 l1d
26 19 3 l1d
26 20 2 l1d
26 20 3 l1d
26 23 3 l1d
26 24 3 l1d
26 26 5 l1d
26 27 3 l1d
26 27 5 l1d
26 28 3 l1d
26 31 3 l1d
26 32 3 l1d
26 39 3 l1d
26 40 3 l1d
26 43 3 l1d
26 44 3 l1d
26 47 3 l1d
26 48 3 l1d
26 63 3 l1d
27 0 3 l1d
27 2 5 l1d
27 3 3 l1d
27 3 5 l1d
27 4 3 l1d
27 6 5 l1d
27 7 3 l1d
27 7 5 l1d
27 8 3 l1d
27 10 5 l1d
27 11 1 l1d
27 11 3 l1d
27 11 5 l1d
27 12 1 l1d
27 12 3 l1d
27 14 5 l1d
27 15 3 l1d
27 15 5 l1d
27 16 3 l1d
27 18 5 l1d
27 19 5 l1d
27 23 3 l1d
27 24 3 l1d
27 26 5 l1d
27 27 3 l1d
27 27 5 l1d
27 28 3 l1d
27 31 3 l1d
27 32 3 l1d
27 34 5 l1d
27 35 2 l1d
27 35 5 l1d
27 36 2 l1d
27 37 1 l1d
27 38 1 l1d
27 38 5 l1d
27 39 2 l1d
27 39 5 l1d
27 40 2 l1d
27 42 5 l1d
27 43 3 l1d
27 43 5 l1d
27 44 3 l1d
27 47 3 l1d
27 48 3 l1d
27 50 5 l1d
27 51 5 l1d
27 54 5 l1d
27 55 3 l1d
27 55 5 l1d
27 56 3 l1d
27 58 5 l1d
27 59 3 l1d
27 59 5 l1d
27 60 3 l1d
27 62 5 l1d
27 63 3 l1d
27 63 5 l1d
28 0 3 l1d
28 14 5 l1d
28 15 5 l1d
28 19 3 l1d
28 20 3 l1d
28 30 5 l1d
28 31 2 l1d
28 31 5 l1d
28 32 2 l1d
28 34 5 l1d
28 35 3 l1d
28 35 5 l1d
28 36 3 l1d
28 39 3 l1d
28 40 3 l1d
28 50 5 l1d
28 51 5 l1d
28 58 5 l1d
28 59 5 l1d
28 62 5 l1d
28 63 5 l1d
29 10 5 l1d
29 11 5 l1d
29 22 5 l1d
29 23 5 l1d
29 26 5 l1d
29 27 5 l1d
29 35 3 l1d
29 36 3 l1d
29 39 3 l1d
29 40 3 l1d
29 47 3 l1d
29 48 3 l1d
30 2 5 l1d
30 3 5 l1d
30 10 5 l1d
30 11 5 l1d
30 13 1 l1d
30 14 1 l1d
30 26 5 l1d
30 27 5 l1d
30 34 5 l1d
30 35 3 l1d
30 35 5 l1d
30 36 3 l1d
30 38 5 l1d
30 39 3 l1d
30 39 5 l1d
30 40 3 l1d
30 41 1 l1d
30 42 1 l1d
30 55 3 l1d
30 56 3 l1d
31 3 3 l1d
31 4 3 l1d
31 10 5 l1d
31 11 3 l1d
31 11 5 l1d
31 12 3 l1d
31 25 1 l1d
31 26 1 l1d
31 42 5 l1d
31 43 5 l1d
