16 27 1 l1d
16 28 1 l1d
16 35 2 l1d
16 36 2 l1d
16 39 1 l1d
16 40 1 l1d
16 47 2 l1d
16 48 2 l1d
16 63 2 l1d
17 0 2 l1d
17 31 1 l1d
17 32 1 l1d
18 3 1 l1d
18 3 2 l1d
18 4 1 l1d
18 4 2 l1d
18 19 1 l1d
18 19 2 l1d
18 20 1 l1d
18 20 2 l1d
18 23 1 l1d
18 24 1 l1d
18 27 1 l1d
18 27 2 l1d
18 28 1 l1d
18 28 2 l1d
18 31 1 l1d
18 31 2 l1d
18 32 1 l1d
18 32 2 l1d
18 55 1 l1d
18 56 1 l1d
18 59 1 l1d
18 60 1 l1d
18 63 1 l1d
19 0 1 l1d
19 15 1 l1d
19 16 1 l1d
19 19 2 l1d
19 20 2 l1d
19 27 1 l1d
19 27 2 l1d
19 28 1 l1d
19 28 2 l1d
19 35 2 l1d
19 36 2 l1d
20 3 1 l1d
20 4 1 l1d
20 7 1 l1d
20 8 1 l1d
20 19 1 l1d
20 20 1 l1d
20 23 1 l1d
20 24 1 l1d
20 35 2 l1d
20 36 2 l1d
20 51 2 l1d
20 52 2 l1d
20 55 1 l1d
20 56 1 l1d
20 59 1 l1d
20 60 1 l1d
20 63 2 l1d
21 0 2 l1d
21 3 1 l1d
21 4 1 l1d
21 19 1 l1d
21 20 1 l1d
21 23 1 l1d
21 24 1 l1d
21 39 1 l1d
21 40 1 l1d
22 19 1 l1d
22 20 1 l1d
23 39 1 l1d
23 40 1 l1d
23 43 1 l1d
23 44 1 l1d
24 19 1 l1d
24 19 2 l1d
24 20 1 l1d
24 20 2 l1d
24 23 1 l1d
24 24 1 l1d
24 31 1 l1d
24 32 1 l1d
24 39 1 l1d
24 40 1 l1d
24 63 1 l1d
25 0 1 l1d
25 47 2 l1d
25 48 2 l1d
25 55 1 l1d
25 56 1 l1d
26 19 1 l1d
26 19 2 l1d
26 20 1 l1d
26 20 2 l1d
26 27 1 l1d
26 28 1 l1d
26 31 1 l1d
26 31 2 l1d
26 32 1 l1d
26 32 2 l1d
26 35 1 l1d
26 36 1 l1d
27 19 2 l1d
27 20 2 l1d
27 22 4 l1d
27 23 1 l1d
27 23 4 l1d
27 24 1 l1d
27 35 1 l1d
27 36 1 l1d
28 19 1 l1d
28 19 2 l1d
28 20 1 l1d
28 20 2 l1d
28 23 1 l1d
28 24 1 l1d
28 27 1 l1d
28 27 2 l1d
28 28 1 l1d
28 28 2 l1d
28 31 1 l1d
28 31 2 l1d
28 32 1 l1d
28 32 2 l1d
28 34 4 l1d
28 35 2 l1d
28 35 4 l1d
28 36 2 l1d
28 39 1 l1d
28 40 1 l1d
29 3 1 l1d
29 4 1 l1d
29 7 1 l1d
29 8 1 l1d
29 35 2 l1d
29 36 2 l1d
29 39 2 l1d
29 40 2 l1d
29 50 4 l1d
29 51 4 l1d
29 63 1 l1d
30 0 1 l1d
30 23 1 l1d
30 24 1 l1d
30 39 1 l1d
30 40 1 l1d
30 43 1 l1d
30 44 1 l1d
31 3 1 l1d
31 4 1 l1d
