0 0 24 6 l1d
0 0 24 7 l1d
0 0 25 6 l1d
0 0 25 7 l1d
0 0 36 6 l1d
0 0 37 6 l1d
0 0 40 6 l1d
0 0 41 6 l1d
0 1 0 6 l1d
0 1 1 6 l1d
0 1 21 1 l1d
0 1 22 1 l1d
0 1 48 6 l1d
0 1 49 6 l1d
0 2 36 6 l1d
0 2 37 6 l1d
0 2 40 6 l1d
0 2 41 6 l1d
0 2 44 6 l1d
0 2 45 6 l1d
0 2 49 1 l1d
0 2 50 1 l1d
0 3 36 6 l1d
0 3 37 6 l1d
0 3 40 6 l1d
0 3 41 6 l1d
0 3 48 6 l1d
0 3 49 6 l1d
0 4 0 6 l1d
0 4 1 6 l1d
0 4 52 6 l1d
0 4 53 6 l1d
0 5 8 6 l1d
0 5 9 6 l1d
0 5 52 6 l1d
0 5 53 6 l1d
0 5 56 6 l1d
0 5 57 6 l1d
0 5 60 6 l1d
0 5 61 6 l1d
0 6 4 6 l1d
0 6 5 6 l1d
0 6 49 1 l1d
0 6 50 1 l1d
0 6 52 6 l1d
0 6 53 6 l1d
0 6 60 6 l1d
0 6 61 6 l1d
0 7 28 6 l1d
0 7 29 6 l1d
0 8 9 1 l1d
0 8 10 1 l1d
0 9 5 1 l1d
0 9 6 1 l1d
0 9 12 6 l1d
0 9 13 1 l1d
0 9 13 6 l1d
0 9 14 1 l1d
0 9 20 6 l1d
0 9 21 6 l1d
0 9 56 6 l1d
0 9 57 6 l1d
0 10 28 6 l1d
0 10 29 6 l1d
0 10 36 6 l1d
0 10 37 6 l1d
0 10 44 6 l1d
0 10 45 6 l1d
0 11 16 6 l1d
0 11 17 6 l1d
0 11 36 6 l1d
0 11 37 6 l1d
0 11 44 6 l1d
0 11 45 6 l1d
0 12 48 6 l1d
0 12 49 6 l1d
0 13 36 6 l1d
0 13 37 6 l1d
0 15 12 6 l1d
0 15 13 6 l1d
0 17 60 6 l1d
0 17 61 6 l1d
0 21 60 6 l1d
0 21 61 6 l1d
