0 32 5 l1d
0 33 5 l1d
2 10 7 l1d
2 11 7 l1d
2 14 7 l1d
2 15 7 l1d
2 18 7 l1d
2 19 7 l1d
2 59 1 l1d
2 60 1 l1d
3 14 7 l1d
3 15 7 l1d
3 19 1 l1d
3 20 1 l1d
5 1 2 l1d
5 2 2 l1d
5 50 7 l1d
5 51 7 l1d
5 58 7 l1d
5 59 1 l1d
5 59 7 l1d
5 60 1 l1d
6 6 7 l1d
6 7 7 l1d
6 31 1 l1d
6 32 1 l1d
6 50 7 l1d
6 51 7 l1d
7 18 7 l1d
7 19 1 l1d
7 19 7 l1d
7 20 1 l1d
7 46 7 l1d
7 47 7 l1d
7 63 1 l1d
8 0 1 l1d
9 6 7 l1d
9 7 7 l1d
10 23 1 l1d
10 24 1 l1d
11 24 6 l1d
11 25 2 l1d
11 25 6 l1d
11 26 2 l1d
11 37 2 l1d
11 38 2 l1d
11 40 5 l1d
11 41 5 l1d
11 49 2 l1d
11 50 2 l1d
11 53 2 l1d
11 54 2 l1d
12 0 6 l1d
12 1 6 l1d
13 18 7 l1d
13 19 1 l1d
13 19 7 l1d
13 20 1 l1d
13 53 2 l1d
13 54 2 l1d
13 58 7 l1d
13 59 7 l1d
15 6 7 l1d
15 7 7 l1d
15 21 2 l1d
15 22 2 l1d
15 30 7 l1d
15 31 7 l1d
15 44 6 l1d
15 45 6 l1d
16 62 7 l1d
16 63 7 l1d
17 46 7 l1d
17 47 7 l1d
19 43 1 l1d
19 44 1 l1d
20 10 7 l1d
20 11 7 l1d
22 10 7 l1d
22 11 7 l1d
22 14 7 l1d
22 15 7 l1d
23 10 7 l1d
23 11 7 l1d
26 38 7 l1d
26 39 7 l1d
28 43 1 l1d
28 44 1 l1d
30 30 7 l1d
30 31 7 l1d
