0 1 10 5 l1d
0 1 11 5 l1d
0 11 14 5 l1d
0 11 15 5 l1d
0 19 2 6 l1d
0 19 3 6 l1d
0 19 10 5 l1d
0 19 11 5 l1d
0 19 14 5 l1d
0 19 14 6 l1d
0 19 15 5 l1d
0 19 15 6 l1d
0 22 34 6 l1d
0 22 35 6 l1d
0 25 18 5 l1d
0 25 19 5 l1d
0 25 34 5 l1d
0 25 35 5 l1d
0 26 2 5 l1d
0 26 3 5 l1d
0 26 42 5 l1d
0 26 43 5 l1d
0 26 58 6 l1d
0 26 59 6 l1d
0 27 2 5 l1d
0 27 3 5 l1d
0 27 42 6 l1d
0 27 43 6 l1d
0 28 34 5 l1d
0 28 35 5 l1d
0 28 42 5 l1d
0 28 43 5 l1d
0 30 10 5 l1d
0 30 11 5 l1d
0 30 34 5 l1d
0 30 35 5 l1d
0 31 14 5 l1d
0 31 14 6 l1d
0 31 15 5 l1d
0 31 15 6 l1d
0 31 58 5 l1d
0 31 59 5 l1d
