0 1 0 l1d
0 2 0 l1d
0 3 0 l1d
0 4 0 l1d
1 15 0 l1d
1 16 0 l1d
1 39 0 l1d
1 40 0 l1d
2 55 0 l1d
2 56 0 l1d
3 3 0 l1d
3 4 0 l1d
5 3 0 l1d
5 4 0 l1d
5 15 0 l1d
5 16 0 l1d
5 63 0 l1d
6 0 0 l1d
9 23 0 l1d
9 24 0 l1d
12 31 0 l1d
12 32 0 l1d
12 35 0 l1d
12 36 0 l1d
13 43 0 l1d
13 44 0 l1d
14 7 0 l1d
14 8 0 l1d
17 19 0 l1d
17 20 0 l1d
17 23 0 l1d
17 24 0 l1d
19 19 0 l1d
19 20 0 l1d
20 51 0 l1d
20 52 0 l1d
26 19 0 l1d
26 20 0 l1d
26 35 0 l1d
26 36 0 l1d
27 27 0 l1d
27 28 0 l1d
28 31 0 l1d
28 32 0 l1d
28 59 0 l1d
28 60 0 l1d
28 63 0 l1d
29 0 0 l1d
31 23 0 l1d
31 24 0 l1d
