0 0 23 3 l1d
0 0 24 3 l1d
0 0 35 3 l1d
0 0 36 3 l1d
0 0 39 3 l1d
0 0 40 3 l1d
0 0 51 3 l1d
0 0 52 3 l1d
0 0 55 3 l1d
0 0 56 3 l1d
0 0 59 3 l1d
0 0 60 3 l1d
0 0 63 3 l1d
0 1 0 3 l1d
0 1 3 3 l1d
0 1 4 3 l1d
0 1 11 3 l1d
0 1 12 3 l1d
0 1 15 3 l1d
0 1 16 3 l1d
0 1 27 3 l1d
0 1 28 3 l1d
0 1 31 3 l1d
0 1 32 3 l1d
0 1 39 3 l1d
0 1 40 3 l1d
0 1 55 3 l1d
0 1 56 3 l1d
0 2 19 3 l1d
0 2 20 3 l1d
0 2 59 3 l1d
0 2 60 3 l1d
0 4 27 3 l1d
0 4 28 3 l1d
0 4 31 3 l1d
0 4 32 3 l1d
0 4 35 3 l1d
0 4 36 3 l1d
0 4 39 3 l1d
0 4 40 3 l1d
0 4 47 3 l1d
0 4 48 3 l1d
0 4 51 3 l1d
0 4 52 3 l1d
0 4 59 3 l1d
0 4 60 3 l1d
0 5 7 3 l1d
0 5 8 3 l1d
0 5 19 3 l1d
0 5 20 3 l1d
0 5 23 3 l1d
0 5 24 3 l1d
0 5 27 3 l1d
0 5 28 3 l1d
0 5 43 3 l1d
0 5 44 3 l1d
0 5 47 3 l1d
0 5 48 3 l1d
0 5 59 3 l1d
0 5 60 3 l1d
0 6 3 3 l1d
0 6 4 3 l1d
0 6 27 3 l1d
0 6 28 3 l1d
0 6 63 3 l1d
0 7 0 3 l1d
0 7 19 3 l1d
0 7 20 3 l1d
0 7 23 3 l1d
0 7 24 3 l1d
0 7 27 3 l1d
0 7 28 3 l1d
0 7 31 3 l1d
0 7 32 3 l1d
0 7 43 3 l1d
0 7 44 3 l1d
0 7 51 3 l1d
0 7 52 3 l1d
0 8 3 3 l1d
0 8 4 3 l1d
0 8 7 3 l1d
0 8 8 3 l1d
0 8 11 3 l1d
0 8 12 3 l1d
0 8 27 3 l1d
0 8 28 3 l1d
0 8 31 3 l1d
0 8 32 3 l1d
0 8 63 3 l1d
0 9 0 3 l1d
0 9 23 3 l1d
0 9 24 3 l1d
0 9 27 3 l1d
0 9 28 3 l1d
0 10 3 3 l1d
0 10 4 3 l1d
0 10 19 3 l1d
0 10 20 3 l1d
0 10 23 3 l1d
0 10 24 3 l1d
0 10 43 3 l1d
0 10 44 3 l1d
0 11 19 3 l1d
0 11 20 3 l1d
0 11 23 3 l1d
0 11 24 3 l1d
0 11 63 3 l1d
0 12 0 3 l1d
0 12 39 3 l1d
0 12 40 3 l1d
0 12 55 3 l1d
0 12 56 3 l1d
0 12 59 3 l1d
0 12 60 3 l1d
0 13 15 3 l1d
0 13 16 3 l1d
0 14 19 3 l1d
0 14 20 3 l1d
0 14 43 3 l1d
0 14 44 3 l1d
0 14 51 3 l1d
0 14 52 3 l1d
0 14 55 3 l1d
0 14 56 3 l1d
0 14 59 3 l1d
0 14 60 3 l1d
0 14 63 3 l1d
0 15 0 3 l1d
0 15 19 3 l1d
0 15 20 3 l1d
0 15 23 3 l1d
0 15 24 3 l1d
0 15 27 3 l1d
0 15 28 3 l1d
0 15 31 3 l1d
0 15 32 3 l1d
0 15 43 3 l1d
0 15 44 3 l1d
0 15 59 3 l1d
0 15 60 3 l1d
0 16 43 3 l1d
0 16 44 3 l1d
0 17 3 3 l1d
0 17 4 3 l1d
0 17 7 3 l1d
0 17 8 3 l1d
0 17 15 3 l1d
0 17 16 3 l1d
0 18 15 3 l1d
0 18 16 3 l1d
0 18 19 3 l1d
0 18 20 3 l1d
0 18 27 3 l1d
0 18 28 3 l1d
0 18 35 3 l1d
0 18 36 3 l1d
0 18 63 3 l1d
0 19 0 3 l1d
0 19 3 3 l1d
0 19 4 3 l1d
0 19 35 3 l1d
0 19 36 3 l1d
0 19 43 3 l1d
0 19 44 3 l1d
0 19 47 3 l1d
0 19 48 3 l1d
0 19 55 3 l1d
0 19 56 3 l1d
0 20 3 3 l1d
0 20 4 3 l1d
0 20 7 3 l1d
0 20 8 3 l1d
0 20 11 3 l1d
0 20 12 3 l1d
0 20 15 3 l1d
0 20 16 3 l1d
0 20 19 3 l1d
0 20 20 3 l1d
0 20 23 3 l1d
0 20 24 3 l1d
0 20 27 3 l1d
0 20 28 3 l1d
0 20 31 3 l1d
0 20 32 3 l1d
0 20 35 3 l1d
0 20 36 3 l1d
0 20 43 3 l1d
0 20 44 3 l1d
0 20 51 3 l1d
0 20 52 3 l1d
0 20 59 3 l1d
0 20 60 3 l1d
0 21 7 3 l1d
0 21 8 3 l1d
0 21 11 3 l1d
0 21 12 3 l1d
0 21 15 3 l1d
0 21 16 3 l1d
0 21 19 3 l1d
0 21 20 3 l1d
0 21 23 3 l1d
0 21 24 3 l1d
0 21 27 3 l1d
0 21 28 3 l1d
0 21 35 3 l1d
0 21 36 3 l1d
0 21 39 3 l1d
0 21 40 3 l1d
0 21 43 3 l1d
0 21 44 3 l1d
0 21 55 3 l1d
0 21 56 3 l1d
0 21 59 3 l1d
0 21 60 3 l1d
0 22 11 3 l1d
0 22 12 3 l1d
0 22 27 3 l1d
0 22 28 3 l1d
0 22 39 3 l1d
0 22 40 3 l1d
0 22 43 3 l1d
0 22 44 3 l1d
0 23 3 3 l1d
0 23 4 3 l1d
0 23 11 3 l1d
0 23 12 3 l1d
0 23 15 3 l1d
0 23 16 3 l1d
0 23 43 3 l1d
0 23 44 3 l1d
0 24 3 3 l1d
0 24 4 3 l1d
0 24 23 3 l1d
0 24 24 3 l1d
0 24 27 3 l1d
0 24 28 3 l1d
0 24 31 3 l1d
0 24 32 3 l1d
0 25 19 3 l1d
0 25 20 3 l1d
0 25 23 3 l1d
0 25 24 3 l1d
0 26 15 3 l1d
0 26 16 3 l1d
0 26 35 3 l1d
0 26 36 3 l1d
0 27 11 3 l1d
0 27 12 3 l1d
0 27 19 3 l1d
0 27 20 3 l1d
0 27 63 3 l1d
0 28 0 3 l1d
0 28 3 3 l1d
0 28 4 3 l1d
0 28 7 3 l1d
0 28 8 3 l1d
0 28 11 3 l1d
0 28 12 3 l1d
0 28 15 3 l1d
0 28 16 3 l1d
0 28 23 3 l1d
0 28 24 3 l1d
0 28 27 3 l1d
0 28 28 3 l1d
0 28 43 3 l1d
0 28 44 3 l1d
0 28 47 3 l1d
0 28 48 3 l1d
0 28 51 3 l1d
0 28 52 3 l1d
0 29 11 3 l1d
0 29 12 3 l1d
0 29 27 3 l1d
0 29 28 3 l1d
0 29 43 3 l1d
0 29 44 3 l1d
0 29 47 3 l1d
0 29 48 3 l1d
0 30 7 3 l1d
0 30 8 3 l1d
0 30 19 3 l1d
0 30 20 3 l1d
0 30 47 3 l1d
0 30 48 3 l1d
0 30 51 3 l1d
0 30 52 3 l1d
0 30 55 3 l1d
0 30 56 3 l1d
0 30 63 3 l1d
0 31 0 3 l1d
0 31 15 3 l1d
0 31 16 3 l1d
0 31 27 3 l1d
0 31 28 3 l1d
0 31 59 3 l1d
0 31 60 3 l1d
