9 25 3 l1d
9 26 3 l1d
12 9 3 l1d
12 10 3 l1d
12 13 3 l1d
12 14 3 l1d
12 17 3 l1d
12 18 3 l1d
12 33 3 l1d
12 34 3 l1d
16 29 3 l1d
16 30 3 l1d
16 33 3 l1d
16 34 3 l1d
17 9 3 l1d
17 10 3 l1d
17 13 3 l1d
17 14 3 l1d
17 17 3 l1d
17 18 3 l1d
17 45 3 l1d
17 46 3 l1d
17 61 3 l1d
17 62 3 l1d
18 1 3 l1d
18 2 3 l1d
18 21 3 l1d
18 22 3 l1d
18 29 3 l1d
18 30 3 l1d
18 41 3 l1d
18 42 3 l1d
18 45 3 l1d
18 46 3 l1d
18 61 3 l1d
18 62 3 l1d
19 21 3 l1d
19 22 3 l1d
19 24 6 l1d
19 25 6 l1d
20 1 3 l1d
20 2 3 l1d
21 17 3 l1d
21 18 3 l1d
21 33 3 l1d
21 34 3 l1d
22 21 3 l1d
22 22 3 l1d
22 25 3 l1d
22 26 3 l1d
22 29 3 l1d
22 30 3 l1d
22 33 3 l1d
22 34 3 l1d
22 37 3 l1d
22 38 3 l1d
23 25 3 l1d
23 26 3 l1d
23 33 3 l1d
23 34 3 l1d
24 9 3 l1d
24 10 3 l1d
24 21 3 l1d
24 22 3 l1d
25 29 3 l1d
25 30 3 l1d
25 37 3 l1d
25 38 3 l1d
26 9 3 l1d
26 10 3 l1d
26 25 3 l1d
26 26 3 l1d
26 33 3 l1d
26 34 3 l1d
26 37 3 l1d
26 38 3 l1d
26 41 3 l1d
26 42 3 l1d
26 49 3 l1d
26 50 3 l1d
26 52 6 l1d
26 53 3 l1d
26 53 6 l1d
26 54 3 l1d
26 61 3 l1d
26 62 3 l1d
27 1 3 l1d
27 2 3 l1d
27 5 3 l1d
27 6 3 l1d
27 9 3 l1d
27 10 3 l1d
27 13 3 l1d
27 14 3 l1d
27 17 3 l1d
27 18 3 l1d
27 21 3 l1d
27 22 3 l1d
27 24 7 l1d
27 25 3 l1d
27 25 7 l1d
27 26 3 l1d
27 33 3 l1d
27 34 3 l1d
27 53 3 l1d
27 54 3 l1d
28 25 3 l1d
28 26 3 l1d
28 29 3 l1d
28 30 3 l1d
28 49 3 l1d
28 50 3 l1d
28 61 3 l1d
28 62 3 l1d
29 17 3 l1d
29 18 3 l1d
29 49 3 l1d
29 50 3 l1d
29 53 3 l1d
29 54 3 l1d
29 56 6 l1d
29 57 6 l1d
29 61 3 l1d
29 62 3 l1d
31 17 3 l1d
31 18 3 l1d
31 21 3 l1d
31 22 3 l1d
31 25 3 l1d
31 26 3 l1d
31 29 3 l1d
31 30 3 l1d
31 33 3 l1d
31 34 3 l1d
31 53 3 l1d
31 54 3 l1d
31 61 3 l1d
31 62 3 l1d
