1 3 1 l1d
1 4 1 l1d
3 63 1 l1d
4 0 1 l1d
4 51 1 l1d
4 52 1 l1d
5 31 1 l1d
5 32 1 l1d
5 55 1 l1d
5 56 1 l1d
7 31 1 l1d
7 32 1 l1d
7 35 1 l1d
7 36 1 l1d
7 39 1 l1d
7 40 1 l1d
9 15 1 l1d
9 16 1 l1d
10 35 1 l1d
10 36 1 l1d
10 47 1 l1d
10 48 1 l1d
11 19 1 l1d
11 20 1 l1d
13 19 1 l1d
13 20 1 l1d
17 19 1 l1d
17 20 1 l1d
17 23 1 l1d
17 24 1 l1d
17 35 1 l1d
17 36 1 l1d
17 39 1 l1d
17 40 1 l1d
17 47 1 l1d
17 48 1 l1d
18 3 1 l1d
18 4 1 l1d
18 15 1 l1d
18 16 1 l1d
18 35 1 l1d
18 36 1 l1d
18 39 1 l1d
18 40 1 l1d
18 47 1 l1d
18 48 1 l1d
18 63 1 l1d
19 0 1 l1d
19 15 1 l1d
19 16 1 l1d
19 47 1 l1d
19 48 1 l1d
20 15 1 l1d
20 16 1 l1d
20 35 1 l1d
20 36 1 l1d
20 47 1 l1d
20 48 1 l1d
21 35 1 l1d
21 36 1 l1d
22 31 1 l1d
22 32 1 l1d
22 35 1 l1d
22 36 1 l1d
22 55 1 l1d
22 56 1 l1d
23 15 1 l1d
23 16 1 l1d
23 51 1 l1d
23 52 1 l1d
23 63 1 l1d
24 0 1 l1d
24 47 1 l1d
24 48 1 l1d
26 15 1 l1d
26 16 1 l1d
26 35 1 l1d
26 36 1 l1d
26 51 1 l1d
26 52 1 l1d
29 39 1 l1d
29 40 1 l1d
29 47 1 l1d
29 48 1 l1d
30 47 1 l1d
30 48 1 l1d
30 51 1 l1d
30 52 1 l1d
30 63 1 l1d
31 0 1 l1d
31 35 1 l1d
31 36 1 l1d
