0 11 1 1 l1d
0 11 2 1 l1d
0 16 42 6 l1d
0 16 43 6 l1d
0 17 2 7 l1d
0 17 3 7 l1d
0 17 22 6 l1d
0 17 23 6 l1d
0 17 38 6 l1d
0 17 39 6 l1d
0 17 42 6 l1d
0 17 43 6 l1d
0 18 26 6 l1d
0 18 27 6 l1d
0 19 14 6 l1d
0 19 15 6 l1d
0 19 18 6 l1d
0 19 19 6 l1d
0 19 34 6 l1d
0 19 35 6 l1d
0 19 42 6 l1d
0 19 43 6 l1d
0 20 2 6 l1d
0 20 3 6 l1d
0 20 10 6 l1d
0 20 11 6 l1d
0 21 6 6 l1d
0 21 7 6 l1d
0 22 2 6 l1d
0 22 3 6 l1d
0 23 34 6 l1d
0 23 35 6 l1d
0 25 14 6 l1d
0 25 15 6 l1d
0 26 2 6 l1d
0 26 3 6 l1d
0 26 34 6 l1d
0 26 35 6 l1d
0 26 62 6 l1d
0 26 63 6 l1d
0 28 6 6 l1d
0 28 7 6 l1d
0 28 58 6 l1d
0 28 59 6 l1d
0 30 14 6 l1d
0 30 15 6 l1d
0 30 34 6 l1d
0 30 35 6 l1d
