0 4 44 5 l1d
0 4 45 5 l1d
0 5 48 6 l1d
0 5 49 6 l1d
0 9 36 6 l1d
0 9 37 6 l1d
0 9 54 7 l1d
0 9 55 7 l1d
0 10 36 5 l1d
0 10 37 5 l1d
0 12 16 5 l1d
0 12 17 5 l1d
0 14 2 7 l1d
0 14 3 7 l1d
0 17 12 5 l1d
0 17 13 5 l1d
0 18 44 5 l1d
0 18 45 5 l1d
0 19 40 5 l1d
0 19 41 5 l1d
0 22 48 5 l1d
0 22 49 5 l1d
0 23 20 6 l1d
0 23 21 6 l1d
0 26 33 0 l1d
0 26 34 0 l1d
0 26 48 5 l1d
0 26 49 5 l1d
0 27 4 5 l1d
0 27 5 5 l1d
0 28 16 5 l1d
0 28 17 5 l1d
0 28 28 5 l1d
0 28 29 5 l1d
0 28 60 5 l1d
0 28 61 5 l1d
0 30 0 6 l1d
0 30 1 6 l1d
