0 6 29 2 l1d
0 6 30 2 l1d
0 6 33 2 l1d
0 6 34 2 l1d
0 10 53 2 l1d
0 10 54 2 l1d
0 17 41 2 l1d
0 17 42 2 l1d
0 18 17 2 l1d
0 18 18 2 l1d
0 18 29 2 l1d
0 18 30 2 l1d
0 19 5 2 l1d
0 19 6 2 l1d
0 19 17 2 l1d
0 19 18 2 l1d
0 20 33 2 l1d
0 20 34 2 l1d
0 20 37 2 l1d
0 20 38 2 l1d
0 21 25 2 l1d
0 21 26 2 l1d
0 21 61 2 l1d
0 21 62 2 l1d
0 22 49 2 l1d
0 22 50 2 l1d
0 22 57 2 l1d
0 22 58 2 l1d
0 26 41 2 l1d
0 26 42 2 l1d
0 26 45 2 l1d
0 26 46 2 l1d
0 27 17 2 l1d
0 27 18 2 l1d
0 27 29 2 l1d
0 27 30 2 l1d
0 27 57 2 l1d
0 27 58 2 l1d
0 28 17 2 l1d
0 28 18 2 l1d
0 31 13 2 l1d
0 31 14 2 l1d
0 31 33 2 l1d
0 31 34 2 l1d
