0 2 2 4 l1d
0 2 3 4 l1d
0 2 38 4 l1d
0 2 39 4 l1d
0 4 54 4 l1d
0 4 55 4 l1d
0 5 50 4 l1d
0 5 51 4 l1d
0 6 10 4 l1d
0 6 11 4 l1d
0 6 14 4 l1d
0 6 15 4 l1d
0 8 38 4 l1d
0 8 39 4 l1d
0 8 46 4 l1d
0 8 47 4 l1d
0 11 26 4 l1d
0 11 27 4 l1d
0 11 34 4 l1d
0 11 35 4 l1d
0 11 62 4 l1d
0 11 63 4 l1d
0 12 2 4 l1d
0 12 3 4 l1d
0 15 34 4 l1d
0 15 35 4 l1d
0 17 58 4 l1d
0 17 59 4 l1d
0 21 46 4 l1d
0 21 47 4 l1d
0 23 18 4 l1d
0 23 19 4 l1d
0 26 46 4 l1d
0 26 47 4 l1d
0 26 50 4 l1d
0 26 51 4 l1d
0 26 62 4 l1d
0 26 63 4 l1d
0 27 62 4 l1d
0 27 63 4 l1d
0 28 62 4 l1d
0 28 63 4 l1d
0 29 18 4 l1d
0 29 19 4 l1d
0 29 30 4 l1d
0 29 31 4 l1d
0 31 50 4 l1d
0 31 51 4 l1d
