0 7 0 l1d
0 8 0 l1d
10 43 0 l1d
10 44 0 l1d
16 58 7 l1d
16 59 7 l1d
16 63 0 l1d
17 0 0 l1d
17 43 0 l1d
17 44 0 l1d
17 47 0 l1d
17 48 0 l1d
17 58 7 l1d
17 59 7 l1d
17 63 0 l1d
18 0 0 l1d
19 19 0 l1d
19 20 0 l1d
19 22 7 l1d
19 23 7 l1d
19 31 0 l1d
19 32 0 l1d
20 18 7 l1d
20 19 7 l1d
20 22 7 l1d
20 23 0 l1d
20 23 7 l1d
20 24 0 l1d
20 27 0 l1d
20 28 0 l1d
20 35 0 l1d
20 36 0 l1d
20 50 7 l1d
20 51 7 l1d
20 55 0 l1d
20 56 0 l1d
21 23 0 l1d
21 24 0 l1d
21 51 0 l1d
21 52 0 l1d
21 59 0 l1d
21 60 0 l1d
22 18 7 l1d
22 19 7 l1d
22 42 7 l1d
22 43 7 l1d
22 50 4 l1d
22 51 4 l1d
24 39 0 l1d
24 40 0 l1d
24 42 7 l1d
24 43 7 l1d
24 47 0 l1d
24 48 0 l1d
24 50 7 l1d
24 51 7 l1d
25 11 0 l1d
25 12 0 l1d
25 57 3 l1d
25 58 3 l1d
26 18 7 l1d
26 19 0 l1d
26 19 7 l1d
26 20 0 l1d
27 18 7 l1d
27 19 7 l1d
27 51 0 l1d
27 52 0 l1d
28 18 7 l1d
28 19 0 l1d
28 19 7 l1d
28 20 0 l1d
28 23 0 l1d
28 24 0 l1d
28 27 0 l1d
28 28 0 l1d
28 51 0 l1d
28 52 0 l1d
29 23 0 l1d
29 24 0 l1d
29 31 0 l1d
29 32 0 l1d
29 46 7 l1d
29 47 7 l1d
29 51 0 l1d
29 52 0 l1d
31 19 0 l1d
31 20 0 l1d
31 35 0 l1d
31 36 0 l1d
