1 21 0 l1d
1 22 0 l1d
2 45 2 l1d
2 46 2 l1d
13 21 2 l1d
13 22 2 l1d
17 53 2 l1d
17 54 2 l1d
18 37 2 l1d
18 38 2 l1d
19 21 2 l1d
19 22 2 l1d
19 27 1 l1d
19 28 1 l1d
20 21 0 l1d
20 22 0 l1d
20 49 0 l1d
20 50 0 l1d
20 61 0 l1d
20 62 0 l1d
22 29 2 l1d
22 30 2 l1d
22 33 2 l1d
22 34 2 l1d
22 41 0 l1d
22 42 0 l1d
22 45 0 l1d
22 46 0 l1d
23 29 2 l1d
23 30 2 l1d
24 41 2 l1d
24 42 2 l1d
25 21 2 l1d
25 22 2 l1d
26 25 0 l1d
26 26 0 l1d
27 25 0 l1d
27 26 0 l1d
27 33 0 l1d
27 34 0 l1d
29 25 2 l1d
29 26 2 l1d
29 61 2 l1d
29 62 2 l1d
31 25 0 l1d
31 26 0 l1d
