0 16 35 0 l1d
0 16 36 0 l1d
0 16 38 7 l1d
0 16 39 7 l1d
0 17 34 5 l1d
0 17 35 5 l1d
0 18 23 0 l1d
0 18 24 0 l1d
0 18 38 7 l1d
0 18 39 7 l1d
0 18 46 7 l1d
0 18 47 7 l1d
0 18 50 7 l1d
0 18 51 7 l1d
0 18 54 7 l1d
0 18 55 7 l1d
0 18 59 0 l1d
0 18 60 0 l1d
0 19 15 0 l1d
0 19 16 0 l1d
0 21 2 6 l1d
0 21 3 0 l1d
0 21 3 6 l1d
0 21 4 0 l1d
0 22 34 5 l1d
0 22 34 7 l1d
0 22 35 5 l1d
0 22 35 7 l1d
0 23 35 0 l1d
0 23 36 0 l1d
0 24 35 0 l1d
0 24 36 0 l1d
0 25 34 5 l1d
0 25 35 5 l1d
0 26 35 0 l1d
0 26 36 0 l1d
0 26 38 7 l1d
0 26 39 0 l1d
0 26 39 7 l1d
0 26 40 0 l1d
0 26 46 7 l1d
0 26 47 7 l1d
0 27 38 7 l1d
0 27 39 7 l1d
0 27 46 7 l1d
0 27 47 0 l1d
0 27 47 7 l1d
0 27 48 0 l1d
0 28 18 7 l1d
0 28 19 7 l1d
0 28 34 5 l1d
0 28 35 0 l1d
0 28 35 5 l1d
0 28 36 0 l1d
0 28 38 7 l1d
0 28 39 7 l1d
0 28 42 7 l1d
0 28 43 7 l1d
0 28 46 7 l1d
0 28 47 0 l1d
0 28 47 7 l1d
0 28 48 0 l1d
0 29 34 7 l1d
0 29 35 0 l1d
0 29 35 7 l1d
0 29 36 0 l1d
0 30 47 0 l1d
0 30 48 0 l1d
