0 17 23 1 l1d
0 17 24 1 l1d
0 17 27 1 l1d
0 17 28 1 l1d
0 18 23 1 l1d
0 18 24 1 l1d
0 18 38 4 l1d
0 18 39 4 l1d
0 18 51 0 l1d
0 18 52 0 l1d
0 18 55 1 l1d
0 18 56 1 l1d
0 18 59 1 l1d
0 18 60 1 l1d
0 18 62 4 l1d
0 18 63 4 l1d
0 19 34 4 l1d
0 19 35 1 l1d
0 19 35 4 l1d
0 19 36 1 l1d
0 19 43 1 l1d
0 19 44 1 l1d
0 19 55 0 l1d
0 19 56 0 l1d
0 19 63 0 l1d
0 20 0 0 l1d
0 21 22 4 l1d
0 21 23 4 l1d
0 21 26 4 l1d
0 21 27 0 l1d
0 21 27 4 l1d
0 21 28 0 l1d
0 21 31 1 l1d
0 21 32 1 l1d
0 22 2 4 l1d
0 22 3 4 l1d
0 22 6 4 l1d
0 22 7 4 l1d
0 24 26 4 l1d
0 24 27 4 l1d
0 25 18 4 l1d
0 25 19 4 l1d
0 25 63 1 l1d
0 26 0 1 l1d
0 26 30 4 l1d
0 26 31 4 l1d
0 26 51 1 l1d
0 26 52 1 l1d
0 29 6 4 l1d
0 29 7 1 l1d
0 29 7 4 l1d
0 29 8 1 l1d
0 30 42 4 l1d
0 30 43 4 l1d
