3 44 7 l1d
3 45 7 l1d
17 52 7 l1d
17 53 7 l1d
17 56 7 l1d
17 57 7 l1d
18 0 7 l1d
18 1 7 l1d
18 20 7 l1d
18 21 7 l1d
19 20 7 l1d
19 21 7 l1d
19 33 2 l1d
19 34 2 l1d
20 20 7 l1d
20 21 7 l1d
20 24 7 l1d
20 25 7 l1d
20 28 7 l1d
20 29 1 l1d
20 29 7 l1d
20 30 1 l1d
20 32 7 l1d
20 33 2 l1d
20 33 7 l1d
20 34 2 l1d
21 52 7 l1d
21 53 7 l1d
21 56 7 l1d
21 57 7 l1d
22 25 1 l1d
22 25 2 l1d
22 26 1 l1d
22 26 2 l1d
22 29 1 l1d
22 30 1 l1d
24 4 7 l1d
24 5 7 l1d
24 20 7 l1d
24 21 1 l1d
24 21 7 l1d
24 22 1 l1d
24 28 7 l1d
24 29 7 l1d
24 33 1 l1d
24 34 1 l1d
26 8 7 l1d
26 9 2 l1d
26 9 7 l1d
26 10 2 l1d
26 24 7 l1d
26 25 7 l1d
26 28 7 l1d
26 29 2 l1d
26 29 7 l1d
26 30 2 l1d
26 32 7 l1d
26 33 7 l1d
26 36 7 l1d
26 37 7 l1d
26 41 2 l1d
26 42 2 l1d
26 44 7 l1d
26 45 7 l1d
26 49 2 l1d
26 50 2 l1d
28 28 7 l1d
28 29 7 l1d
29 24 7 l1d
29 25 7 l1d
29 28 7 l1d
29 29 7 l1d
29 32 7 l1d
29 33 7 l1d
29 61 1 l1d
29 62 1 l1d
30 20 7 l1d
30 21 7 l1d
30 52 7 l1d
30 53 7 l1d
30 56 7 l1d
30 57 7 l1d
31 25 2 l1d
31 26 2 l1d
