0 16 37 1 l1d
0 16 38 1 l1d
0 16 40 7 l1d
0 16 41 7 l1d
0 16 44 7 l1d
0 16 45 1 l1d
0 16 45 7 l1d
0 16 46 1 l1d
0 16 48 7 l1d
0 16 49 7 l1d
0 16 56 7 l1d
0 16 57 7 l1d
0 19 32 7 l1d
0 19 33 7 l1d
0 20 0 7 l1d
0 20 1 7 l1d
0 21 28 7 l1d
0 21 29 7 l1d
0 21 44 7 l1d
0 21 45 7 l1d
0 21 53 1 l1d
0 21 54 1 l1d
0 22 44 7 l1d
0 22 45 7 l1d
0 22 48 7 l1d
0 22 49 7 l1d
0 23 24 7 l1d
0 23 25 7 l1d
0 24 60 7 l1d
0 24 61 7 l1d
0 25 52 7 l1d
0 25 53 7 l1d
0 25 56 7 l1d
0 25 57 7 l1d
0 27 0 7 l1d
0 27 1 7 l1d
0 27 4 7 l1d
0 27 5 7 l1d
0 28 20 7 l1d
0 28 21 7 l1d
0 29 20 7 l1d
0 29 21 7 l1d
0 29 24 7 l1d
0 29 25 7 l1d
0 29 40 7 l1d
0 29 41 7 l1d
0 29 44 7 l1d
0 29 45 7 l1d
0 30 0 7 l1d
0 30 1 7 l1d
0 30 40 7 l1d
0 30 41 7 l1d
