0 42 6 l1d
0 43 6 l1d
0 62 6 l1d
0 63 6 l1d
1 30 6 l1d
1 31 6 l1d
4 42 6 l1d
4 43 6 l1d
4 46 6 l1d
4 47 6 l1d
7 54 6 l1d
7 55 6 l1d
8 2 6 l1d
8 3 6 l1d
8 50 6 l1d
8 51 6 l1d
8 62 6 l1d
8 63 6 l1d
9 2 6 l1d
9 3 6 l1d
9 10 6 l1d
9 11 6 l1d
9 18 6 l1d
9 19 6 l1d
9 30 6 l1d
9 31 6 l1d
10 6 6 l1d
10 7 6 l1d
10 22 6 l1d
10 23 6 l1d
10 30 6 l1d
10 31 6 l1d
10 34 6 l1d
10 35 6 l1d
10 38 6 l1d
10 39 6 l1d
10 42 6 l1d
10 43 6 l1d
11 6 6 l1d
11 7 6 l1d
11 18 6 l1d
11 19 6 l1d
12 10 6 l1d
12 11 6 l1d
12 42 6 l1d
12 43 6 l1d
13 10 6 l1d
13 11 6 l1d
13 14 6 l1d
13 15 6 l1d
14 38 6 l1d
14 39 6 l1d
15 50 6 l1d
15 51 6 l1d
16 18 6 l1d
16 19 6 l1d
17 33 3 l1d
17 34 3 l1d
19 21 3 l1d
19 22 3 l1d
19 25 3 l1d
19 26 3 l1d
20 45 3 l1d
20 46 3 l1d
22 29 3 l1d
22 30 3 l1d
23 10 6 l1d
23 11 6 l1d
24 37 3 l1d
24 38 3 l1d
25 21 3 l1d
25 22 3 l1d
25 49 3 l1d
25 50 3 l1d
26 18 6 l1d
26 19 6 l1d
26 30 6 l1d
26 31 6 l1d
26 37 3 l1d
26 38 3 l1d
27 2 6 l1d
27 3 6 l1d
27 18 6 l1d
27 19 6 l1d
27 22 6 l1d
27 23 6 l1d
27 61 3 l1d
27 62 3 l1d
28 17 3 l1d
28 18 3 l1d
28 18 6 l1d
28 19 6 l1d
28 21 3 l1d
28 22 3 l1d
28 45 3 l1d
28 46 3 l1d
28 49 3 l1d
28 50 3 l1d
28 57 3 l1d
28 58 3 l1d
28 61 3 l1d
28 62 3 l1d
29 18 6 l1d
29 19 6 l1d
30 18 6 l1d
30 19 6 l1d
31 42 6 l1d
31 43 6 l1d
31 61 3 l1d
31 62 3 l1d
