0 16 14 6 l1d
0 16 15 6 l1d
0 17 42 6 l1d
0 17 43 6 l1d
0 18 3 3 l1d
0 18 4 3 l1d
0 18 14 6 l1d
0 18 15 6 l1d
0 20 30 6 l1d
0 20 31 6 l1d
0 21 14 6 l1d
0 21 15 6 l1d
0 21 22 6 l1d
0 21 23 6 l1d
0 21 30 6 l1d
0 21 31 6 l1d
0 25 18 6 l1d
0 25 19 3 l1d
0 25 19 6 l1d
0 25 20 3 l1d
0 25 22 6 l1d
0 25 23 3 l1d
0 25 23 6 l1d
0 25 24 3 l1d
0 25 26 6 l1d
0 25 27 3 l1d
0 25 27 6 l1d
0 25 28 3 l1d
0 26 3 3 l1d
0 26 4 3 l1d
0 26 11 3 l1d
0 26 12 3 l1d
0 27 18 6 l1d
0 27 19 3 l1d
0 27 19 6 l1d
0 27 20 3 l1d
0 27 34 6 l1d
0 27 35 6 l1d
0 28 18 6 l1d
0 28 19 6 l1d
0 29 3 3 l1d
0 29 4 3 l1d
