16 8 5 l1d
16 9 0 l1d
16 9 5 l1d
16 10 0 l1d
16 17 0 l1d
16 18 0 l1d
16 45 1 l1d
16 46 1 l1d
18 29 0 l1d
18 30 0 l1d
18 33 0 l1d
18 34 0 l1d
18 45 0 l1d
18 46 0 l1d
18 48 5 l1d
18 49 5 l1d
20 12 5 l1d
20 13 0 l1d
20 13 5 l1d
20 14 0 l1d
20 37 0 l1d
20 38 0 l1d
20 40 5 l1d
20 41 5 l1d
20 45 0 l1d
20 46 0 l1d
20 48 5 l1d
20 49 0 l1d
20 49 5 l1d
20 50 0 l1d
22 17 0 l1d
22 18 0 l1d
23 17 1 l1d
23 18 1 l1d
23 49 0 l1d
23 50 0 l1d
24 49 0 l1d
24 50 0 l1d
25 17 0 l1d
25 18 0 l1d
25 33 0 l1d
25 34 0 l1d
25 40 5 l1d
25 41 5 l1d
25 48 5 l1d
25 49 0 l1d
25 49 5 l1d
25 50 0 l1d
26 44 5 l1d
26 45 5 l1d
26 48 5 l1d
26 49 0 l1d
26 49 5 l1d
26 50 0 l1d
27 41 0 l1d
27 42 0 l1d
27 44 5 l1d
27 45 0 l1d
27 45 5 l1d
27 46 0 l1d
27 48 5 l1d
27 49 0 l1d
27 49 1 l1d
27 49 5 l1d
27 50 0 l1d
27 50 1 l1d
27 53 1 l1d
27 54 1 l1d
28 40 5 l1d
28 41 5 l1d
28 45 1 l1d
28 46 1 l1d
28 49 0 l1d
28 50 0 l1d
30 1 1 l1d
30 2 1 l1d
30 28 5 l1d
30 29 5 l1d
30 37 0 l1d
30 38 0 l1d
31 32 5 l1d
31 33 5 l1d
