0 12 45 1 l1d
0 12 46 1 l1d
0 16 35 1 l1d
0 16 36 1 l1d
0 19 63 1 l1d
0 20 0 1 l1d
0 20 35 1 l1d
0 20 36 1 l1d
0 21 19 1 l1d
0 21 20 1 l1d
0 21 47 1 l1d
0 21 48 1 l1d
0 25 32 5 l1d
0 25 33 5 l1d
0 25 51 1 l1d
0 25 52 1 l1d
0 27 35 1 l1d
0 27 36 1 l1d
0 28 33 1 l1d
0 28 34 1 l1d
0 29 13 1 l1d
0 29 14 1 l1d
0 29 31 1 l1d
0 29 32 1 l1d
0 29 47 1 l1d
0 29 48 1 l1d
0 29 61 1 l1d
0 29 62 1 l1d
0 31 33 1 l1d
0 31 34 1 l1d
0 31 35 1 l1d
0 31 36 1 l1d
0 31 39 1 l1d
0 31 40 1 l1d
0 31 43 1 l1d
0 31 44 1 l1d
