17 42 7 l1d
17 43 7 l1d
17 54 7 l1d
17 55 7 l1d
18 18 6 l1d
18 19 6 l1d
19 26 6 l1d
19 27 6 l1d
20 34 6 l1d
20 35 6 l1d
22 3 1 l1d
22 4 1 l1d
22 22 7 l1d
22 23 7 l1d
22 62 7 l1d
22 63 7 l1d
23 30 7 l1d
23 31 7 l1d
23 34 7 l1d
23 35 7 l1d
24 58 6 l1d
24 59 6 l1d
25 42 7 l1d
25 43 7 l1d
25 51 1 l1d
25 52 1 l1d
27 34 7 l1d
27 35 7 l1d
27 38 7 l1d
27 39 7 l1d
28 34 7 l1d
28 35 7 l1d
28 38 7 l1d
28 39 7 l1d
28 42 7 l1d
28 43 7 l1d
28 46 7 l1d
28 47 7 l1d
28 58 7 l1d
28 59 7 l1d
28 62 7 l1d
28 63 7 l1d
29 18 6 l1d
29 19 6 l1d
29 22 6 l1d
29 23 6 l1d
29 26 6 l1d
29 27 6 l1d
30 50 6 l1d
30 51 6 l1d
31 46 7 l1d
31 47 7 l1d
31 50 7 l1d
31 51 7 l1d
