1 26 5 l1d
1 27 5 l1d
10 38 5 l1d
10 39 5 l1d
17 22 5 l1d
17 23 5 l1d
17 38 5 l1d
17 39 5 l1d
18 26 5 l1d
18 27 5 l1d
18 30 5 l1d
18 31 5 l1d
18 54 5 l1d
18 55 5 l1d
19 6 5 l1d
19 7 5 l1d
19 14 5 l1d
19 15 5 l1d
19 18 5 l1d
19 19 5 l1d
20 22 5 l1d
20 23 5 l1d
20 54 5 l1d
20 55 5 l1d
20 58 5 l1d
20 59 5 l1d
21 26 5 l1d
21 27 5 l1d
21 34 5 l1d
21 35 5 l1d
23 18 5 l1d
23 19 5 l1d
23 34 5 l1d
23 35 5 l1d
23 38 5 l1d
23 39 5 l1d
24 18 5 l1d
24 19 5 l1d
24 46 5 l1d
24 47 5 l1d
25 30 5 l1d
25 31 5 l1d
25 34 5 l1d
25 35 5 l1d
25 38 5 l1d
25 39 5 l1d
25 42 5 l1d
25 43 5 l1d
25 58 5 l1d
25 59 5 l1d
26 18 5 l1d
26 19 5 l1d
26 22 5 l1d
26 23 5 l1d
26 30 5 l1d
26 31 5 l1d
27 18 4 l1d
27 19 4 l1d
27 22 5 l1d
27 23 5 l1d
27 26 5 l1d
27 27 5 l1d
27 30 5 l1d
27 31 5 l1d
27 54 5 l1d
27 55 5 l1d
27 58 5 l1d
27 59 5 l1d
28 18 5 l1d
28 19 5 l1d
28 22 5 l1d
28 23 5 l1d
29 54 5 l1d
29 55 5 l1d
30 18 5 l1d
30 19 5 l1d
30 22 5 l1d
30 23 5 l1d
30 54 5 l1d
30 55 5 l1d
31 22 5 l1d
31 23 5 l1d
31 26 5 l1d
31 27 5 l1d
31 30 5 l1d
31 31 5 l1d
