0 1 6 5 l1d
0 1 7 5 l1d
0 1 11 2 l1d
0 1 12 2 l1d
0 1 26 5 l1d
0 1 27 5 l1d
0 1 34 5 l1d
0 1 35 5 l1d
0 2 26 4 l1d
0 2 27 4 l1d
0 2 34 5 l1d
0 2 35 5 l1d
0 2 46 5 l1d
0 2 47 5 l1d
0 3 19 2 l1d
0 3 20 2 l1d
0 4 26 5 l1d
0 4 27 5 l1d
0 5 18 5 l1d
0 5 19 5 l1d
0 7 50 5 l1d
0 7 51 5 l1d
0 11 34 5 l1d
0 11 34 7 l1d
0 11 35 5 l1d
0 11 35 7 l1d
0 11 38 5 l1d
0 11 39 5 l1d
0 11 46 4 l1d
0 11 46 5 l1d
0 11 47 4 l1d
0 11 47 5 l1d
0 11 50 5 l1d
0 11 51 5 l1d
0 12 22 5 l1d
0 12 23 5 l1d
0 12 26 5 l1d
0 12 27 5 l1d
0 12 34 5 l1d
0 12 35 5 l1d
0 14 42 4 l1d
0 14 43 4 l1d
0 17 62 5 l1d
0 17 63 5 l1d
0 19 50 4 l1d
0 19 51 4 l1d
0 20 2 4 l1d
0 20 3 4 l1d
0 21 42 5 l1d
0 21 43 5 l1d
0 25 50 5 l1d
0 25 51 5 l1d
0 25 62 5 l1d
0 25 63 5 l1d
0 27 10 5 l1d
0 27 11 5 l1d
0 27 18 4 l1d
0 27 19 4 l1d
0 28 34 5 l1d
0 28 35 5 l1d
0 28 58 5 l1d
0 28 59 5 l1d
0 29 26 5 l1d
0 29 27 5 l1d
0 29 30 5 l1d
0 29 31 5 l1d
