0 3 17 1 l1d
0 3 18 1 l1d
0 4 41 3 l1d
0 4 42 3 l1d
0 8 9 3 l1d
0 8 10 3 l1d
0 13 21 1 l1d
0 13 22 1 l1d
0 17 4 5 l1d
0 17 5 5 l1d
0 17 18 5 l1d
0 17 19 5 l1d
0 17 49 1 l1d
0 17 50 1 l1d
0 17 57 1 l1d
0 17 58 1 l1d
0 21 28 5 l1d
0 21 29 5 l1d
0 23 16 5 l1d
0 23 17 1 l1d
0 23 17 5 l1d
0 23 18 1 l1d
0 27 9 1 l1d
0 27 10 1 l1d
0 27 13 1 l1d
0 27 13 3 l1d
0 27 14 1 l1d
0 27 14 3 l1d
0 27 17 1 l1d
0 27 18 1 l1d
0 27 33 1 l1d
0 27 34 1 l1d
0 29 25 1 l1d
0 29 26 1 l1d
0 29 49 1 l1d
0 29 50 1 l1d
0 30 61 1 l1d
0 30 62 1 l1d
0 31 5 1 l1d
0 31 6 1 l1d
0 31 56 5 l1d
0 31 57 5 l1d
