18 46 5 l1d
18 47 5 l1d
18 50 5 l1d
18 51 5 l1d
18 58 5 l1d
18 59 5 l1d
19 18 5 l1d
19 19 5 l1d
19 22 5 l1d
19 23 5 l1d
19 30 5 l1d
19 31 5 l1d
19 34 5 l1d
19 35 5 l1d
19 50 5 l1d
19 51 5 l1d
21 18 5 l1d
21 19 5 l1d
23 62 5 l1d
23 63 5 l1d
25 50 5 l1d
25 51 5 l1d
25 54 5 l1d
25 55 5 l1d
27 50 5 l1d
27 51 5 l1d
28 2 5 l1d
28 3 5 l1d
28 34 5 l1d
28 35 5 l1d
28 42 5 l1d
28 43 5 l1d
28 46 5 l1d
28 47 5 l1d
29 18 5 l1d
29 19 5 l1d
29 22 6 l1d
29 23 6 l1d
29 30 5 l1d
29 31 5 l1d
30 62 5 l1d
30 63 5 l1d
