3 22 4 l1d
3 23 4 l1d
7 18 4 l1d
7 19 4 l1d
9 6 4 l1d
9 7 4 l1d
9 30 4 l1d
9 31 4 l1d
13 27 3 l1d
13 28 3 l1d
13 30 4 l1d
13 31 4 l1d
13 50 4 l1d
13 51 4 l1d
16 18 4 l1d
16 19 4 l1d
16 23 3 l1d
16 24 3 l1d
16 26 4 l1d
16 27 4 l1d
16 38 4 l1d
16 39 4 l1d
17 6 4 l1d
17 7 3 l1d
17 7 4 l1d
17 8 3 l1d
17 10 4 l1d
17 11 3 l1d
17 11 4 l1d
17 12 3 l1d
17 14 4 l1d
17 15 3 l1d
17 15 4 l1d
17 16 3 l1d
17 34 4 l1d
17 35 4 l1d
17 38 4 l1d
17 39 4 l1d
17 58 4 l1d
17 59 4 l1d
18 18 4 l1d
18 19 4 l1d
18 26 4 l1d
18 27 4 l1d
18 62 4 l1d
18 63 4 l1d
19 2 4 l1d
19 3 3 l1d
19 3 4 l1d
19 4 3 l1d
19 6 4 l1d
19 7 4 l1d
19 10 4 l1d
19 11 4 l1d
19 18 4 l1d
19 19 3 l1d
19 19 4 l1d
19 20 3 l1d
19 22 4 l1d
19 23 3 l1d
19 23 4 l1d
19 24 3 l1d
19 26 4 l1d
19 26 6 l1d
19 27 3 l1d
19 27 4 l1d
19 27 6 l1d
19 28 3 l1d
19 34 6 l1d
19 35 3 l1d
19 35 6 l1d
19 36 3 l1d
19 39 3 l1d
19 40 3 l1d
19 58 4 l1d
19 59 4 l1d
20 2 4 l1d
20 3 3 l1d
20 3 4 l1d
20 4 3 l1d
20 6 4 l1d
20 7 3 l1d
20 7 4 l1d
20 8 3 l1d
20 10 4 l1d
20 11 4 l1d
20 23 3 l1d
20 24 3 l1d
20 47 3 l1d
20 48 3 l1d
21 2 4 l1d
21 3 4 l1d
21 6 4 l1d
21 7 4 l1d
21 11 3 l1d
21 12 3 l1d
21 18 4 l1d
21 19 4 l1d
21 22 4 l1d
21 23 3 l1d
21 23 4 l1d
21 24 3 l1d
21 26 4 l1d
21 26 6 l1d
21 27 3 l1d
21 27 4 l1d
21 27 6 l1d
21 28 3 l1d
21 30 4 l1d
21 30 6 l1d
21 31 3 l1d
21 31 4 l1d
21 31 6 l1d
21 32 3 l1d
21 34 4 l1d
21 35 4 l1d
21 38 4 l1d
21 39 4 l1d
21 42 4 l1d
21 43 3 l1d
21 43 4 l1d
21 44 3 l1d
21 46 4 l1d
21 47 3 l1d
21 47 4 l1d
21 48 3 l1d
22 18 4 l1d
22 19 4 l1d
22 35 3 l1d
22 36 3 l1d
22 38 4 l1d
22 39 3 l1d
22 39 4 l1d
22 40 3 l1d
22 42 4 l1d
22 43 4 l1d
22 46 4 l1d
22 47 3 l1d
22 47 4 l1d
22 48 3 l1d
23 2 4 l1d
23 3 4 l1d
23 6 4 l1d
23 7 4 l1d
23 11 3 l1d
23 12 3 l1d
23 15 3 l1d
23 16 3 l1d
23 18 4 l1d
23 19 3 l1d
23 19 4 l1d
23 20 3 l1d
23 23 3 l1d
23 24 3 l1d
23 26 4 l1d
23 27 3 l1d
23 27 4 l1d
23 28 3 l1d
23 43 3 l1d
23 44 3 l1d
24 2 4 l1d
24 3 4 l1d
24 6 4 l1d
24 7 4 l1d
24 10 4 l1d
24 11 3 l1d
24 11 4 l1d
24 12 3 l1d
24 15 3 l1d
24 16 3 l1d
24 27 3 l1d
24 28 3 l1d
25 2 4 l1d
25 3 4 l1d
25 10 6 l1d
25 11 3 l1d
25 11 6 l1d
25 12 3 l1d
25 18 4 l1d
25 18 6 l1d
25 19 4 l1d
25 19 6 l1d
25 22 4 l1d
25 22 6 l1d
25 23 4 l1d
25 23 6 l1d
25 26 4 l1d
25 27 4 l1d
25 30 4 l1d
25 31 3 l1d
25 31 4 l1d
25 32 3 l1d
25 35 3 l1d
25 36 3 l1d
25 39 3 l1d
25 40 3 l1d
25 43 3 l1d
25 44 3 l1d
25 47 3 l1d
25 48 3 l1d
25 58 4 l1d
25 59 4 l1d
25 62 4 l1d
25 63 4 l1d
27 10 4 l1d
27 11 4 l1d
27 15 3 l1d
27 16 3 l1d
27 23 3 l1d
27 24 3 l1d
27 26 4 l1d
27 27 3 l1d
27 27 4 l1d
27 28 3 l1d
27 34 4 l1d
27 35 4 l1d
27 42 4 l1d
27 43 4 l1d
28 2 4 l1d
28 3 4 l1d
28 27 3 l1d
28 28 3 l1d
28 30 4 l1d
28 31 3 l1d
28 31 4 l1d
28 32 3 l1d
28 34 4 l1d
28 35 4 l1d
28 47 3 l1d
28 48 3 l1d
28 59 3 l1d
28 60 3 l1d
28 62 4 l1d
28 63 4 l1d
29 2 4 l1d
29 3 4 l1d
29 34 4 l1d
29 35 3 l1d
29 35 4 l1d
29 36 3 l1d
29 39 3 l1d
29 40 3 l1d
29 42 4 l1d
29 43 4 l1d
29 58 4 l1d
29 59 4 l1d
30 42 4 l1d
30 43 3 l1d
30 43 4 l1d
30 44 3 l1d
30 46 4 l1d
30 47 4 l1d
31 22 4 l1d
31 23 4 l1d
31 35 3 l1d
31 36 3 l1d
