0 37 1 l1d
0 38 1 l1d
0 41 1 l1d
0 42 1 l1d
0 44 5 l1d
0 45 1 l1d
0 45 5 l1d
0 46 1 l1d
0 49 1 l1d
0 50 1 l1d
1 45 1 l1d
1 46 1 l1d
2 37 1 l1d
2 38 1 l1d
4 49 1 l1d
4 50 1 l1d
6 1 1 l1d
6 2 1 l1d
6 45 1 l1d
6 46 1 l1d
6 49 1 l1d
6 50 1 l1d
7 37 1 l1d
7 38 1 l1d
7 40 5 l1d
7 41 5 l1d
8 9 1 l1d
8 10 1 l1d
8 13 1 l1d
8 14 1 l1d
8 17 1 l1d
8 18 1 l1d
8 61 1 l1d
8 62 1 l1d
10 9 1 l1d
10 10 1 l1d
10 29 1 l1d
10 30 1 l1d
10 33 1 l1d
10 34 1 l1d
11 13 1 l1d
11 14 1 l1d
11 21 1 l1d
11 22 1 l1d
11 25 1 l1d
11 26 1 l1d
11 29 1 l1d
11 30 1 l1d
11 33 1 l1d
11 34 1 l1d
11 44 5 l1d
11 45 5 l1d
12 21 1 l1d
12 22 1 l1d
13 61 1 l1d
13 62 1 l1d
14 25 1 l1d
14 26 1 l1d
14 29 1 l1d
14 30 1 l1d
14 61 1 l1d
14 62 1 l1d
15 5 1 l1d
15 6 1 l1d
15 21 1 l1d
15 22 1 l1d
19 25 1 l1d
19 26 1 l1d
20 53 1 l1d
20 54 1 l1d
27 19 2 l1d
27 20 2 l1d
