1 7 1 l1d
1 8 1 l1d
1 31 1 l1d
1 32 1 l1d
1 43 1 l1d
1 44 1 l1d
1 51 1 l1d
1 52 1 l1d
1 59 1 l1d
1 60 1 l1d
1 63 1 l1d
2 0 1 l1d
2 19 1 l1d
2 20 1 l1d
2 35 1 l1d
2 36 1 l1d
2 39 1 l1d
2 40 1 l1d
3 19 1 l1d
3 20 1 l1d
3 23 1 l1d
3 24 1 l1d
4 19 1 l1d
4 20 1 l1d
4 27 1 l1d
4 28 1 l1d
4 31 1 l1d
4 32 1 l1d
4 35 1 l1d
4 36 1 l1d
4 43 1 l1d
4 44 1 l1d
4 47 1 l1d
4 48 1 l1d
6 19 1 l1d
6 20 1 l1d
6 27 1 l1d
6 28 1 l1d
6 63 1 l1d
7 0 1 l1d
8 35 1 l1d
8 36 1 l1d
8 43 1 l1d
8 44 1 l1d
8 47 1 l1d
8 48 1 l1d
8 63 1 l1d
9 0 1 l1d
9 3 1 l1d
9 4 1 l1d
9 51 1 l1d
9 52 1 l1d
9 55 1 l1d
9 56 1 l1d
9 59 1 l1d
9 60 1 l1d
10 19 1 l1d
10 20 1 l1d
10 35 1 l1d
10 36 1 l1d
10 43 1 l1d
10 44 1 l1d
10 47 1 l1d
10 48 1 l1d
10 51 1 l1d
10 52 1 l1d
11 3 1 l1d
11 4 1 l1d
11 7 1 l1d
11 8 1 l1d
11 11 1 l1d
11 12 1 l1d
11 15 1 l1d
11 16 1 l1d
12 35 1 l1d
12 36 1 l1d
12 39 1 l1d
12 40 1 l1d
12 43 1 l1d
12 44 1 l1d
13 35 1 l1d
13 36 1 l1d
13 43 1 l1d
13 44 1 l1d
13 47 1 l1d
13 48 1 l1d
13 59 1 l1d
13 60 1 l1d
13 63 1 l1d
14 0 1 l1d
14 31 1 l1d
14 32 1 l1d
