0 0 0 4 l1d
0 0 1 4 l1d
0 0 2 4 l1d
0 0 3 4 l1d
0 0 54 4 l1d
0 0 55 4 l1d
0 1 30 4 l1d
0 1 31 4 l1d
0 1 54 4 l1d
0 1 55 4 l1d
0 1 58 4 l1d
0 1 59 4 l1d
0 1 62 4 l1d
0 1 63 4 l1d
0 2 6 4 l1d
0 2 7 4 l1d
0 2 34 4 l1d
0 2 35 4 l1d
0 3 18 4 l1d
0 3 19 4 l1d
0 3 46 4 l1d
0 3 47 4 l1d
0 3 50 4 l1d
0 3 51 4 l1d
0 3 54 4 l1d
0 3 55 4 l1d
0 3 62 4 l1d
0 3 63 4 l1d
0 4 18 4 l1d
0 4 19 4 l1d
0 4 22 4 l1d
0 4 23 4 l1d
0 4 50 4 l1d
0 4 51 4 l1d
0 4 62 4 l1d
0 4 63 4 l1d
0 5 18 4 l1d
0 5 19 4 l1d
0 5 22 4 l1d
0 5 23 4 l1d
0 5 46 4 l1d
0 5 47 4 l1d
0 5 50 4 l1d
0 5 51 4 l1d
0 6 18 4 l1d
0 6 19 4 l1d
0 6 22 4 l1d
0 6 23 4 l1d
0 6 30 4 l1d
0 6 31 4 l1d
0 7 2 4 l1d
0 7 3 4 l1d
0 7 18 4 l1d
0 7 19 4 l1d
0 7 22 4 l1d
0 7 23 4 l1d
0 7 30 4 l1d
0 7 31 4 l1d
0 7 34 4 l1d
0 7 35 4 l1d
0 7 50 4 l1d
0 7 51 4 l1d
0 8 18 4 l1d
0 8 19 4 l1d
0 8 22 4 l1d
0 8 23 4 l1d
0 8 30 4 l1d
0 8 31 4 l1d
0 9 30 4 l1d
0 9 31 4 l1d
0 9 50 4 l1d
0 9 51 4 l1d
0 10 2 4 l1d
0 10 3 4 l1d
0 10 6 4 l1d
0 10 7 4 l1d
0 10 30 4 l1d
0 10 31 4 l1d
0 11 10 4 l1d
0 11 11 4 l1d
0 11 18 4 l1d
0 11 19 4 l1d
0 11 22 4 l1d
0 11 23 4 l1d
0 11 26 4 l1d
0 11 27 1 l1d
0 11 27 4 l1d
0 11 28 1 l1d
0 11 30 4 l1d
0 11 31 4 l1d
0 11 34 4 l1d
0 11 35 4 l1d
0 11 38 4 l1d
0 11 39 4 l1d
0 11 42 4 l1d
0 11 43 4 l1d
0 11 46 4 l1d
0 11 47 4 l1d
0 11 50 4 l1d
0 11 51 4 l1d
0 11 58 4 l1d
0 11 59 4 l1d
0 12 18 4 l1d
0 12 19 4 l1d
0 12 26 4 l1d
0 12 27 4 l1d
0 12 30 4 l1d
0 12 31 4 l1d
0 12 36 5 l1d
0 12 37 5 l1d
0 13 14 4 l1d
0 13 15 4 l1d
0 13 18 4 l1d
0 13 19 4 l1d
0 13 22 4 l1d
0 13 23 4 l1d
0 13 50 4 l1d
0 13 51 4 l1d
0 13 62 4 l1d
0 13 63 4 l1d
0 14 34 4 l1d
0 14 35 4 l1d
0 15 18 4 l1d
0 15 19 4 l1d
0 15 54 4 l1d
0 15 55 4 l1d
0 16 18 4 l1d
0 16 19 4 l1d
0 16 22 4 l1d
0 16 23 4 l1d
0 18 26 4 l1d
0 18 27 4 l1d
0 19 18 4 l1d
0 19 19 4 l1d
0 19 22 4 l1d
0 19 23 4 l1d
0 19 26 4 l1d
0 19 27 4 l1d
0 19 30 4 l1d
0 19 31 4 l1d
0 19 62 4 l1d
0 19 63 4 l1d
0 20 22 4 l1d
0 20 23 4 l1d
0 21 30 4 l1d
0 21 31 4 l1d
0 21 34 4 l1d
0 21 35 4 l1d
0 22 22 4 l1d
0 22 23 4 l1d
0 22 34 4 l1d
0 22 35 4 l1d
0 24 22 4 l1d
0 24 23 4 l1d
0 24 26 4 l1d
0 24 27 4 l1d
0 24 50 4 l1d
0 24 51 4 l1d
0 25 34 4 l1d
0 25 35 4 l1d
0 26 18 4 l1d
0 26 19 4 l1d
0 26 30 4 l1d
0 26 31 4 l1d
0 26 38 4 l1d
0 26 39 4 l1d
0 26 50 4 l1d
0 26 51 4 l1d
0 27 26 4 l1d
0 27 27 4 l1d
0 27 30 4 l1d
0 27 31 4 l1d
0 27 58 4 l1d
0 27 59 4 l1d
0 27 62 4 l1d
0 27 63 4 l1d
0 29 26 4 l1d
0 29 27 4 l1d
0 29 58 4 l1d
0 29 59 4 l1d
0 29 62 4 l1d
0 29 63 4 l1d
0 30 22 4 l1d
0 30 23 4 l1d
0 30 26 4 l1d
0 30 27 4 l1d
0 31 18 4 l1d
0 31 19 4 l1d
0 31 22 4 l1d
0 31 23 4 l1d
0 31 30 4 l1d
0 31 31 4 l1d
0 31 50 4 l1d
0 31 51 4 l1d
0 31 62 4 l1d
0 31 63 4 l1d
