4 22 6 l1d
4 23 6 l1d
16 18 5 l1d
16 19 5 l1d
16 50 5 l1d
16 51 5 l1d
16 54 5 l1d
16 55 3 l1d
16 55 5 l1d
16 56 3 l1d
16 62 5 l1d
16 63 5 l1d
17 51 3 l1d
17 52 3 l1d
17 55 3 l1d
17 56 3 l1d
19 19 3 l1d
19 20 3 l1d
19 26 5 l1d
19 27 3 l1d
19 27 5 l1d
19 28 3 l1d
19 30 5 l1d
19 31 5 l1d
20 3 3 l1d
20 4 3 l1d
20 18 5 l1d
20 19 0 l1d
20 19 5 l1d
20 20 0 l1d
20 22 5 l1d
20 22 6 l1d
20 23 3 l1d
20 23 5 l1d
20 23 6 l1d
20 24 3 l1d
20 26 5 l1d
20 27 0 l1d
20 27 3 l1d
20 27 5 l1d
20 28 0 l1d
20 28 3 l1d
20 30 5 l1d
20 30 6 l1d
20 31 5 l1d
20 31 6 l1d
20 50 6 l1d
20 51 6 l1d
20 54 5 l1d
20 54 6 l1d
20 55 5 l1d
20 55 6 l1d
21 10 6 l1d
21 11 3 l1d
21 11 6 l1d
21 12 3 l1d
21 14 6 l1d
21 15 3 l1d
21 15 6 l1d
21 16 3 l1d
21 22 6 l1d
21 23 6 l1d
21 50 6 l1d
21 51 6 l1d
21 62 6 l1d
21 63 6 l1d
22 3 3 l1d
22 4 3 l1d
22 7 3 l1d
22 8 3 l1d
22 55 0 l1d
22 56 0 l1d
23 34 5 l1d
23 35 5 l1d
23 42 5 l1d
23 43 5 l1d
23 46 5 l1d
23 47 5 l1d
24 27 0 l1d
24 28 0 l1d
24 62 5 l1d
24 63 5 l1d
25 3 3 l1d
25 4 3 l1d
25 6 6 l1d
25 7 6 l1d
25 26 5 l1d
25 27 3 l1d
25 27 5 l1d
25 28 3 l1d
25 50 5 l1d
25 51 5 l1d
28 2 5 l1d
28 3 0 l1d
28 3 5 l1d
28 4 0 l1d
28 19 3 l1d
28 20 3 l1d
29 6 5 l1d
29 7 5 l1d
29 10 6 l1d
29 11 3 l1d
29 11 6 l1d
29 12 3 l1d
31 26 5 l1d
31 27 5 l1d
