2 55 1 l1d
2 56 1 l1d
5 39 1 l1d
5 40 1 l1d
17 11 1 l1d
17 12 1 l1d
17 31 1 l1d
17 32 1 l1d
17 35 1 l1d
17 36 1 l1d
19 19 1 l1d
19 20 1 l1d
20 27 1 l1d
20 28 1 l1d
21 19 1 l1d
21 20 1 l1d
21 51 1 l1d
21 52 1 l1d
21 55 1 l1d
21 56 1 l1d
21 59 1 l1d
21 60 1 l1d
23 18 5 l1d
23 19 5 l1d
24 51 1 l1d
24 52 1 l1d
26 27 1 l1d
26 28 1 l1d
26 31 1 l1d
26 32 1 l1d
26 55 1 l1d
26 56 1 l1d
27 19 1 l1d
27 20 1 l1d
27 31 1 l1d
27 32 1 l1d
28 51 1 l1d
28 52 1 l1d
29 35 1 l1d
29 36 1 l1d
30 35 1 l1d
30 36 1 l1d
30 55 1 l1d
30 56 1 l1d
