0 0 4 l1d
0 1 4 l1d
0 2 4 l1d
0 3 4 l1d
0 18 4 l1d
0 19 4 l1d
0 38 4 l1d
0 39 4 l1d
0 42 4 l1d
0 43 4 l1d
0 50 4 l1d
0 51 4 l1d
0 62 4 l1d
0 63 4 l1d
1 2 4 l1d
1 3 4 l1d
1 58 4 l1d
1 59 4 l1d
2 2 4 l1d
2 3 4 l1d
2 38 4 l1d
2 39 4 l1d
2 50 4 l1d
2 51 4 l1d
3 30 4 l1d
3 31 4 l1d
3 34 4 l1d
3 35 4 l1d
4 2 4 l1d
4 3 4 l1d
4 14 4 l1d
4 15 4 l1d
4 18 4 l1d
4 19 4 l1d
4 22 4 l1d
4 23 4 l1d
5 14 4 l1d
5 15 4 l1d
5 18 4 l1d
5 19 4 l1d
6 2 4 l1d
6 3 4 l1d
6 6 4 l1d
6 7 4 l1d
6 10 4 l1d
6 11 4 l1d
6 26 4 l1d
6 27 4 l1d
7 30 4 l1d
7 31 4 l1d
7 34 4 l1d
7 35 4 l1d
7 38 4 l1d
7 39 4 l1d
7 46 4 l1d
7 47 4 l1d
7 54 4 l1d
7 55 4 l1d
8 2 4 l1d
8 3 4 l1d
8 58 4 l1d
8 59 4 l1d
9 6 4 l1d
9 7 4 l1d
9 26 4 l1d
9 27 4 l1d
9 50 4 l1d
9 51 4 l1d
9 54 4 l1d
9 55 4 l1d
10 46 4 l1d
10 47 4 l1d
10 50 4 l1d
10 51 4 l1d
10 54 4 l1d
10 55 4 l1d
11 30 4 l1d
11 31 4 l1d
12 2 4 l1d
12 3 4 l1d
12 18 4 l1d
12 19 4 l1d
12 22 4 l1d
12 23 4 l1d
12 26 4 l1d
12 27 4 l1d
12 42 4 l1d
12 43 4 l1d
12 58 4 l1d
12 59 4 l1d
13 2 4 l1d
13 3 4 l1d
13 14 4 l1d
13 15 4 l1d
13 30 4 l1d
13 31 4 l1d
13 34 4 l1d
13 35 4 l1d
13 38 4 l1d
13 39 4 l1d
14 18 4 l1d
14 19 4 l1d
16 28 6 l1d
16 29 6 l1d
17 22 4 l1d
17 23 4 l1d
17 28 6 l1d
17 29 6 l1d
17 60 6 l1d
17 61 6 l1d
18 32 6 l1d
18 33 6 l1d
20 18 4 l1d
20 19 4 l1d
20 28 6 l1d
20 29 6 l1d
24 26 4 l1d
24 27 4 l1d
25 0 6 l1d
25 1 6 l1d
27 60 6 l1d
27 61 6 l1d
