0 7 34 4 l1d
0 7 35 4 l1d
0 9 14 6 l1d
0 9 15 6 l1d
0 11 58 6 l1d
0 11 59 6 l1d
0 12 38 4 l1d
0 12 39 4 l1d
0 12 42 4 l1d
0 12 43 4 l1d
0 13 6 4 l1d
0 13 7 4 l1d
0 13 42 4 l1d
0 13 43 4 l1d
0 18 20 5 l1d
0 18 21 5 l1d
0 18 24 5 l1d
0 18 25 5 l1d
0 18 32 5 l1d
0 18 33 5 l1d
0 18 36 5 l1d
0 18 37 5 l1d
0 18 52 5 l1d
0 18 53 5 l1d
0 18 56 5 l1d
0 18 57 5 l1d
0 19 24 5 l1d
0 19 25 5 l1d
0 19 28 5 l1d
0 19 29 5 l1d
0 19 60 5 l1d
0 19 61 5 l1d
0 20 4 5 l1d
0 20 5 5 l1d
0 20 28 5 l1d
0 20 29 5 l1d
0 20 48 5 l1d
0 20 49 5 l1d
0 21 28 5 l1d
0 21 29 5 l1d
0 21 32 5 l1d
0 21 33 5 l1d
0 21 58 4 l1d
0 21 59 4 l1d
0 21 62 4 l1d
0 21 63 4 l1d
0 22 56 5 l1d
0 22 57 5 l1d
0 23 26 4 l1d
0 23 27 4 l1d
0 24 12 5 l1d
0 24 13 5 l1d
0 24 20 5 l1d
0 24 21 5 l1d
0 24 24 5 l1d
0 24 25 5 l1d
0 24 28 5 l1d
0 24 28 6 l1d
0 24 29 5 l1d
0 24 29 6 l1d
0 24 32 5 l1d
0 24 33 5 l1d
0 26 40 5 l1d
0 26 41 5 l1d
0 27 24 5 l1d
0 27 25 5 l1d
0 27 28 5 l1d
0 27 29 5 l1d
0 28 28 5 l1d
0 28 29 5 l1d
0 29 28 5 l1d
0 29 29 5 l1d
0 29 32 6 l1d
0 29 33 6 l1d
0 31 30 4 l1d
0 31 31 4 l1d
0 31 56 5 l1d
0 31 57 5 l1d
