0 20 5 l1d
0 21 5 l1d
0 24 5 l1d
0 25 5 l1d
0 32 5 l1d
0 33 5 l1d
1 20 5 l1d
1 21 5 l1d
1 32 5 l1d
1 33 5 l1d
2 36 5 l1d
2 37 5 l1d
3 28 5 l1d
3 29 5 l1d
3 32 5 l1d
3 33 5 l1d
4 16 5 l1d
4 17 5 l1d
4 20 5 l1d
4 21 5 l1d
4 40 5 l1d
4 41 5 l1d
4 48 5 l1d
4 49 5 l1d
4 52 5 l1d
4 53 5 l1d
4 56 5 l1d
4 57 5 l1d
5 4 5 l1d
5 5 5 l1d
5 32 5 l1d
5 33 5 l1d
6 24 5 l1d
6 25 5 l1d
6 28 5 l1d
6 29 5 l1d
7 52 5 l1d
7 53 5 l1d
8 32 5 l1d
8 33 5 l1d
8 48 5 l1d
8 49 5 l1d
10 24 5 l1d
10 25 5 l1d
11 24 5 l1d
11 25 5 l1d
11 32 5 l1d
11 33 5 l1d
12 32 5 l1d
12 33 5 l1d
13 20 5 l1d
13 21 5 l1d
13 32 5 l1d
13 33 5 l1d
13 40 5 l1d
13 41 5 l1d
13 52 5 l1d
13 53 5 l1d
13 56 5 l1d
13 57 5 l1d
14 0 5 l1d
14 1 5 l1d
17 44 5 l1d
17 45 5 l1d
18 20 5 l1d
18 21 5 l1d
19 24 5 l1d
19 25 5 l1d
19 60 5 l1d
19 61 5 l1d
20 0 5 l1d
20 1 5 l1d
20 20 5 l1d
20 21 5 l1d
20 32 5 l1d
20 33 5 l1d
20 36 5 l1d
20 37 5 l1d
20 52 5 l1d
20 53 5 l1d
21 20 5 l1d
21 21 5 l1d
21 40 5 l1d
21 41 5 l1d
21 52 5 l1d
21 53 5 l1d
21 56 5 l1d
21 57 5 l1d
22 20 5 l1d
22 21 5 l1d
22 24 5 l1d
22 25 5 l1d
25 0 5 l1d
25 1 5 l1d
26 28 5 l1d
26 29 5 l1d
27 36 5 l1d
27 37 5 l1d
27 56 5 l1d
27 57 5 l1d
28 40 5 l1d
28 41 5 l1d
28 56 5 l1d
28 57 5 l1d
29 16 5 l1d
29 17 5 l1d
30 4 5 l1d
30 5 5 l1d
30 12 5 l1d
30 13 5 l1d
30 32 5 l1d
30 33 5 l1d
30 36 5 l1d
30 37 5 l1d
30 48 5 l1d
30 49 5 l1d
31 28 5 l1d
31 29 5 l1d
