0 29 1 l1d
0 30 1 l1d
1 53 1 l1d
1 54 1 l1d
4 29 1 l1d
4 30 1 l1d
4 33 1 l1d
4 34 1 l1d
6 21 1 l1d
6 22 1 l1d
7 61 1 l1d
7 62 1 l1d
11 53 1 l1d
11 54 1 l1d
16 9 1 l1d
16 10 1 l1d
16 13 1 l1d
16 14 1 l1d
16 45 1 l1d
16 46 1 l1d
16 49 1 l1d
16 50 1 l1d
17 61 1 l1d
17 62 1 l1d
18 41 1 l1d
18 42 1 l1d
18 45 1 l1d
18 46 1 l1d
18 49 1 l1d
18 50 1 l1d
19 17 1 l1d
19 18 1 l1d
19 41 1 l1d
19 42 1 l1d
19 45 1 l1d
19 46 1 l1d
20 29 1 l1d
20 30 1 l1d
21 17 1 l1d
21 18 1 l1d
21 21 1 l1d
21 22 1 l1d
21 37 1 l1d
21 38 1 l1d
22 37 1 l1d
22 38 1 l1d
22 41 1 l1d
22 42 1 l1d
23 5 1 l1d
23 6 1 l1d
23 17 1 l1d
23 18 1 l1d
23 21 1 l1d
23 22 1 l1d
23 45 1 l1d
23 46 1 l1d
23 53 1 l1d
23 54 1 l1d
24 37 1 l1d
24 38 1 l1d
24 41 1 l1d
24 42 1 l1d
24 45 1 l1d
24 46 1 l1d
24 49 1 l1d
24 50 1 l1d
25 5 1 l1d
25 6 1 l1d
25 9 1 l1d
25 10 1 l1d
25 13 1 l1d
25 14 1 l1d
25 17 1 l1d
25 18 1 l1d
25 41 1 l1d
25 42 1 l1d
25 45 1 l1d
25 46 1 l1d
26 1 1 l1d
26 2 1 l1d
26 21 1 l1d
26 22 1 l1d
26 25 1 l1d
26 26 1 l1d
26 41 1 l1d
26 42 1 l1d
26 45 1 l1d
26 46 1 l1d
26 53 1 l1d
26 54 1 l1d
26 57 1 l1d
26 58 1 l1d
27 5 1 l1d
27 6 1 l1d
27 9 1 l1d
27 10 1 l1d
27 25 1 l1d
27 26 1 l1d
27 29 1 l1d
27 30 1 l1d
27 33 1 l1d
27 34 1 l1d
27 45 1 l1d
27 46 1 l1d
27 49 1 l1d
27 50 1 l1d
28 37 1 l1d
28 38 1 l1d
28 41 1 l1d
28 42 1 l1d
28 49 1 l1d
28 50 1 l1d
28 57 1 l1d
28 58 1 l1d
29 9 1 l1d
29 10 1 l1d
29 41 1 l1d
29 42 1 l1d
29 45 1 l1d
29 46 1 l1d
29 49 1 l1d
29 50 1 l1d
30 13 1 l1d
30 14 1 l1d
30 17 1 l1d
30 18 1 l1d
30 25 1 l1d
30 26 1 l1d
31 5 1 l1d
31 6 1 l1d
31 41 1 l1d
31 42 1 l1d
31 45 1 l1d
31 46 1 l1d
31 53 1 l1d
31 54 1 l1d
31 57 1 l1d
31 58 1 l1d
