16 18 7 l1d
31 63 1 l1d
7 52 5 l1d
31 24 0 l1d
5 37 8 l1d
22 19 2 l1d
23 9 0 l1d
2 37 6 l1d
15 61 0 l1d
9 4 3 l1d
18 40 4 l1d
20 24 3 l1d
14 2 8 l1d
10 43 2 l1d
0 16 0 l1d
7 62 2 l1d
26 15 2 l1d
3 37 5 l1d
12 58 6 l1d
18 30 6 l1d
1 11 0 l1d
1 63 3 l1d
18 30 7 l1d
19 58 0 l1d
1 4 1 l1d
31 62 0 l1d
5 61 1 l1d
26 54 0 l1d
6 45 5 l1d
23 2 3 l1d
22 0 6 l1d
18 51 7 l1d
15 11 1 l1d
22 38 3 l1d
11 48 8 l1d
13 28 1 l1d
27 56 1 l1d
16 51 1 l1d
2 27 1 l1d
22 14 7 l1d
12 59 8 l1d
3 27 3 l1d
31 50 5 l1d
29 48 1 l1d
24 2 5 l1d
18 40 6 l1d
28 50 4 l1d
29 42 0 l1d
3 40 3 l1d
23 51 6 l1d
14 35 6 l1d
2 3 1 l1d
20 17 6 l1d
6 56 0 l1d
24 7 4 l1d
4 50 6 l1d
10 30 2 l1d
22 30 2 l1d
10 20 3 l1d
14 3 0 l1d
11 40 7 l1d
18 14 4 l1d
2 56 5 l1d
25 11 3 l1d
2 0 6 l1d
25 20 8 l1d
18 37 5 l1d
10 9 8 l1d
11 21 1 l1d
31 22 8 l1d
28 43 6 l1d
18 45 5 l1d
19 49 0 l1d
0 18 1 l1d
11 38 7 l1d
14 19 8 l1d
10 0 4 l1d
32 7 0 l1d
14 3 2 l1d
22 60 4 l1d
10 63 6 l1d
20 14 3 l1d
5 23 0 l1d
32 50 6 l1d
27 38 1 l1d
25 61 4 l1d
