13 27 2 l1d
19 8 0 l1d
29 27 4 l1d
1 13 8 l1d
14 27 8 l1d
18 39 1 l1d
19 19 7 l1d
10 57 0 l1d
29 20 0 l1d
31 53 2 l1d
7 46 0 l1d
6 13 1 l1d
30 43 6 l1d
0 16 4 l1d
17 31 2 l1d
22 39 7 l1d
17 19 0 l1d
29 23 5 l1d
23 6 3 l1d
9 50 3 l1d
12 11 5 l1d
6 45 0 l1d
6 10 2 l1d
21 42 3 l1d
17 14 2 l1d
10 48 0 l1d
8 31 6 l1d
28 62 6 l1d
7 38 0 l1d
9 38 7 l1d
25 40 5 l1d
9 5 4 l1d
17 46 0 l1d
14 37 1 l1d
29 3 2 l1d
8 29 6 l1d
12 41 2 l1d
19 17 0 l1d
22 45 0 l1d
2 34 1 l1d
31 56 3 l1d
28 17 6 l1d
2 40 8 l1d
28 60 2 l1d
28 29 0 l1d
25 34 2 l1d
17 22 6 l1d
11 4 2 l1d
22 15 4 l1d
4 44 6 l1d
30 62 5 l1d
9 49 1 l1d
24 34 4 l1d
14 26 1 l1d
8 58 7 l1d
16 23 8 l1d
21 47 7 l1d
30 9 8 l1d
11 1 6 l1d
25 59 5 l1d
12 56 0 l1d
16 58 6 l1d
30 63 4 l1d
14 48 4 l1d
11 6 4 l1d
7 43 4 l1d
8 43 2 l1d
9 57 8 l1d
24 46 4 l1d
21 51 8 l1d
11 28 6 l1d
18 55 2 l1d
24 36 8 l1d
2 48 3 l1d
10 5 1 l1d
3 12 0 l1d
6 41 5 l1d
25 12 4 l1d
8 36 7 l1d
23 39 0 l1d
30 56 0 l1d
1 20 6 l1d
32 48 2 l1d
9 16 2 l1d
7 19 1 l1d
4 26 5 l1d
5 64 2 l1d
17 18 2 l1d
30 33 6 l1d
2 49 4 l1d
15 30 0 l1d
29 35 5 l1d
8 39 2 l1d
16 20 3 l1d
26 7 6 l1d
8 35 8 l1d
8 6 6 l1d
28 35 8 l1d
22 53 4 l1d
9 9 5 l1d
21 5 8 l1d
5 50 8 l1d
0 20 7 l1d
8 7 5 l1d
