0 34 4 l1d
24 18 1 l1d
19 29 4 l1d
1 32 8 l1d
20 27 4 l1d
2 22 5 l1d
13 56 5 l1d
16 19 0 l1d
18 21 1 l1d
25 15 1 l1d
21 36 7 l1d
15 27 5 l1d
1 42 1 l1d
4 3 6 l1d
19 20 1 l1d
29 15 6 l1d
15 14 8 l1d
4 51 2 l1d
23 18 7 l1d
15 21 6 l1d
13 50 2 l1d
23 58 2 l1d
10 53 8 l1d
30 50 8 l1d
32 41 2 l1d
22 42 3 l1d
14 41 1 l1d
1 14 7 l1d
15 40 4 l1d
6 30 7 l1d
27 39 6 l1d
2 22 8 l1d
8 22 1 l1d
30 27 2 l1d
17 10 8 l1d
10 53 4 l1d
26 18 4 l1d
27 2 5 l1d
5 20 8 l1d
25 28 6 l1d
2 63 0 l1d
28 10 4 l1d
32 3 8 l1d
18 19 8 l1d
8 44 2 l1d
9 13 1 l1d
15 13 0 l1d
29 40 0 l1d
31 9 1 l1d
11 46 1 l1d
0 49 6 l1d
0 38 5 l1d
3 42 2 l1d
4 19 8 l1d
22 35 8 l1d
10 55 3 l1d
30 36 1 l1d
30 16 5 l1d
10 54 6 l1d
8 3 5 l1d
25 4 3 l1d
26 4 4 l1d
8 48 7 l1d
5 44 1 l1d
31 17 8 l1d
7 40 1 l1d
24 0 0 l1d
21 38 1 l1d
18 4 5 l1d
14 29 7 l1d
1 3 6 l1d
10 57 7 l1d
