2 36 1 l1d
6 41 4 l1d
25 52 7 l1d
12 14 2 l1d
26 41 8 l1d
24 35 2 l1d
27 64 2 l1d
20 13 6 l1d
4 5 6 l1d
32 17 3 l1d
17 33 0 l1d
5 15 8 l1d
5 45 0 l1d
17 19 1 l1d
20 33 1 l1d
27 60 0 l1d
10 37 6 l1d
19 14 7 l1d
23 27 6 l1d
11 53 1 l1d
20 39 6 l1d
4 9 7 l1d
26 36 0 l1d
2 39 6 l1d
25 5 2 l1d
11 43 0 l1d
17 34 3 l1d
22 18 8 l1d
10 10 2 l1d
17 52 3 l1d
24 32 0 l1d
30 11 6 l1d
17 17 4 l1d
16 18 3 l1d
32 55 1 l1d
18 59 4 l1d
18 34 2 l1d
24 36 6 l1d
9 57 4 l1d
3 47 2 l1d
31 18 1 l1d
31 26 6 l1d
18 18 0 l1d
9 18 1 l1d
16 54 7 l1d
23 6 5 l1d
2 45 5 l1d
5 46 3 l1d
21 28 8 l1d
29 13 8 l1d
4 39 4 l1d
16 40 4 l1d
21 34 7 l1d
5 20 6 l1d
2 48 8 l1d
7 6 8 l1d
5 3 5 l1d
25 62 7 l1d
21 48 3 l1d
14 23 8 l1d
26 39 1 l1d
13 10 6 l1d
22 13 2 l1d
17 29 3 l1d
3 21 6 l1d
28 21 2 l1d
24 50 5 l1d
19 16 3 l1d
2 49 5 l1d
21 5 7 l1d
30 50 2 l1d
16 25 1 l1d
31 27 1 l1d
31 27 2 l1d
