2 62 8 l1d
12 52 6 l1d
29 24 3 l1d
28 10 1 l1d
25 60 1 l1d
25 2 7 l1d
11 52 2 l1d
11 26 8 l1d
1 50 3 l1d
29 10 3 l1d
32 3 7 l1d
8 6 1 l1d
11 11 7 l1d
19 25 2 l1d
23 3 3 l1d
22 28 3 l1d
22 30 0 l1d
5 53 3 l1d
29 36 2 l1d
10 43 1 l1d
14 45 4 l1d
27 3 0 l1d
31 2 3 l1d
30 32 4 l1d
2 11 7 l1d
12 0 7 l1d
20 53 0 l1d
7 64 0 l1d
18 25 0 l1d
32 64 8 l1d
25 60 1 l1d
28 21 1 l1d
27 36 0 l1d
8 22 8 l1d
8 56 1 l1d
5 1 2 l1d
7 17 2 l1d
9 55 2 l1d
6 16 4 l1d
7 59 6 l1d
9 39 5 l1d
13 17 5 l1d
29 27 2 l1d
19 48 3 l1d
