19 47 3 l1d
18 13 8 l1d
2 25 1 l1d
4 64 4 l1d
25 51 5 l1d
7 29 6 l1d
15 45 7 l1d
18 19 1 l1d
15 26 6 l1d
1 54 2 l1d
31 20 7 l1d
0 25 0 l1d
5 48 5 l1d
3 11 2 l1d
26 12 0 l1d
18 8 1 l1d
16 16 6 l1d
12 8 5 l1d
17 16 5 l1d
0 12 8 l1d
29 64 3 l1d
29 1 4 l1d
32 6 1 l1d
25 47 0 l1d
4 58 0 l1d
17 63 1 l1d
32 24 1 l1d
17 4 2 l1d
29 27 8 l1d
6 25 7 l1d
25 13 7 l1d
31 17 6 l1d
6 18 4 l1d
22 9 8 l1d
10 55 5 l1d
24 15 6 l1d
31 62 5 l1d
31 16 2 l1d
18 37 3 l1d
3 1 6 l1d
24 1 4 l1d
11 34 5 l1d
0 64 3 l1d
29 40 3 l1d
0 28 1 l1d
29 16 6 l1d
18 51 1 l1d
19 1 4 l1d
11 10 8 l1d
32 47 5 l1d
18 57 8 l1d
19 8 0 l1d
6 36 0 l1d
9 61 5 l1d
7 39 4 l1d
12 24 0 l1d
