25 55 6 l1d
12 16 5 l1d
15 35 1 l1d
16 13 0 l1d
10 11 1 l1d
26 25 3 l1d
27 57 8 l1d
10 34 2 l1d
5 51 3 l1d
1 43 3 l1d
9 52 8 l1d
8 51 3 l1d
7 55 1 l1d
6 52 0 l1d
8 18 1 l1d
25 60 6 l1d
12 37 8 l1d
3 32 8 l1d
23 6 4 l1d
19 17 5 l1d
6 33 8 l1d
11 48 3 l1d
16 8 2 l1d
5 8 4 l1d
32 16 6 l1d
13 2 4 l1d
22 47 6 l1d
8 19 4 l1d
30 17 4 l1d
15 63 6 l1d
32 33 4 l1d
10 16 4 l1d
25 53 6 l1d
15 35 6 l1d
4 59 7 l1d
11 29 1 l1d
19 1 7 l1d
22 60 1 l1d
14 46 5 l1d
19 36 6 l1d
1 20 7 l1d
31 2 0 l1d
1 48 1 l1d
26 28 0 l1d
18 63 1 l1d
3 37 1 l1d
23 38 4 l1d
8 35 1 l1d
25 39 6 l1d
5 43 5 l1d
16 26 7 l1d
23 37 6 l1d
23 40 0 l1d
1 63 5 l1d
13 53 3 l1d
17 3 7 l1d
27 13 0 l1d
0 16 1 l1d
16 28 7 l1d
9 52 2 l1d
7 18 1 l1d
13 35 0 l1d
1 56 0 l1d
8 15 5 l1d
20 52 1 l1d
9 0 5 l1d
30 35 4 l1d
12 51 4 l1d
13 33 6 l1d
0 19 8 l1d
1 63 1 l1d
6 0 6 l1d
25 40 3 l1d
11 63 5 l1d
14 14 5 l1d
9 11 5 l1d
29 30 1 l1d
21 22 1 l1d
27 29 6 l1d
18 45 5 l1d
11 6 1 l1d
18 18 0 l1d
3 38 5 l1d
7 64 6 l1d
29 17 7 l1d
13 17 7 l1d
32 5 2 l1d
7 37 7 l1d
4 44 3 l1d
31 0 0 l1d
30 16 8 l1d
16 40 5 l1d
2 11 8 l1d
23 46 4 l1d
9 34 3 l1d
32 42 6 l1d
8 2 5 l1d
10 59 0 l1d
32 48 7 l1d
11 38 8 l1d
6 39 2 l1d
11 42 8 l1d
