22 59 8 l1d
17 39 0 l1d
2 14 7 l1d
18 25 0 l1d
28 16 0 l1d
5 52 1 l1d
1 6 2 l1d
14 34 0 l1d
12 10 4 l1d
24 63 8 l1d
2 25 3 l1d
31 3 7 l1d
3 4 2 l1d
6 20 5 l1d
6 57 1 l1d
29 59 2 l1d
19 25 6 l1d
27 11 7 l1d
5 22 5 l1d
22 17 0 l1d
19 29 0 l1d
28 31 1 l1d
3 39 2 l1d
1 47 8 l1d
7 46 1 l1d
8 64 3 l1d
6 5 1 l1d
22 35 6 l1d
4 48 4 l1d
30 5 3 l1d
6 16 5 l1d
22 11 6 l1d
18 52 3 l1d
28 63 0 l1d
30 48 8 l1d
16 40 3 l1d
32 61 4 l1d
0 51 4 l1d
17 42 2 l1d
31 24 3 l1d
27 60 0 l1d
29 57 5 l1d
9 33 0 l1d
12 17 2 l1d
30 31 5 l1d
18 17 5 l1d
