0 16 6 l1d
11 6 4 l1d
2 45 5 l1d
12 21 4 l1d
3 16 2 l1d
13 61 2 l1d
18 32 4 l1d
1 52 3 l1d
22 12 7 l1d
3 18 7 l1d
29 47 6 l1d
13 63 0 l1d
15 0 6 l1d
2 11 8 l1d
7 25 3 l1d
11 0 7 l1d
22 50 5 l1d
5 22 2 l1d
21 41 0 l1d
16 11 8 l1d
29 7 2 l1d
1 57 0 l1d
2 53 8 l1d
28 24 6 l1d
9 48 1 l1d
18 28 8 l1d
5 55 0 l1d
32 29 7 l1d
9 2 5 l1d
18 39 3 l1d
1 18 5 l1d
10 20 7 l1d
8 22 2 l1d
13 11 6 l1d
32 2 4 l1d
29 54 8 l1d
11 50 6 l1d
16 62 5 l1d
32 0 7 l1d
6 2 5 l1d
2 39 7 l1d
31 7 2 l1d
15 16 8 l1d
4 16 3 l1d
21 12 8 l1d
29 64 5 l1d
26 55 4 l1d
26 26 4 l1d
10 62 0 l1d
7 32 4 l1d
5 35 2 l1d
4 16 0 l1d
