26 1 5 l1d
30 46 8 l1d
22 6 4 l1d
30 58 4 l1d
11 45 0 l1d
30 44 0 l1d
25 46 4 l1d
2 63 8 l1d
16 21 8 l1d
15 25 2 l1d
20 20 1 l1d
2 17 2 l1d
7 9 6 l1d
7 51 2 l1d
8 5 8 l1d
25 16 1 l1d
19 22 4 l1d
13 37 8 l1d
5 36 6 l1d
2 35 3 l1d
26 8 0 l1d
22 38 7 l1d
17 49 0 l1d
27 6 0 l1d
7 49 0 l1d
16 27 0 l1d
22 27 3 l1d
17 20 5 l1d
20 14 8 l1d
28 4 0 l1d
9 8 7 l1d
6 44 2 l1d
19 16 2 l1d
16 48 6 l1d
19 20 8 l1d
0 28 2 l1d
26 56 0 l1d
30 8 5 l1d
6 42 2 l1d
7 6 0 l1d
24 24 1 l1d
18 64 3 l1d
8 37 7 l1d
15 26 4 l1d
11 13 2 l1d
15 19 4 l1d
30 5 4 l1d
23 23 1 l1d
23 31 3 l1d
19 12 0 l1d
22 50 3 l1d
7 48 8 l1d
7 2 2 l1d
16 18 1 l1d
12 8 3 l1d
0 17 3 l1d
6 48 8 l1d
28 36 1 l1d
31 51 2 l1d
4 36 5 l1d
32 5 0 l1d
7 58 1 l1d
29 16 8 l1d
2 42 7 l1d
11 58 5 l1d
20 63 0 l1d
26 41 2 l1d
18 27 0 l1d
19 32 4 l1d
4 24 2 l1d
32 38 4 l1d
20 39 2 l1d
0 49 2 l1d
23 36 3 l1d
5 62 3 l1d
14 63 1 l1d
11 20 8 l1d
15 51 6 l1d
27 8 6 l1d
16 15 1 l1d
21 9 6 l1d
2 10 0 l1d
21 25 4 l1d
17 34 8 l1d
1 43 7 l1d
1 12 6 l1d
20 57 0 l1d
3 48 3 l1d
3 54 0 l1d
28 40 0 l1d
6 44 3 l1d
15 23 5 l1d
22 22 1 l1d
29 33 3 l1d
31 25 4 l1d
10 64 3 l1d
25 0 3 l1d
14 38 5 l1d
15 52 6 l1d
26 15 8 l1d
17 56 2 l1d
11 44 4 l1d
29 13 1 l1d
24 4 2 l1d
30 49 3 l1d
21 14 1 l1d
6 45 4 l1d
9 43 1 l1d
1 15 4 l1d
21 13 1 l1d
19 40 2 l1d
9 20 2 l1d
8 53 7 l1d
20 38 5 l1d
10 41 8 l1d
12 22 4 l1d
7 45 0 l1d
7 29 4 l1d
5 52 6 l1d
11 8 6 l1d
25 51 5 l1d
6 17 6 l1d
14 14 2 l1d
11 64 1 l1d
5 10 4 l1d
10 51 4 l1d
16 36 3 l1d
14 29 3 l1d
32 34 0 l1d
9 1 3 l1d
3 60 8 l1d
30 48 7 l1d
1 31 4 l1d
27 63 3 l1d
13 3 1 l1d
22 28 0 l1d
29 63 0 l1d
24 30 6 l1d
14 28 8 l1d
10 18 4 l1d
6 48 1 l1d
26 33 4 l1d
8 1 5 l1d
5 43 8 l1d
15 17 6 l1d
14 19 8 l1d
19 26 0 l1d
24 32 1 l1d
