19 18 0 l1d
23 43 8 l1d
4 54 1 l1d
22 27 7 l1d
11 56 1 l1d
25 30 3 l1d
26 53 5 l1d
13 37 5 l1d
5 37 4 l1d
18 12 3 l1d
21 23 8 l1d
31 53 1 l1d
30 52 2 l1d
24 54 8 l1d
7 31 2 l1d
11 14 2 l1d
11 28 2 l1d
20 55 4 l1d
17 34 7 l1d
11 52 8 l1d
14 12 8 l1d
16 45 6 l1d
1 44 6 l1d
21 57 7 l1d
27 58 0 l1d
4 1 3 l1d
24 51 8 l1d
29 46 5 l1d
17 32 4 l1d
13 1 8 l1d
5 0 2 l1d
32 19 2 l1d
15 10 8 l1d
13 21 0 l1d
19 37 2 l1d
4 40 0 l1d
11 54 3 l1d
13 2 7 l1d
0 17 7 l1d
31 59 8 l1d
8 0 7 l1d
11 46 4 l1d
4 51 2 l1d
9 20 2 l1d
17 48 6 l1d
25 54 0 l1d
22 20 5 l1d
27 4 2 l1d
10 41 5 l1d
5 11 5 l1d
8 5 0 l1d
4 11 6 l1d
23 22 0 l1d
11 59 3 l1d
