4 41 4 l1d
29 53 3 l1d
2 2 0 l1d
15 34 3 l1d
4 12 8 l1d
5 35 4 l1d
9 26 5 l1d
19 47 8 l1d
13 42 2 l1d
8 56 6 l1d
8 15 6 l1d
26 43 3 l1d
8 58 2 l1d
8 34 0 l1d
24 46 4 l1d
4 64 7 l1d
22 50 7 l1d
6 46 2 l1d
26 20 0 l1d
0 48 0 l1d
30 60 8 l1d
0 18 3 l1d
3 30 5 l1d
2 32 6 l1d
11 15 6 l1d
13 25 6 l1d
4 50 5 l1d
12 49 2 l1d
4 40 3 l1d
11 49 1 l1d
16 50 6 l1d
12 33 4 l1d
2 54 7 l1d
11 34 8 l1d
9 59 1 l1d
6 56 7 l1d
23 26 8 l1d
3 16 8 l1d
24 20 5 l1d
26 52 2 l1d
6 58 1 l1d
26 26 7 l1d
26 51 3 l1d
2 40 8 l1d
9 57 2 l1d
11 31 1 l1d
10 34 7 l1d
3 62 4 l1d
25 64 3 l1d
14 17 4 l1d
31 41 4 l1d
13 55 2 l1d
0 45 6 l1d
29 30 3 l1d
30 52 6 l1d
9 27 3 l1d
15 39 2 l1d
15 23 2 l1d
31 50 3 l1d
1 32 7 l1d
1 51 2 l1d
3 48 5 l1d
8 8 6 l1d
16 59 5 l1d
20 51 7 l1d
27 55 7 l1d
3 64 8 l1d
12 51 0 l1d
8 12 7 l1d
9 43 0 l1d
25 0 8 l1d
26 41 6 l1d
24 35 0 l1d
22 62 8 l1d
13 39 5 l1d
21 5 5 l1d
7 61 7 l1d
4 57 2 l1d
2 55 6 l1d
8 38 5 l1d
12 5 0 l1d
21 15 7 l1d
14 6 7 l1d
29 6 0 l1d
4 22 2 l1d
25 46 4 l1d
8 38 7 l1d
8 37 8 l1d
1 58 6 l1d
3 50 8 l1d
18 47 6 l1d
9 30 6 l1d
2 3 1 l1d
17 20 8 l1d
0 45 8 l1d
17 7 1 l1d
29 59 8 l1d
28 23 1 l1d
25 59 3 l1d
1 5 3 l1d
19 43 0 l1d
12 23 5 l1d
4 26 2 l1d
20 28 8 l1d
7 50 5 l1d
11 12 8 l1d
32 41 5 l1d
31 22 8 l1d
18 44 6 l1d
11 59 2 l1d
