16 29 4 l1d
21 13 7 l1d
11 52 5 l1d
15 12 1 l1d
25 17 6 l1d
17 42 3 l1d
15 38 6 l1d
22 7 5 l1d
27 42 6 l1d
0 13 8 l1d
12 60 6 l1d
5 53 6 l1d
24 59 6 l1d
17 17 0 l1d
0 42 0 l1d
19 1 8 l1d
8 24 5 l1d
5 49 0 l1d
14 7 4 l1d
12 36 2 l1d
30 14 7 l1d
4 50 2 l1d
15 44 4 l1d
18 22 1 l1d
21 52 0 l1d
10 19 3 l1d
13 23 6 l1d
23 49 6 l1d
15 54 2 l1d
4 24 0 l1d
10 26 5 l1d
24 61 6 l1d
4 25 2 l1d
27 61 5 l1d
18 58 4 l1d
25 58 1 l1d
15 25 6 l1d
3 42 7 l1d
22 61 7 l1d
0 1 2 l1d
29 22 7 l1d
30 26 1 l1d
12 20 2 l1d
8 52 8 l1d
