18 21 8 l1d
11 23 3 l1d
18 27 6 l1d
12 26 1 l1d
11 50 7 l1d
5 33 2 l1d
18 39 6 l1d
3 17 8 l1d
20 5 6 l1d
17 3 1 l1d
22 32 2 l1d
12 57 6 l1d
4 53 4 l1d
14 17 0 l1d
26 60 6 l1d
8 25 5 l1d
6 30 2 l1d
15 36 3 l1d
2 48 6 l1d
8 62 0 l1d
8 1 8 l1d
21 8 8 l1d
21 3 0 l1d
12 39 2 l1d
25 57 1 l1d
15 6 2 l1d
2 63 8 l1d
2 2 7 l1d
20 52 7 l1d
5 58 7 l1d
16 3 8 l1d
9 11 7 l1d
5 49 4 l1d
13 32 7 l1d
8 52 3 l1d
3 33 3 l1d
0 28 1 l1d
6 31 5 l1d
8 49 0 l1d
16 42 1 l1d
26 17 0 l1d
4 32 0 l1d
13 22 0 l1d
17 19 0 l1d
11 16 4 l1d
24 22 7 l1d
15 62 4 l1d
1 25 7 l1d
25 43 6 l1d
8 50 8 l1d
31 30 4 l1d
20 52 0 l1d
32 0 3 l1d
19 49 5 l1d
19 13 0 l1d
0 56 0 l1d
8 41 1 l1d
30 14 0 l1d
28 21 7 l1d
11 44 2 l1d
22 27 1 l1d
0 34 2 l1d
20 2 2 l1d
24 50 4 l1d
25 36 0 l1d
0 38 5 l1d
23 42 1 l1d
23 32 7 l1d
29 10 8 l1d
8 16 7 l1d
11 1 3 l1d
27 60 6 l1d
6 7 6 l1d
3 51 7 l1d
4 29 2 l1d
28 39 0 l1d
10 42 2 l1d
11 60 3 l1d
20 39 5 l1d
6 5 8 l1d
0 39 1 l1d
6 41 5 l1d
29 0 5 l1d
0 25 6 l1d
19 6 1 l1d
15 0 8 l1d
15 30 2 l1d
6 24 3 l1d
0 25 3 l1d
6 15 2 l1d
26 33 5 l1d
9 49 0 l1d
28 16 5 l1d
5 22 8 l1d
2 11 0 l1d
30 18 6 l1d
28 2 1 l1d
28 46 4 l1d
9 25 1 l1d
17 24 1 l1d
8 50 4 l1d
6 11 3 l1d
6 52 5 l1d
6 28 3 l1d
32 31 4 l1d
14 54 3 l1d
18 50 1 l1d
26 42 8 l1d
3 28 2 l1d
29 30 7 l1d
25 33 6 l1d
2 40 6 l1d
11 37 4 l1d
20 1 5 l1d
2 37 8 l1d
32 25 4 l1d
22 49 5 l1d
11 31 1 l1d
23 46 1 l1d
0 4 0 l1d
30 25 0 l1d
13 46 8 l1d
23 28 8 l1d
16 58 5 l1d
24 62 0 l1d
13 34 8 l1d
17 24 8 l1d
4 21 6 l1d
15 3 5 l1d
19 18 0 l1d
12 17 1 l1d
10 21 4 l1d
15 9 7 l1d
28 1 6 l1d
17 53 7 l1d
0 61 0 l1d
28 56 8 l1d
19 50 5 l1d
16 35 5 l1d
32 56 5 l1d
3 62 2 l1d
6 46 5 l1d
24 60 3 l1d
8 31 0 l1d
29 14 1 l1d
29 40 1 l1d
18 22 2 l1d
0 13 8 l1d
2 22 3 l1d
0 35 3 l1d
31 15 8 l1d
20 43 1 l1d
8 25 1 l1d
25 12 1 l1d
15 49 7 l1d
8 37 4 l1d
16 46 6 l1d
23 57 4 l1d
23 0 5 l1d
30 19 0 l1d
14 57 6 l1d
32 49 6 l1d
2 43 8 l1d
4 41 0 l1d
30 31 0 l1d
2 41 1 l1d
3 42 2 l1d
31 24 5 l1d
27 7 5 l1d
24 64 7 l1d
18 50 0 l1d
19 7 1 l1d
20 21 2 l1d
1 56 5 l1d
17 27 0 l1d
30 26 6 l1d
4 64 7 l1d
27 59 3 l1d
27 34 1 l1d
24 45 8 l1d
28 51 8 l1d
6 44 4 l1d
5 50 2 l1d
32 50 3 l1d
21 18 4 l1d
21 49 2 l1d
23 13 6 l1d
16 2 1 l1d
29 4 1 l1d
20 27 2 l1d
27 58 7 l1d
30 31 2 l1d
4 49 7 l1d
18 30 8 l1d
11 55 0 l1d
25 31 4 l1d
31 45 6 l1d
10 25 1 l1d
9 36 2 l1d
10 48 3 l1d
16 19 1 l1d
14 38 7 l1d
25 58 6 l1d
24 16 7 l1d
25 39 3 l1d
3 44 6 l1d
12 11 8 l1d
17 0 6 l1d
19 3 3 l1d
29 46 5 l1d
22 11 0 l1d
31 8 7 l1d
14 18 2 l1d
12 26 2 l1d
22 61 4 l1d
6 46 2 l1d
28 1 8 l1d
2 53 1 l1d
27 36 3 l1d
7 0 7 l1d
14 62 4 l1d
3 12 2 l1d
15 44 5 l1d
11 4 1 l1d
0 24 1 l1d
30 25 6 l1d
10 31 7 l1d
5 29 1 l1d
32 55 3 l1d
17 8 2 l1d
24 12 1 l1d
24 14 4 l1d
17 33 2 l1d
8 0 2 l1d
15 24 7 l1d
1 24 5 l1d
15 2 3 l1d
18 43 4 l1d
25 9 0 l1d
24 10 1 l1d
26 13 4 l1d
28 26 8 l1d
18 18 2 l1d
29 53 6 l1d
22 23 3 l1d
15 58 4 l1d
26 25 1 l1d
31 8 2 l1d
2 28 8 l1d
32 53 5 l1d
16 37 0 l1d
22 34 8 l1d
6 35 7 l1d
19 54 3 l1d
0 43 1 l1d
32 53 5 l1d
24 20 7 l1d
2 39 8 l1d
12 60 6 l1d
22 41 6 l1d
6 28 4 l1d
21 7 0 l1d
5 57 6 l1d
6 43 4 l1d
17 0 0 l1d
27 40 1 l1d
27 15 5 l1d
6 30 7 l1d
18 7 5 l1d
23 14 5 l1d
11 52 3 l1d
28 18 1 l1d
24 27 7 l1d
26 14 8 l1d
15 17 0 l1d
32 54 1 l1d
10 20 2 l1d
3 18 5 l1d
11 29 0 l1d
31 54 0 l1d
5 57 3 l1d
0 16 5 l1d
5 25 4 l1d
28 51 4 l1d
21 24 3 l1d
16 31 2 l1d
16 22 1 l1d
6 41 3 l1d
2 17 4 l1d
29 30 4 l1d
28 10 3 l1d
12 23 3 l1d
32 42 5 l1d
0 15 3 l1d
29 21 7 l1d
9 62 5 l1d
6 11 5 l1d
19 7 4 l1d
1 63 6 l1d
25 50 0 l1d
15 47 3 l1d
25 37 7 l1d
18 54 1 l1d
2 58 7 l1d
23 46 0 l1d
18 29 4 l1d
8 16 0 l1d
8 45 2 l1d
12 41 1 l1d
5 2 3 l1d
6 18 3 l1d
20 64 2 l1d
2 53 6 l1d
21 52 4 l1d
9 30 2 l1d
21 18 5 l1d
15 15 5 l1d
21 43 3 l1d
5 2 4 l1d
10 33 7 l1d
11 43 2 l1d
2 53 4 l1d
14 0 6 l1d
4 32 1 l1d
21 18 8 l1d
13 5 1 l1d
27 39 6 l1d
25 6 4 l1d
32 27 1 l1d
3 39 2 l1d
15 40 5 l1d
4 14 5 l1d
8 19 2 l1d
14 4 0 l1d
28 7 7 l1d
26 10 0 l1d
19 22 4 l1d
13 42 5 l1d
8 19 5 l1d
11 24 5 l1d
11 33 6 l1d
32 21 4 l1d
17 5 5 l1d
22 30 4 l1d
14 1 8 l1d
13 29 6 l1d
4 54 4 l1d
21 9 4 l1d
21 32 0 l1d
14 14 4 l1d
14 20 5 l1d
11 21 0 l1d
14 33 5 l1d
21 23 3 l1d
15 32 0 l1d
11 54 6 l1d
6 24 5 l1d
25 51 0 l1d
8 8 8 l1d
11 49 3 l1d
14 8 7 l1d
32 45 3 l1d
9 36 1 l1d
0 6 0 l1d
14 31 4 l1d
27 41 8 l1d
16 14 2 l1d
22 15 7 l1d
3 28 1 l1d
9 55 0 l1d
18 56 0 l1d
14 38 4 l1d
24 51 1 l1d
19 5 3 l1d
31 40 3 l1d
30 44 5 l1d
21 55 1 l1d
25 4 3 l1d
30 13 4 l1d
15 59 1 l1d
12 19 3 l1d
4 0 7 l1d
6 64 3 l1d
30 0 5 l1d
31 60 2 l1d
3 19 3 l1d
16 34 2 l1d
6 7 4 l1d
8 55 1 l1d
29 40 2 l1d
22 62 0 l1d
26 35 7 l1d
15 24 3 l1d
30 11 4 l1d
17 3 5 l1d
16 0 7 l1d
20 48 6 l1d
1 59 0 l1d
29 50 4 l1d
6 59 8 l1d
4 13 3 l1d
18 22 5 l1d
9 42 8 l1d
28 4 2 l1d
6 0 8 l1d
1 40 0 l1d
26 62 2 l1d
24 36 1 l1d
14 52 1 l1d
3 56 1 l1d
11 58 8 l1d
16 40 0 l1d
20 56 5 l1d
13 14 1 l1d
32 64 0 l1d
3 11 8 l1d
8 56 4 l1d
17 23 3 l1d
12 44 2 l1d
11 19 3 l1d
4 5 1 l1d
10 39 6 l1d
4 6 7 l1d
9 14 3 l1d
26 14 6 l1d
2 41 2 l1d
31 26 7 l1d
22 51 1 l1d
10 56 7 l1d
12 4 7 l1d
27 48 8 l1d
15 16 0 l1d
