28 1 8 l1d
30 10 1 l1d
16 62 5 l1d
22 56 5 l1d
29 47 7 l1d
2 45 0 l1d
7 41 3 l1d
12 17 8 l1d
11 33 2 l1d
20 55 1 l1d
15 15 2 l1d
17 5 6 l1d
31 12 3 l1d
4 4 8 l1d
3 17 3 l1d
7 2 6 l1d
7 2 7 l1d
4 58 0 l1d
9 28 5 l1d
3 52 1 l1d
3 55 4 l1d
14 8 8 l1d
18 35 2 l1d
22 25 4 l1d
8 22 0 l1d
4 42 0 l1d
18 27 2 l1d
13 1 5 l1d
7 39 2 l1d
24 19 7 l1d
17 14 1 l1d
30 30 2 l1d
25 54 0 l1d
3 47 8 l1d
0 57 7 l1d
30 28 0 l1d
21 7 7 l1d
18 8 3 l1d
9 34 7 l1d
2 51 3 l1d
30 1 0 l1d
19 14 8 l1d
17 18 0 l1d
19 48 6 l1d
17 51 0 l1d
2 31 8 l1d
30 57 7 l1d
32 53 6 l1d
32 40 3 l1d
2 0 8 l1d
20 40 3 l1d
6 8 7 l1d
21 25 6 l1d
16 64 1 l1d
14 5 0 l1d
2 39 2 l1d
16 48 0 l1d
23 17 8 l1d
27 33 4 l1d
7 59 6 l1d
4 56 6 l1d
31 30 7 l1d
15 5 6 l1d
17 40 3 l1d
11 57 4 l1d
16 28 5 l1d
24 22 6 l1d
10 51 2 l1d
31 12 0 l1d
7 34 6 l1d
29 29 0 l1d
1 25 5 l1d
30 9 6 l1d
3 17 3 l1d
17 3 8 l1d
25 40 8 l1d
12 7 5 l1d
32 45 1 l1d
22 62 5 l1d
10 18 0 l1d
6 30 6 l1d
30 31 5 l1d
9 13 2 l1d
21 34 2 l1d
17 16 0 l1d
17 15 4 l1d
6 4 2 l1d
7 57 3 l1d
21 57 2 l1d
8 59 5 l1d
30 48 5 l1d
8 5 7 l1d
4 52 4 l1d
26 63 0 l1d
24 4 2 l1d
22 2 6 l1d
32 36 1 l1d
8 49 8 l1d
25 42 8 l1d
32 0 5 l1d
10 41 8 l1d
10 64 8 l1d
0 0 0 l1d
0 48 1 l1d
29 40 3 l1d
28 0 8 l1d
21 33 8 l1d
12 45 7 l1d
21 45 8 l1d
2 32 1 l1d
14 29 0 l1d
12 51 5 l1d
6 23 5 l1d
16 39 8 l1d
22 40 8 l1d
19 48 2 l1d
8 3 5 l1d
17 20 8 l1d
28 27 1 l1d
18 63 0 l1d
21 21 8 l1d
24 14 3 l1d
26 40 6 l1d
6 10 7 l1d
27 45 6 l1d
27 29 0 l1d
6 57 3 l1d
27 41 5 l1d
25 13 0 l1d
9 53 0 l1d
6 30 3 l1d
13 48 4 l1d
9 32 4 l1d
30 59 1 l1d
2 9 5 l1d
29 30 2 l1d
28 39 7 l1d
16 17 8 l1d
22 50 4 l1d
21 25 6 l1d
5 1 2 l1d
2 6 0 l1d
19 48 4 l1d
6 43 3 l1d
16 32 2 l1d
15 60 2 l1d
15 57 4 l1d
4 63 1 l1d
23 53 1 l1d
30 49 4 l1d
24 42 6 l1d
27 56 6 l1d
21 57 8 l1d
21 19 3 l1d
13 55 8 l1d
15 49 3 l1d
7 56 0 l1d
11 10 6 l1d
30 32 1 l1d
17 60 8 l1d
3 27 1 l1d
11 28 2 l1d
1 8 0 l1d
14 43 3 l1d
18 24 3 l1d
13 29 7 l1d
6 51 8 l1d
32 52 8 l1d
9 26 6 l1d
1 31 5 l1d
13 18 8 l1d
10 17 1 l1d
