15 1 3 l1d
10 18 7 l1d
12 63 0 l1d
6 16 5 l1d
19 31 3 l1d
29 34 8 l1d
23 8 0 l1d
31 58 1 l1d
0 25 7 l1d
5 52 3 l1d
5 34 3 l1d
18 35 2 l1d
25 11 6 l1d
28 34 6 l1d
20 50 5 l1d
21 48 2 l1d
8 9 1 l1d
18 32 2 l1d
20 31 6 l1d
4 60 5 l1d
10 32 6 l1d
1 56 3 l1d
27 1 4 l1d
4 37 8 l1d
0 54 8 l1d
7 33 5 l1d
10 47 7 l1d
30 35 4 l1d
8 18 6 l1d
6 32 7 l1d
19 55 7 l1d
13 15 8 l1d
27 3 6 l1d
32 57 4 l1d
1 58 5 l1d
31 48 3 l1d
6 2 4 l1d
26 6 3 l1d
27 28 7 l1d
27 45 0 l1d
2 44 2 l1d
5 42 5 l1d
17 57 8 l1d
30 41 1 l1d
18 40 6 l1d
19 48 0 l1d
32 26 3 l1d
10 10 2 l1d
22 63 2 l1d
22 61 4 l1d
18 13 8 l1d
6 36 8 l1d
32 52 0 l1d
6 27 5 l1d
28 53 6 l1d
6 21 2 l1d
4 19 6 l1d
10 54 7 l1d
25 57 2 l1d
2 42 0 l1d
14 48 2 l1d
14 55 2 l1d
6 13 2 l1d
15 47 5 l1d
9 34 6 l1d
29 36 6 l1d
0 56 2 l1d
17 25 6 l1d
23 60 1 l1d
25 29 5 l1d
6 15 7 l1d
25 0 6 l1d
18 16 8 l1d
19 3 3 l1d
23 47 6 l1d
23 50 4 l1d
7 57 0 l1d
22 6 2 l1d
16 56 6 l1d
27 29 0 l1d
20 25 5 l1d
22 53 8 l1d
21 18 0 l1d
13 37 8 l1d
0 22 4 l1d
24 24 0 l1d
8 39 0 l1d
30 33 7 l1d
11 4 0 l1d
4 44 1 l1d
9 31 7 l1d
7 17 3 l1d
20 44 0 l1d
17 38 0 l1d
10 32 0 l1d
32 26 0 l1d
13 31 6 l1d
5 63 4 l1d
11 49 3 l1d
12 35 8 l1d
25 11 4 l1d
16 49 1 l1d
28 18 4 l1d
12 5 7 l1d
1 50 1 l1d
7 57 7 l1d
28 52 3 l1d
27 14 7 l1d
16 36 2 l1d
30 13 2 l1d
24 6 7 l1d
25 63 3 l1d
4 55 7 l1d
31 53 2 l1d
20 10 5 l1d
2 41 0 l1d
32 6 0 l1d
12 44 3 l1d
28 59 8 l1d
23 20 5 l1d
23 34 7 l1d
6 23 7 l1d
17 57 8 l1d
7 54 4 l1d
0 17 5 l1d
2 12 5 l1d
29 22 2 l1d
10 61 1 l1d
2 5 0 l1d
4 27 1 l1d
10 21 2 l1d
23 0 6 l1d
0 22 7 l1d
12 46 1 l1d
25 1 0 l1d
2 22 3 l1d
18 34 3 l1d
5 36 5 l1d
13 31 3 l1d
10 26 3 l1d
10 37 6 l1d
20 0 1 l1d
