17 32 6 l1d
23 35 7 l1d
10 26 6 l1d
27 30 5 l1d
9 13 1 l1d
25 54 7 l1d
27 1 1 l1d
15 49 3 l1d
19 9 4 l1d
3 18 3 l1d
20 36 8 l1d
6 42 3 l1d
12 56 5 l1d
14 43 4 l1d
7 46 7 l1d
11 7 7 l1d
18 60 7 l1d
7 7 2 l1d
24 15 5 l1d
8 60 8 l1d
4 36 1 l1d
15 5 4 l1d
25 20 1 l1d
4 25 3 l1d
17 26 6 l1d
6 38 8 l1d
25 22 5 l1d
11 43 6 l1d
4 15 2 l1d
10 25 8 l1d
13 5 6 l1d
0 13 2 l1d
20 50 7 l1d
14 41 8 l1d
8 5 8 l1d
8 16 6 l1d
6 25 4 l1d
9 14 6 l1d
26 33 6 l1d
31 16 8 l1d
24 18 6 l1d
1 40 0 l1d
32 60 5 l1d
29 24 0 l1d
9 63 2 l1d
8 9 4 l1d
7 55 3 l1d
28 33 1 l1d
28 14 0 l1d
2 49 3 l1d
19 39 7 l1d
22 58 5 l1d
18 20 7 l1d
28 28 8 l1d
