28 57 7 l1d
12 3 6 l1d
22 28 3 l1d
2 46 7 l1d
14 1 5 l1d
13 18 8 l1d
28 24 5 l1d
29 61 8 l1d
26 17 7 l1d
31 62 5 l1d
6 51 8 l1d
5 50 4 l1d
26 54 4 l1d
27 46 5 l1d
20 41 1 l1d
25 64 0 l1d
12 19 7 l1d
31 53 2 l1d
29 40 8 l1d
5 10 2 l1d
10 57 2 l1d
27 54 1 l1d
0 61 7 l1d
1 52 6 l1d
30 15 5 l1d
21 38 2 l1d
32 22 1 l1d
27 60 4 l1d
31 48 2 l1d
31 51 8 l1d
3 64 0 l1d
27 20 0 l1d
8 26 7 l1d
27 50 4 l1d
29 51 4 l1d
25 6 3 l1d
17 39 5 l1d
22 7 1 l1d
27 59 0 l1d
20 62 1 l1d
29 25 3 l1d
29 62 4 l1d
27 56 1 l1d
2 42 2 l1d
30 21 1 l1d
3 63 7 l1d
26 5 2 l1d
7 63 8 l1d
11 58 0 l1d
27 20 6 l1d
20 41 7 l1d
2 51 1 l1d
10 37 1 l1d
6 60 3 l1d
31 61 7 l1d
6 64 6 l1d
23 57 5 l1d
4 11 8 l1d
7 5 1 l1d
29 57 7 l1d
0 23 0 l1d
1 13 2 l1d
