5 28 8 l1d
0 28 6 l1d
32 8 1 l1d
27 54 4 l1d
11 21 3 l1d
19 34 1 l1d
22 18 7 l1d
24 31 6 l1d
20 45 5 l1d
31 5 5 l1d
24 33 3 l1d
16 33 8 l1d
6 29 2 l1d
31 34 6 l1d
27 62 5 l1d
26 63 3 l1d
6 42 7 l1d
8 11 7 l1d
22 37 3 l1d
10 19 6 l1d
0 5 3 l1d
32 11 2 l1d
13 35 3 l1d
28 37 3 l1d
7 10 8 l1d
15 41 3 l1d
28 53 4 l1d
28 63 2 l1d
10 1 0 l1d
0 20 5 l1d
31 48 1 l1d
7 50 0 l1d
14 0 0 l1d
1 12 6 l1d
8 15 1 l1d
21 7 8 l1d
28 20 5 l1d
25 52 6 l1d
23 10 4 l1d
9 60 6 l1d
20 9 1 l1d
14 37 0 l1d
27 43 3 l1d
0 52 0 l1d
16 1 1 l1d
30 4 8 l1d
3 62 2 l1d
24 32 4 l1d
5 34 1 l1d
15 47 6 l1d
32 48 4 l1d
27 61 1 l1d
27 12 3 l1d
1 4 7 l1d
1 37 6 l1d
16 24 5 l1d
3 60 1 l1d
29 26 2 l1d
29 30 7 l1d
5 25 1 l1d
28 49 0 l1d
9 48 1 l1d
32 39 6 l1d
8 21 0 l1d
3 8 0 l1d
9 53 7 l1d
1 2 5 l1d
31 59 5 l1d
31 64 1 l1d
3 6 8 l1d
30 23 0 l1d
22 61 5 l1d
7 27 6 l1d
3 22 7 l1d
17 23 5 l1d
30 19 4 l1d
