22 54 8 l1d
4 20 5 l1d
9 50 7 l1d
11 1 0 l1d
8 45 6 l1d
2 24 2 l1d
29 41 0 l1d
18 40 2 l1d
0 27 1 l1d
1 46 4 l1d
30 5 8 l1d
23 18 4 l1d
31 34 8 l1d
26 64 7 l1d
15 56 0 l1d
16 3 0 l1d
6 54 4 l1d
2 38 4 l1d
6 57 1 l1d
11 53 5 l1d
28 39 5 l1d
5 19 6 l1d
25 45 5 l1d
16 9 0 l1d
30 9 6 l1d
12 38 8 l1d
2 44 2 l1d
14 37 5 l1d
20 21 3 l1d
25 13 8 l1d
32 23 6 l1d
7 46 7 l1d
25 17 1 l1d
3 32 5 l1d
6 10 3 l1d
32 57 1 l1d
25 58 6 l1d
9 59 0 l1d
8 33 8 l1d
13 57 2 l1d
22 44 1 l1d
6 41 5 l1d
19 64 1 l1d
9 27 4 l1d
18 41 6 l1d
7 49 7 l1d
17 13 8 l1d
14 25 4 l1d
14 20 2 l1d
17 34 3 l1d
27 44 5 l1d
25 37 4 l1d
22 37 6 l1d
6 7 3 l1d
23 15 4 l1d
29 36 6 l1d
3 2 3 l1d
18 29 8 l1d
18 58 6 l1d
6 1 1 l1d
32 24 0 l1d
4 14 8 l1d
17 0 4 l1d
5 35 4 l1d
29 42 6 l1d
2 20 0 l1d
