27 28 8 l1d
0 31 0 l1d
11 53 8 l1d
18 60 3 l1d
13 43 7 l1d
22 54 2 l1d
1 38 0 l1d
27 28 2 l1d
5 13 3 l1d
5 51 1 l1d
22 48 2 l1d
23 6 4 l1d
32 4 1 l1d
19 30 6 l1d
8 43 6 l1d
24 58 8 l1d
17 27 2 l1d
23 25 8 l1d
1 42 1 l1d
15 56 1 l1d
8 14 6 l1d
8 9 2 l1d
31 43 4 l1d
3 47 0 l1d
30 60 6 l1d
14 32 0 l1d
8 55 4 l1d
17 34 6 l1d
7 60 0 l1d
2 19 5 l1d
26 7 8 l1d
11 51 2 l1d
6 1 1 l1d
23 0 6 l1d
27 34 2 l1d
17 24 1 l1d
12 42 7 l1d
2 38 2 l1d
13 31 6 l1d
9 25 6 l1d
1 16 6 l1d
19 33 2 l1d
11 64 1 l1d
12 4 1 l1d
21 2 8 l1d
11 38 5 l1d
8 54 3 l1d
26 48 4 l1d
30 33 6 l1d
24 8 3 l1d
5 30 4 l1d
27 9 3 l1d
29 7 6 l1d
32 53 8 l1d
14 43 6 l1d
24 0 6 l1d
13 0 7 l1d
10 29 8 l1d
11 60 2 l1d
17 51 6 l1d
1 46 8 l1d
0 44 3 l1d
32 33 2 l1d
28 2 5 l1d
13 29 3 l1d
1 33 4 l1d
22 26 2 l1d
13 53 2 l1d
15 10 4 l1d
14 53 0 l1d
16 63 2 l1d
11 4 1 l1d
18 53 7 l1d
6 51 0 l1d
16 17 8 l1d
26 44 0 l1d
30 15 8 l1d
31 57 2 l1d
6 43 8 l1d
20 6 4 l1d
26 14 4 l1d
31 7 0 l1d
11 46 3 l1d
4 31 7 l1d
25 51 6 l1d
28 31 2 l1d
24 10 6 l1d
32 0 4 l1d
18 9 7 l1d
29 26 1 l1d
26 13 3 l1d
11 9 0 l1d
23 25 4 l1d
8 49 3 l1d
31 16 1 l1d
2 29 6 l1d
18 32 6 l1d
18 48 6 l1d
25 48 1 l1d
4 19 2 l1d
11 40 7 l1d
14 36 1 l1d
15 49 6 l1d
6 15 6 l1d
3 31 7 l1d
24 29 7 l1d
29 17 8 l1d
22 54 6 l1d
24 36 0 l1d
30 9 2 l1d
0 1 0 l1d
9 1 0 l1d
21 40 0 l1d
32 61 7 l1d
7 5 0 l1d
9 1 1 l1d
3 62 7 l1d
6 62 6 l1d
3 59 5 l1d
15 34 1 l1d
8 43 1 l1d
0 54 0 l1d
6 14 6 l1d
32 22 0 l1d
2 14 7 l1d
29 40 1 l1d
18 55 0 l1d
25 5 3 l1d
1 35 7 l1d
8 39 7 l1d
23 56 2 l1d
20 14 6 l1d
1 40 2 l1d
15 64 2 l1d
1 50 0 l1d
23 7 4 l1d
28 17 2 l1d
15 63 4 l1d
22 29 8 l1d
0 36 1 l1d
16 41 6 l1d
12 61 2 l1d
17 29 1 l1d
8 0 5 l1d
31 25 5 l1d
16 59 2 l1d
26 32 0 l1d
24 47 2 l1d
29 19 7 l1d
31 25 8 l1d
1 17 0 l1d
25 60 4 l1d
4 58 8 l1d
4 35 1 l1d
24 17 5 l1d
3 44 5 l1d
24 24 5 l1d
20 12 5 l1d
7 63 4 l1d
15 12 7 l1d
25 24 1 l1d
30 45 3 l1d
25 39 7 l1d
23 54 4 l1d
9 44 4 l1d
21 45 1 l1d
17 46 5 l1d
9 19 6 l1d
19 15 8 l1d
14 1 5 l1d
15 19 2 l1d
5 28 2 l1d
4 20 3 l1d
8 35 7 l1d
28 32 4 l1d
20 0 8 l1d
7 5 4 l1d
13 60 5 l1d
17 1 1 l1d
32 27 6 l1d
25 23 2 l1d
3 18 0 l1d
21 43 5 l1d
3 49 8 l1d
11 64 0 l1d
2 35 1 l1d
20 6 7 l1d
14 56 0 l1d
27 35 0 l1d
14 11 8 l1d
19 34 2 l1d
17 62 8 l1d
29 5 4 l1d
23 62 4 l1d
23 27 3 l1d
13 3 5 l1d
