7 37 4 l1d
9 14 5 l1d
30 15 6 l1d
6 0 4 l1d
21 0 6 l1d
26 50 3 l1d
18 45 8 l1d
4 20 1 l1d
1 35 7 l1d
22 12 7 l1d
32 56 2 l1d
31 4 8 l1d
22 54 5 l1d
17 31 3 l1d
1 18 7 l1d
23 62 1 l1d
24 15 8 l1d
25 4 7 l1d
20 33 2 l1d
19 1 1 l1d
13 1 2 l1d
2 45 1 l1d
7 2 3 l1d
8 38 8 l1d
32 51 8 l1d
13 34 8 l1d
23 58 4 l1d
2 6 4 l1d
0 39 4 l1d
25 19 1 l1d
27 28 3 l1d
26 52 7 l1d
28 62 8 l1d
17 20 3 l1d
18 27 1 l1d
24 55 4 l1d
13 5 8 l1d
31 49 7 l1d
16 30 6 l1d
11 63 8 l1d
31 21 4 l1d
7 9 7 l1d
14 7 3 l1d
0 44 3 l1d
2 49 0 l1d
22 3 4 l1d
32 20 4 l1d
31 55 8 l1d
26 50 3 l1d
9 35 6 l1d
9 30 4 l1d
14 38 0 l1d
31 6 6 l1d
0 38 8 l1d
24 21 7 l1d
30 28 0 l1d
4 40 5 l1d
15 38 4 l1d
22 35 7 l1d
8 0 4 l1d
13 33 5 l1d
19 58 4 l1d
21 64 8 l1d
32 64 6 l1d
25 53 7 l1d
8 36 1 l1d
23 35 0 l1d
13 58 3 l1d
11 39 2 l1d
12 35 2 l1d
18 30 7 l1d
28 22 5 l1d
25 44 8 l1d
28 1 2 l1d
0 23 8 l1d
11 9 8 l1d
5 33 2 l1d
0 32 2 l1d
19 17 1 l1d
30 41 2 l1d
28 61 7 l1d
6 13 4 l1d
0 50 5 l1d
21 30 2 l1d
14 23 4 l1d
17 30 7 l1d
27 11 4 l1d
18 49 5 l1d
28 22 2 l1d
31 47 1 l1d
11 59 6 l1d
4 38 1 l1d
15 53 1 l1d
7 59 0 l1d
31 53 4 l1d
5 21 3 l1d
23 18 5 l1d
3 13 8 l1d
4 52 8 l1d
21 6 2 l1d
23 26 7 l1d
23 1 3 l1d
15 51 2 l1d
6 53 2 l1d
16 3 0 l1d
17 28 5 l1d
8 48 6 l1d
9 13 5 l1d
20 51 0 l1d
5 13 4 l1d
28 13 2 l1d
20 15 1 l1d
32 51 5 l1d
30 11 3 l1d
6 54 5 l1d
14 53 5 l1d
8 15 3 l1d
22 21 3 l1d
1 55 2 l1d
22 32 5 l1d
28 14 0 l1d
16 14 6 l1d
19 61 7 l1d
16 33 3 l1d
7 16 6 l1d
21 5 8 l1d
21 40 5 l1d
8 36 0 l1d
32 45 6 l1d
9 27 5 l1d
4 42 7 l1d
1 44 2 l1d
16 37 6 l1d
23 11 4 l1d
11 8 5 l1d
21 7 0 l1d
10 50 2 l1d
22 23 7 l1d
0 46 5 l1d
7 52 6 l1d
14 42 0 l1d
6 24 6 l1d
9 16 7 l1d
13 42 4 l1d
3 40 1 l1d
0 48 5 l1d
28 47 6 l1d
16 57 5 l1d
12 36 8 l1d
24 42 1 l1d
0 20 1 l1d
2 8 3 l1d
20 17 3 l1d
19 60 7 l1d
0 19 2 l1d
22 3 0 l1d
32 34 4 l1d
30 52 2 l1d
6 5 0 l1d
10 26 5 l1d
32 51 8 l1d
0 42 3 l1d
4 56 1 l1d
27 24 0 l1d
8 15 1 l1d
26 64 6 l1d
19 51 4 l1d
28 50 6 l1d
5 7 1 l1d
18 15 7 l1d
16 19 8 l1d
3 22 0 l1d
23 59 6 l1d
0 53 5 l1d
21 62 8 l1d
5 55 7 l1d
6 0 7 l1d
5 7 6 l1d
23 2 8 l1d
5 6 1 l1d
24 45 4 l1d
28 9 0 l1d
7 38 5 l1d
11 22 6 l1d
0 26 2 l1d
23 42 1 l1d
4 11 2 l1d
15 39 8 l1d
1 43 2 l1d
9 4 6 l1d
2 49 8 l1d
10 25 7 l1d
18 36 6 l1d
15 54 8 l1d
26 51 7 l1d
14 23 5 l1d
2 54 0 l1d
19 40 6 l1d
15 26 0 l1d
10 51 3 l1d
5 16 7 l1d
17 58 6 l1d
10 64 7 l1d
16 20 6 l1d
10 61 3 l1d
14 32 3 l1d
5 61 8 l1d
2 8 7 l1d
9 42 2 l1d
25 52 8 l1d
7 5 4 l1d
29 44 2 l1d
32 55 2 l1d
29 46 5 l1d
10 50 3 l1d
15 22 3 l1d
0 15 8 l1d
14 17 5 l1d
3 48 6 l1d
23 50 4 l1d
32 50 8 l1d
23 48 0 l1d
14 10 0 l1d
23 48 2 l1d
32 28 2 l1d
12 49 0 l1d
27 15 7 l1d
30 20 4 l1d
26 44 6 l1d
26 46 4 l1d
19 46 7 l1d
8 24 5 l1d
18 54 8 l1d
6 53 6 l1d
28 9 5 l1d
14 57 3 l1d
5 47 8 l1d
32 12 8 l1d
1 51 5 l1d
23 11 1 l1d
6 27 6 l1d
18 45 6 l1d
18 3 6 l1d
32 32 1 l1d
13 58 0 l1d
1 63 8 l1d
4 54 4 l1d
0 8 7 l1d
7 3 7 l1d
3 21 8 l1d
25 49 0 l1d
4 18 8 l1d
22 28 1 l1d
31 38 4 l1d
16 23 5 l1d
2 5 4 l1d
12 9 7 l1d
11 0 3 l1d
24 29 4 l1d
7 21 7 l1d
23 61 2 l1d
21 56 3 l1d
23 49 1 l1d
27 58 8 l1d
10 16 1 l1d
6 31 5 l1d
14 34 1 l1d
20 27 2 l1d
20 51 2 l1d
20 49 3 l1d
8 5 5 l1d
32 34 6 l1d
3 21 1 l1d
10 44 1 l1d
2 30 8 l1d
31 35 8 l1d
4 20 1 l1d
23 21 2 l1d
25 29 7 l1d
8 18 3 l1d
7 13 5 l1d
18 15 1 l1d
