29 38 1 l1d
6 55 3 l1d
22 25 6 l1d
24 55 3 l1d
21 43 8 l1d
21 6 4 l1d
10 62 0 l1d
30 32 3 l1d
25 19 2 l1d
9 0 2 l1d
11 54 8 l1d
13 15 4 l1d
1 36 3 l1d
1 32 5 l1d
32 17 3 l1d
4 15 2 l1d
13 51 7 l1d
12 23 8 l1d
29 4 0 l1d
15 62 5 l1d
32 38 3 l1d
22 11 6 l1d
5 45 5 l1d
23 25 2 l1d
19 4 0 l1d
17 54 4 l1d
29 43 2 l1d
19 47 4 l1d
15 5 7 l1d
2 34 6 l1d
21 53 6 l1d
11 49 3 l1d
12 49 6 l1d
15 40 0 l1d
25 34 4 l1d
31 40 3 l1d
1 20 1 l1d
24 34 1 l1d
5 10 0 l1d
12 0 8 l1d
20 40 5 l1d
13 11 6 l1d
31 17 2 l1d
26 64 6 l1d
25 8 7 l1d
16 36 4 l1d
26 1 8 l1d
24 14 7 l1d
4 52 2 l1d
6 17 0 l1d
14 11 4 l1d
26 64 2 l1d
3 5 4 l1d
7 42 4 l1d
19 54 6 l1d
20 56 8 l1d
30 12 7 l1d
28 31 5 l1d
18 0 0 l1d
22 60 3 l1d
23 9 6 l1d
13 59 1 l1d
16 25 7 l1d
26 0 8 l1d
10 38 2 l1d
8 64 8 l1d
24 35 5 l1d
31 4 5 l1d
27 51 5 l1d
2 62 4 l1d
20 9 8 l1d
29 39 2 l1d
5 55 1 l1d
26 49 5 l1d
10 50 5 l1d
30 34 6 l1d
17 8 4 l1d
11 56 8 l1d
32 28 0 l1d
17 10 3 l1d
24 11 7 l1d
10 40 2 l1d
3 27 7 l1d
21 37 1 l1d
29 57 5 l1d
19 3 8 l1d
30 5 5 l1d
12 41 2 l1d
13 37 5 l1d
27 27 7 l1d
26 18 1 l1d
15 28 0 l1d
10 2 4 l1d
7 56 0 l1d
0 42 1 l1d
6 12 1 l1d
22 43 1 l1d
29 20 6 l1d
2 45 3 l1d
21 20 4 l1d
13 7 1 l1d
29 40 0 l1d
26 30 0 l1d
18 49 4 l1d
6 39 2 l1d
23 63 0 l1d
23 51 0 l1d
17 19 4 l1d
7 1 5 l1d
24 57 1 l1d
12 30 3 l1d
10 4 5 l1d
21 15 8 l1d
1 26 5 l1d
27 31 4 l1d
4 64 3 l1d
10 4 5 l1d
14 6 1 l1d
0 51 5 l1d
23 15 0 l1d
13 45 2 l1d
13 59 6 l1d
26 59 4 l1d
25 54 4 l1d
9 31 7 l1d
23 20 0 l1d
22 56 3 l1d
28 57 4 l1d
0 64 7 l1d
32 55 4 l1d
22 29 4 l1d
25 37 4 l1d
9 58 6 l1d
12 41 3 l1d
15 8 0 l1d
24 15 4 l1d
8 9 0 l1d
23 47 2 l1d
24 56 5 l1d
12 38 3 l1d
18 45 3 l1d
25 35 8 l1d
7 0 4 l1d
4 21 5 l1d
8 63 3 l1d
10 12 3 l1d
5 30 3 l1d
20 54 5 l1d
28 1 4 l1d
10 54 7 l1d
0 17 4 l1d
13 16 5 l1d
21 61 8 l1d
9 15 5 l1d
28 34 1 l1d
30 11 5 l1d
12 50 7 l1d
10 6 5 l1d
28 20 5 l1d
13 2 2 l1d
10 56 0 l1d
9 50 4 l1d
1 26 3 l1d
27 54 2 l1d
30 6 8 l1d
5 61 2 l1d
9 23 5 l1d
27 10 1 l1d
5 36 7 l1d
3 44 8 l1d
5 28 3 l1d
4 7 7 l1d
21 8 5 l1d
15 51 8 l1d
4 62 4 l1d
29 31 0 l1d
21 7 0 l1d
13 15 0 l1d
28 38 8 l1d
15 59 4 l1d
7 40 2 l1d
7 44 0 l1d
10 53 6 l1d
0 19 4 l1d
14 6 1 l1d
27 64 4 l1d
25 57 5 l1d
17 1 1 l1d
1 31 0 l1d
22 36 7 l1d
28 63 5 l1d
29 46 1 l1d
25 41 2 l1d
12 59 8 l1d
29 22 1 l1d
18 64 8 l1d
31 58 3 l1d
23 62 7 l1d
9 13 6 l1d
11 63 8 l1d
17 22 8 l1d
7 57 2 l1d
14 37 7 l1d
0 25 0 l1d
30 24 3 l1d
4 7 1 l1d
2 44 0 l1d
29 19 5 l1d
9 10 1 l1d
30 60 3 l1d
15 51 5 l1d
5 63 2 l1d
23 39 8 l1d
27 1 2 l1d
10 29 3 l1d
24 8 2 l1d
13 45 1 l1d
18 37 4 l1d
13 41 2 l1d
19 1 5 l1d
18 53 0 l1d
31 41 6 l1d
13 29 4 l1d
27 52 0 l1d
30 56 1 l1d
1 61 2 l1d
1 22 4 l1d
2 8 0 l1d
8 18 8 l1d
19 18 0 l1d
19 63 2 l1d
23 38 6 l1d
22 17 1 l1d
32 0 2 l1d
28 46 0 l1d
30 30 5 l1d
26 64 0 l1d
22 52 1 l1d
14 2 2 l1d
14 16 7 l1d
4 41 1 l1d
16 27 6 l1d
28 34 7 l1d
31 61 2 l1d
32 28 5 l1d
28 23 6 l1d
8 2 6 l1d
18 4 6 l1d
11 1 5 l1d
19 33 0 l1d
22 14 5 l1d
27 13 2 l1d
0 26 3 l1d
25 5 5 l1d
7 26 3 l1d
32 4 3 l1d
