6 10 3 l1d
2 45 2 l1d
4 56 3 l1d
20 48 4 l1d
6 49 2 l1d
28 16 1 l1d
7 4 8 l1d
14 27 8 l1d
20 61 5 l1d
9 28 1 l1d
7 8 2 l1d
12 5 3 l1d
17 16 1 l1d
16 41 0 l1d
5 63 2 l1d
30 15 3 l1d
15 37 3 l1d
3 8 8 l1d
4 28 1 l1d
12 52 2 l1d
4 32 3 l1d
18 54 4 l1d
22 0 3 l1d
24 11 3 l1d
25 25 4 l1d
11 26 7 l1d
30 55 5 l1d
25 27 8 l1d
21 58 5 l1d
13 42 3 l1d
6 30 7 l1d
21 43 6 l1d
27 39 2 l1d
12 33 1 l1d
6 6 4 l1d
4 20 1 l1d
12 27 6 l1d
0 54 4 l1d
0 59 2 l1d
5 10 7 l1d
3 43 5 l1d
4 33 8 l1d
19 58 5 l1d
23 22 4 l1d
7 31 7 l1d
14 63 3 l1d
24 34 8 l1d
0 6 2 l1d
24 18 5 l1d
9 26 7 l1d
32 61 3 l1d
30 54 3 l1d
12 41 3 l1d
23 0 3 l1d
24 61 5 l1d
10 29 1 l1d
16 36 5 l1d
20 60 3 l1d
27 16 5 l1d
17 23 1 l1d
8 5 3 l1d
4 8 0 l1d
17 44 3 l1d
21 14 6 l1d
9 36 7 l1d
4 62 7 l1d
