11 21 5 l1d
31 30 5 l1d
17 43 8 l1d
0 19 6 l1d
29 64 6 l1d
27 32 4 l1d
7 17 0 l1d
25 33 6 l1d
19 56 7 l1d
20 34 4 l1d
5 25 5 l1d
3 45 6 l1d
29 40 0 l1d
20 20 8 l1d
22 17 8 l1d
26 20 8 l1d
0 63 0 l1d
12 9 5 l1d
14 51 4 l1d
10 51 5 l1d
14 55 7 l1d
13 2 3 l1d
31 48 6 l1d
15 9 0 l1d
21 27 6 l1d
22 6 5 l1d
5 29 2 l1d
20 14 8 l1d
30 26 7 l1d
19 54 1 l1d
5 54 4 l1d
14 24 3 l1d
17 59 4 l1d
7 49 8 l1d
16 62 1 l1d
14 58 7 l1d
31 57 5 l1d
14 64 2 l1d
13 5 6 l1d
27 9 8 l1d
1 21 4 l1d
32 10 6 l1d
10 9 5 l1d
9 54 5 l1d
10 0 8 l1d
27 45 4 l1d
17 43 2 l1d
17 29 4 l1d
3 59 3 l1d
23 39 8 l1d
17 18 0 l1d
20 39 3 l1d
12 50 8 l1d
20 32 4 l1d
25 42 5 l1d
7 31 2 l1d
12 32 6 l1d
21 63 5 l1d
11 1 1 l1d
16 9 2 l1d
26 6 4 l1d
31 13 2 l1d
24 52 0 l1d
0 61 8 l1d
15 5 2 l1d
9 27 1 l1d
29 21 5 l1d
3 39 2 l1d
23 60 2 l1d
32 56 7 l1d
6 60 3 l1d
2 29 6 l1d
27 7 8 l1d
28 29 2 l1d
6 55 8 l1d
6 1 2 l1d
9 50 4 l1d
23 23 1 l1d
12 11 8 l1d
24 55 2 l1d
25 9 7 l1d
29 16 4 l1d
23 60 4 l1d
25 30 3 l1d
29 56 2 l1d
9 61 6 l1d
23 38 5 l1d
30 1 6 l1d
24 48 2 l1d
5 56 0 l1d
27 12 3 l1d
28 9 0 l1d
23 4 7 l1d
12 26 4 l1d
7 9 2 l1d
11 55 6 l1d
4 63 5 l1d
16 22 7 l1d
5 19 8 l1d
5 16 3 l1d
24 13 0 l1d
29 36 8 l1d
11 26 8 l1d
8 5 3 l1d
