11 61 0 l1d
2 42 2 l1d
10 9 3 l1d
7 38 4 l1d
11 12 0 l1d
28 16 7 l1d
9 25 4 l1d
1 53 6 l1d
18 55 3 l1d
17 41 6 l1d
32 7 7 l1d
11 35 7 l1d
20 28 1 l1d
15 48 7 l1d
4 47 5 l1d
24 44 8 l1d
2 62 7 l1d
7 35 8 l1d
18 56 2 l1d
2 16 6 l1d
28 10 7 l1d
15 49 6 l1d
32 61 5 l1d
20 2 0 l1d
13 14 0 l1d
23 16 0 l1d
31 50 8 l1d
3 18 2 l1d
30 25 2 l1d
9 38 5 l1d
21 37 5 l1d
13 60 5 l1d
2 13 1 l1d
30 42 3 l1d
15 4 3 l1d
13 52 5 l1d
17 24 0 l1d
32 17 4 l1d
3 39 2 l1d
9 63 1 l1d
20 6 2 l1d
10 59 3 l1d
21 57 3 l1d
14 52 6 l1d
32 58 2 l1d
20 8 4 l1d
14 21 1 l1d
8 43 5 l1d
29 56 2 l1d
5 46 0 l1d
24 58 1 l1d
5 6 4 l1d
22 55 6 l1d
9 10 7 l1d
11 9 7 l1d
7 40 4 l1d
5 28 5 l1d
25 29 2 l1d
28 29 8 l1d
0 22 7 l1d
25 58 1 l1d
2 30 7 l1d
13 15 5 l1d
16 26 1 l1d
1 6 4 l1d
28 59 3 l1d
11 63 6 l1d
22 51 7 l1d
15 50 6 l1d
4 2 6 l1d
7 61 3 l1d
28 49 4 l1d
8 34 6 l1d
32 29 7 l1d
3 29 7 l1d
3 29 6 l1d
21 61 8 l1d
12 49 4 l1d
9 43 8 l1d
9 0 7 l1d
4 14 1 l1d
24 50 2 l1d
32 27 1 l1d
8 55 2 l1d
