22 27 1 l1d
20 33 1 l1d
9 49 7 l1d
15 24 1 l1d
29 41 8 l1d
22 21 6 l1d
18 19 8 l1d
27 30 5 l1d
1 1 2 l1d
22 12 4 l1d
31 22 3 l1d
1 3 1 l1d
2 14 7 l1d
21 63 1 l1d
6 24 3 l1d
15 2 4 l1d
3 47 4 l1d
19 62 4 l1d
30 13 4 l1d
23 47 0 l1d
9 22 3 l1d
5 55 3 l1d
13 39 8 l1d
13 41 6 l1d
6 41 5 l1d
0 34 4 l1d
1 39 3 l1d
24 8 3 l1d
17 28 2 l1d
25 14 4 l1d
12 55 5 l1d
4 41 8 l1d
20 32 5 l1d
31 60 7 l1d
5 29 5 l1d
0 57 7 l1d
3 20 1 l1d
5 23 3 l1d
15 3 3 l1d
26 13 4 l1d
1 64 0 l1d
20 35 8 l1d
26 59 0 l1d
25 17 3 l1d
21 54 6 l1d
3 15 4 l1d
8 31 6 l1d
10 60 8 l1d
12 10 3 l1d
19 14 2 l1d
5 54 5 l1d
14 14 4 l1d
7 37 6 l1d
3 62 8 l1d
22 62 0 l1d
21 32 0 l1d
8 1 8 l1d
23 21 0 l1d
31 15 5 l1d
28 0 4 l1d
16 48 0 l1d
12 64 0 l1d
27 0 0 l1d
1 62 0 l1d
7 32 0 l1d
0 29 6 l1d
5 55 0 l1d
8 9 1 l1d
19 18 7 l1d
22 24 5 l1d
30 52 5 l1d
0 31 1 l1d
5 26 5 l1d
22 46 7 l1d
32 50 1 l1d
4 1 8 l1d
8 23 7 l1d
25 51 1 l1d
20 40 1 l1d
27 45 7 l1d
18 22 3 l1d
23 34 3 l1d
23 40 2 l1d
19 26 5 l1d
7 31 6 l1d
2 49 2 l1d
28 16 4 l1d
8 35 2 l1d
25 19 8 l1d
30 27 2 l1d
18 5 0 l1d
28 39 5 l1d
32 30 5 l1d
19 53 4 l1d
18 64 0 l1d
22 6 7 l1d
1 12 3 l1d
8 21 5 l1d
