25 24 4 l1d
17 20 1 l1d
0 32 2 l1d
0 22 4 l1d
9 42 2 l1d
27 50 0 l1d
5 41 3 l1d
26 52 8 l1d
7 41 0 l1d
18 25 2 l1d
9 50 6 l1d
15 25 4 l1d
25 52 3 l1d
17 20 6 l1d
1 50 7 l1d
17 61 2 l1d
18 45 7 l1d
9 45 7 l1d
25 25 4 l1d
7 46 2 l1d
22 51 5 l1d
20 7 7 l1d
10 24 6 l1d
31 0 5 l1d
16 33 4 l1d
8 38 2 l1d
10 26 8 l1d
16 24 4 l1d
11 32 2 l1d
4 58 8 l1d
19 3 3 l1d
12 19 2 l1d
24 5 3 l1d
6 12 6 l1d
27 12 8 l1d
25 53 4 l1d
0 51 4 l1d
11 53 3 l1d
22 40 6 l1d
18 41 4 l1d
32 58 4 l1d
32 36 7 l1d
10 39 0 l1d
30 32 7 l1d
17 64 5 l1d
10 29 3 l1d
