10 3 0 l1d
5 61 8 l1d
6 28 1 l1d
11 55 6 l1d
24 41 7 l1d
6 0 5 l1d
27 0 2 l1d
25 58 8 l1d
12 32 4 l1d
30 7 2 l1d
7 23 3 l1d
29 3 8 l1d
25 48 6 l1d
20 44 1 l1d
27 20 0 l1d
5 32 1 l1d
15 61 2 l1d
28 44 4 l1d
32 5 4 l1d
13 54 5 l1d
27 38 4 l1d
25 27 5 l1d
28 41 8 l1d
12 4 2 l1d
16 40 4 l1d
14 27 6 l1d
5 35 7 l1d
28 7 2 l1d
8 47 5 l1d
11 60 4 l1d
19 24 0 l1d
20 28 4 l1d
2 22 1 l1d
21 36 6 l1d
21 36 6 l1d
10 30 1 l1d
29 12 6 l1d
2 36 2 l1d
23 59 3 l1d
22 23 5 l1d
9 39 5 l1d
1 38 6 l1d
32 25 6 l1d
27 18 6 l1d
8 31 5 l1d
8 62 6 l1d
3 32 6 l1d
0 0 7 l1d
16 41 5 l1d
9 10 8 l1d
28 15 3 l1d
3 62 8 l1d
23 10 0 l1d
31 0 7 l1d
22 15 6 l1d
8 42 6 l1d
16 58 1 l1d
12 58 5 l1d
17 13 4 l1d
20 49 5 l1d
1 61 0 l1d
13 40 5 l1d
12 10 6 l1d
24 17 8 l1d
5 40 2 l1d
20 29 1 l1d
10 40 0 l1d
26 64 5 l1d
19 6 0 l1d
15 4 6 l1d
30 40 6 l1d
5 18 1 l1d
19 62 3 l1d
9 24 6 l1d
1 16 0 l1d
3 53 4 l1d
22 4 8 l1d
2 28 1 l1d
3 39 6 l1d
13 49 7 l1d
9 31 1 l1d
23 40 5 l1d
8 17 0 l1d
25 39 6 l1d
0 62 5 l1d
11 22 8 l1d
13 22 5 l1d
1 59 2 l1d
9 48 4 l1d
17 10 5 l1d
10 46 0 l1d
17 43 8 l1d
28 5 8 l1d
28 26 8 l1d
20 15 6 l1d
28 12 1 l1d
15 32 8 l1d
17 24 5 l1d
29 44 6 l1d
4 12 2 l1d
26 9 2 l1d
8 29 5 l1d
30 4 3 l1d
3 33 8 l1d
0 63 5 l1d
9 18 2 l1d
23 62 4 l1d
20 5 2 l1d
15 17 6 l1d
24 10 7 l1d
28 38 7 l1d
18 28 1 l1d
16 56 2 l1d
19 50 3 l1d
7 17 4 l1d
31 58 0 l1d
6 17 5 l1d
25 62 1 l1d
7 30 2 l1d
21 58 3 l1d
24 48 3 l1d
17 15 8 l1d
28 57 0 l1d
32 59 1 l1d
30 34 5 l1d
24 33 8 l1d
19 21 2 l1d
17 22 3 l1d
25 6 3 l1d
22 40 0 l1d
24 10 5 l1d
7 15 2 l1d
13 21 0 l1d
3 42 3 l1d
13 60 2 l1d
3 24 7 l1d
18 7 7 l1d
30 24 2 l1d
30 16 4 l1d
15 5 0 l1d
20 16 4 l1d
25 63 4 l1d
22 6 0 l1d
4 57 4 l1d
26 50 2 l1d
5 42 6 l1d
11 27 2 l1d
10 28 6 l1d
9 26 3 l1d
11 2 4 l1d
26 61 3 l1d
23 35 7 l1d
10 42 0 l1d
24 38 0 l1d
7 59 3 l1d
27 55 8 l1d
32 46 1 l1d
26 30 6 l1d
4 61 6 l1d
10 45 3 l1d
31 29 2 l1d
18 27 6 l1d
10 53 6 l1d
19 30 7 l1d
27 12 2 l1d
3 33 0 l1d
9 64 2 l1d
30 59 8 l1d
19 57 7 l1d
27 23 4 l1d
19 15 6 l1d
2 14 6 l1d
25 46 4 l1d
11 46 8 l1d
1 9 6 l1d
2 37 2 l1d
10 62 7 l1d
3 31 7 l1d
14 24 2 l1d
18 29 8 l1d
5 12 1 l1d
10 13 2 l1d
32 42 0 l1d
3 31 3 l1d
19 44 1 l1d
16 51 5 l1d
12 56 3 l1d
3 28 3 l1d
