13 54 3 l1d
32 18 6 l1d
30 47 1 l1d
2 1 8 l1d
24 47 1 l1d
6 2 1 l1d
3 24 5 l1d
23 25 5 l1d
4 32 6 l1d
30 31 5 l1d
32 47 2 l1d
28 33 4 l1d
31 58 4 l1d
24 9 0 l1d
3 28 7 l1d
26 52 4 l1d
18 53 7 l1d
15 21 4 l1d
21 48 2 l1d
32 44 6 l1d
28 10 5 l1d
16 47 7 l1d
17 47 1 l1d
8 12 4 l1d
32 17 6 l1d
17 35 0 l1d
1 33 0 l1d
14 30 7 l1d
18 33 5 l1d
3 7 8 l1d
3 41 4 l1d
12 20 5 l1d
23 31 2 l1d
11 3 8 l1d
17 41 0 l1d
21 63 7 l1d
12 6 1 l1d
24 40 4 l1d
26 53 8 l1d
4 63 5 l1d
18 44 2 l1d
25 20 4 l1d
21 49 0 l1d
23 44 5 l1d
17 17 3 l1d
31 14 0 l1d
0 42 1 l1d
23 54 1 l1d
8 57 8 l1d
15 11 5 l1d
