29 31 1 l1d
23 18 5 l1d
0 11 2 l1d
13 59 3 l1d
10 43 0 l1d
17 15 0 l1d
32 34 0 l1d
29 40 2 l1d
0 38 2 l1d
8 39 2 l1d
7 45 3 l1d
29 38 6 l1d
24 39 8 l1d
13 28 3 l1d
27 15 6 l1d
28 20 7 l1d
12 5 8 l1d
4 16 8 l1d
23 60 2 l1d
8 51 2 l1d
27 57 4 l1d
3 20 7 l1d
2 22 8 l1d
1 5 4 l1d
15 44 6 l1d
32 17 1 l1d
27 33 0 l1d
9 38 7 l1d
12 57 1 l1d
26 33 0 l1d
28 13 5 l1d
32 57 6 l1d
14 20 6 l1d
27 3 8 l1d
2 59 4 l1d
9 26 3 l1d
18 23 0 l1d
0 4 6 l1d
0 64 6 l1d
11 13 3 l1d
31 29 6 l1d
26 55 6 l1d
3 7 7 l1d
25 32 5 l1d
27 52 3 l1d
28 27 1 l1d
10 61 2 l1d
29 17 8 l1d
25 0 8 l1d
21 11 2 l1d
19 24 3 l1d
30 60 6 l1d
25 52 7 l1d
28 29 4 l1d
5 63 0 l1d
14 41 8 l1d
20 4 0 l1d
4 50 3 l1d
13 8 1 l1d
23 60 6 l1d
29 17 4 l1d
7 57 4 l1d
0 7 1 l1d
24 4 6 l1d
26 26 8 l1d
31 38 4 l1d
6 22 3 l1d
9 51 3 l1d
5 29 5 l1d
27 24 0 l1d
23 21 6 l1d
27 32 3 l1d
22 60 8 l1d
3 43 4 l1d
17 17 7 l1d
12 4 7 l1d
29 10 0 l1d
26 64 3 l1d
21 4 4 l1d
5 50 5 l1d
0 44 7 l1d
23 0 6 l1d
0 37 0 l1d
28 5 8 l1d
26 46 0 l1d
4 6 6 l1d
8 41 3 l1d
27 30 8 l1d
26 32 7 l1d
17 14 8 l1d
31 0 0 l1d
26 59 3 l1d
1 13 6 l1d
20 19 5 l1d
6 33 5 l1d
18 60 4 l1d
14 46 4 l1d
22 16 3 l1d
