29 27 0 l1d
21 1 5 l1d
29 27 7 l1d
19 54 0 l1d
25 58 3 l1d
12 45 1 l1d
8 26 2 l1d
29 27 6 l1d
15 38 1 l1d
2 57 8 l1d
5 45 7 l1d
8 51 7 l1d
28 16 7 l1d
26 31 1 l1d
30 40 3 l1d
23 12 2 l1d
16 50 2 l1d
1 62 1 l1d
28 9 0 l1d
25 37 3 l1d
31 12 7 l1d
29 60 1 l1d
17 7 3 l1d
18 29 7 l1d
24 32 7 l1d
27 60 6 l1d
10 27 0 l1d
29 62 5 l1d
24 40 8 l1d
29 36 5 l1d
18 39 0 l1d
7 20 6 l1d
21 22 8 l1d
20 2 2 l1d
9 42 5 l1d
22 7 2 l1d
6 26 0 l1d
29 48 4 l1d
32 46 4 l1d
12 38 3 l1d
16 30 7 l1d
20 24 3 l1d
15 62 6 l1d
4 21 6 l1d
29 52 8 l1d
19 1 1 l1d
11 42 8 l1d
10 63 5 l1d
17 4 6 l1d
2 9 4 l1d
7 44 6 l1d
8 48 5 l1d
14 47 2 l1d
2 44 0 l1d
26 12 0 l1d
30 2 0 l1d
11 29 2 l1d
32 56 3 l1d
0 56 4 l1d
8 27 8 l1d
15 34 8 l1d
11 62 3 l1d
29 39 6 l1d
27 49 4 l1d
26 17 8 l1d
6 10 4 l1d
17 54 6 l1d
6 45 1 l1d
22 64 7 l1d
11 6 8 l1d
31 18 8 l1d
15 18 5 l1d
13 43 7 l1d
25 16 1 l1d
32 51 4 l1d
6 53 1 l1d
22 29 8 l1d
29 47 2 l1d
16 4 1 l1d
16 51 1 l1d
16 36 2 l1d
17 30 4 l1d
32 59 7 l1d
21 31 6 l1d
7 16 8 l1d
3 64 0 l1d
2 16 2 l1d
4 56 4 l1d
10 59 3 l1d
16 45 2 l1d
13 34 7 l1d
27 44 1 l1d
27 21 7 l1d
13 22 5 l1d
23 15 1 l1d
22 64 8 l1d
25 19 3 l1d
0 19 0 l1d
2 55 4 l1d
23 15 8 l1d
16 43 0 l1d
20 51 2 l1d
15 43 4 l1d
21 11 4 l1d
8 29 8 l1d
6 16 4 l1d
6 17 5 l1d
6 4 8 l1d
8 39 6 l1d
5 13 3 l1d
9 0 0 l1d
5 61 6 l1d
2 19 8 l1d
30 15 6 l1d
1 29 5 l1d
11 45 8 l1d
30 37 0 l1d
5 6 4 l1d
2 31 1 l1d
28 12 1 l1d
1 51 7 l1d
3 31 6 l1d
3 5 4 l1d
14 15 7 l1d
21 53 8 l1d
3 29 3 l1d
32 9 6 l1d
4 5 7 l1d
10 37 6 l1d
4 6 6 l1d
26 26 7 l1d
27 14 8 l1d
17 21 2 l1d
12 13 7 l1d
3 55 2 l1d
22 21 7 l1d
29 42 2 l1d
14 27 3 l1d
23 49 2 l1d
22 54 2 l1d
19 53 8 l1d
15 25 5 l1d
9 25 5 l1d
9 35 0 l1d
5 30 7 l1d
15 41 1 l1d
5 24 0 l1d
17 41 0 l1d
24 48 5 l1d
0 35 7 l1d
17 15 2 l1d
31 39 8 l1d
14 30 3 l1d
28 5 5 l1d
19 44 6 l1d
30 10 0 l1d
6 28 5 l1d
18 19 0 l1d
20 5 8 l1d
4 39 5 l1d
27 44 8 l1d
17 62 1 l1d
2 15 2 l1d
14 32 8 l1d
6 54 3 l1d
22 12 2 l1d
9 22 2 l1d
14 16 2 l1d
12 61 1 l1d
24 16 8 l1d
2 40 8 l1d
32 52 3 l1d
0 11 8 l1d
13 64 7 l1d
18 14 7 l1d
9 46 1 l1d
7 8 3 l1d
23 11 0 l1d
3 23 5 l1d
10 46 0 l1d
10 44 1 l1d
12 8 2 l1d
9 45 1 l1d
4 8 7 l1d
8 4 0 l1d
27 28 2 l1d
30 47 2 l1d
12 38 7 l1d
24 36 7 l1d
7 25 4 l1d
21 15 1 l1d
27 42 5 l1d
14 50 0 l1d
32 19 1 l1d
2 19 2 l1d
26 44 7 l1d
24 45 3 l1d
4 47 3 l1d
17 17 3 l1d
21 39 2 l1d
30 11 3 l1d
8 24 2 l1d
5 1 2 l1d
6 14 6 l1d
11 20 2 l1d
16 55 6 l1d
27 42 4 l1d
4 45 8 l1d
10 44 6 l1d
22 35 3 l1d
19 47 0 l1d
0 31 4 l1d
27 3 1 l1d
26 53 4 l1d
29 8 6 l1d
23 46 1 l1d
4 19 0 l1d
18 20 0 l1d
31 14 4 l1d
19 55 0 l1d
0 42 0 l1d
31 60 4 l1d
14 55 7 l1d
26 6 4 l1d
1 10 5 l1d
1 11 5 l1d
18 54 2 l1d
6 46 6 l1d
15 0 7 l1d
1 34 5 l1d
24 28 7 l1d
3 53 0 l1d
22 50 1 l1d
31 22 7 l1d
14 64 7 l1d
24 45 8 l1d
15 13 4 l1d
21 22 0 l1d
9 11 4 l1d
28 52 0 l1d
19 29 4 l1d
4 16 3 l1d
17 21 6 l1d
24 10 8 l1d
28 10 0 l1d
29 52 7 l1d
1 49 3 l1d
30 11 8 l1d
18 32 0 l1d
10 23 7 l1d
30 26 3 l1d
22 30 8 l1d
16 25 0 l1d
18 63 8 l1d
5 50 1 l1d
24 26 1 l1d
10 46 1 l1d
0 32 4 l1d
14 18 4 l1d
20 44 0 l1d
12 63 1 l1d
22 41 2 l1d
7 39 1 l1d
6 8 7 l1d
21 62 3 l1d
14 63 5 l1d
24 15 2 l1d
8 37 3 l1d
12 42 7 l1d
3 36 5 l1d
24 51 3 l1d
20 7 8 l1d
8 42 4 l1d
18 48 2 l1d
30 53 1 l1d
0 36 1 l1d
7 47 4 l1d
25 18 6 l1d
26 37 0 l1d
10 10 5 l1d
32 48 4 l1d
23 60 3 l1d
13 52 6 l1d
32 46 0 l1d
14 45 4 l1d
29 53 6 l1d
12 30 4 l1d
20 7 3 l1d
15 4 1 l1d
21 5 1 l1d
12 5 8 l1d
8 28 3 l1d
22 30 3 l1d
22 26 5 l1d
3 24 2 l1d
23 6 6 l1d
32 41 4 l1d
24 41 0 l1d
12 46 7 l1d
9 62 6 l1d
20 56 8 l1d
16 40 3 l1d
19 32 3 l1d
5 35 2 l1d
9 57 6 l1d
20 64 0 l1d
1 7 3 l1d
14 40 7 l1d
20 4 7 l1d
15 55 5 l1d
13 61 3 l1d
10 59 5 l1d
0 61 1 l1d
29 49 3 l1d
26 3 4 l1d
4 19 7 l1d
6 3 5 l1d
1 42 0 l1d
20 38 3 l1d
15 50 4 l1d
18 34 0 l1d
30 59 3 l1d
4 27 2 l1d
22 32 8 l1d
29 19 1 l1d
8 48 3 l1d
30 10 4 l1d
15 35 6 l1d
19 59 8 l1d
31 43 4 l1d
6 10 8 l1d
30 6 1 l1d
19 6 1 l1d
32 56 2 l1d
7 45 8 l1d
30 43 2 l1d
1 10 3 l1d
18 50 8 l1d
7 46 6 l1d
11 54 7 l1d
1 28 6 l1d
32 39 7 l1d
19 36 6 l1d
31 46 6 l1d
30 48 4 l1d
18 41 6 l1d
32 64 4 l1d
23 34 4 l1d
14 40 2 l1d
2 42 2 l1d
26 17 0 l1d
30 30 1 l1d
0 25 6 l1d
27 11 4 l1d
29 55 0 l1d
13 60 7 l1d
18 54 5 l1d
20 8 3 l1d
23 14 7 l1d
28 49 4 l1d
3 48 5 l1d
15 53 5 l1d
7 53 7 l1d
22 21 5 l1d
16 3 1 l1d
7 35 1 l1d
7 33 2 l1d
1 48 3 l1d
18 8 0 l1d
1 15 5 l1d
22 39 8 l1d
1 48 2 l1d
27 18 3 l1d
1 15 0 l1d
22 35 2 l1d
4 23 0 l1d
31 12 4 l1d
11 59 8 l1d
11 11 1 l1d
4 33 6 l1d
13 13 7 l1d
1 23 5 l1d
32 16 4 l1d
28 39 0 l1d
0 18 4 l1d
7 35 6 l1d
2 5 6 l1d
18 61 0 l1d
1 40 2 l1d
25 24 5 l1d
14 21 6 l1d
13 5 2 l1d
30 57 8 l1d
18 22 6 l1d
23 14 0 l1d
28 38 6 l1d
16 7 3 l1d
19 30 8 l1d
3 42 4 l1d
7 17 0 l1d
32 39 5 l1d
20 1 6 l1d
6 0 6 l1d
11 5 4 l1d
31 56 7 l1d
1 37 3 l1d
16 28 1 l1d
21 20 1 l1d
7 36 5 l1d
1 55 4 l1d
13 5 0 l1d
21 25 7 l1d
19 18 7 l1d
30 63 3 l1d
15 16 0 l1d
9 23 8 l1d
10 1 7 l1d
29 3 1 l1d
15 9 7 l1d
8 9 0 l1d
23 22 8 l1d
21 64 7 l1d
7 59 8 l1d
17 44 4 l1d
21 1 5 l1d
21 49 5 l1d
8 47 8 l1d
17 2 3 l1d
6 25 1 l1d
14 54 6 l1d
19 23 3 l1d
18 20 2 l1d
21 52 4 l1d
4 9 3 l1d
14 43 5 l1d
12 62 2 l1d
26 13 1 l1d
25 30 4 l1d
31 42 2 l1d
4 45 2 l1d
19 16 5 l1d
2 61 8 l1d
23 59 0 l1d
29 50 4 l1d
3 59 8 l1d
8 16 8 l1d
18 45 1 l1d
22 50 1 l1d
15 12 6 l1d
23 25 5 l1d
11 61 6 l1d
31 33 3 l1d
28 40 0 l1d
3 58 1 l1d
26 49 1 l1d
25 30 1 l1d
22 37 6 l1d
4 36 4 l1d
26 33 5 l1d
14 46 2 l1d
20 49 8 l1d
4 0 1 l1d
13 2 4 l1d
26 52 8 l1d
16 15 0 l1d
19 33 5 l1d
13 47 0 l1d
4 47 6 l1d
10 60 7 l1d
32 0 6 l1d
1 54 8 l1d
2 39 5 l1d
13 62 6 l1d
12 30 7 l1d
10 54 2 l1d
31 14 8 l1d
15 23 7 l1d
17 46 7 l1d
28 7 3 l1d
6 12 2 l1d
3 0 6 l1d
15 0 8 l1d
31 22 5 l1d
4 41 3 l1d
29 64 0 l1d
4 46 3 l1d
28 16 3 l1d
16 23 5 l1d
27 51 4 l1d
10 12 1 l1d
19 42 6 l1d
15 63 4 l1d
2 53 3 l1d
31 54 0 l1d
27 7 0 l1d
10 20 1 l1d
5 12 0 l1d
16 26 6 l1d
23 36 2 l1d
16 63 5 l1d
31 21 6 l1d
27 10 1 l1d
27 64 4 l1d
18 5 8 l1d
5 26 8 l1d
32 46 6 l1d
4 15 8 l1d
2 47 3 l1d
24 34 3 l1d
8 37 8 l1d
7 44 1 l1d
7 12 1 l1d
17 15 1 l1d
15 8 0 l1d
16 63 2 l1d
21 10 2 l1d
19 33 3 l1d
32 28 8 l1d
27 12 4 l1d
11 19 6 l1d
16 0 2 l1d
2 25 0 l1d
11 10 8 l1d
16 15 8 l1d
27 2 6 l1d
23 34 0 l1d
8 64 5 l1d
31 20 5 l1d
20 55 2 l1d
11 57 5 l1d
13 18 6 l1d
2 18 6 l1d
20 1 1 l1d
19 28 0 l1d
31 45 4 l1d
11 29 3 l1d
11 42 0 l1d
10 27 7 l1d
13 50 7 l1d
18 49 4 l1d
6 29 1 l1d
20 29 3 l1d
9 39 1 l1d
0 55 5 l1d
24 27 4 l1d
11 64 8 l1d
0 25 8 l1d
8 30 8 l1d
6 6 5 l1d
12 56 5 l1d
17 26 1 l1d
7 15 7 l1d
18 64 2 l1d
22 46 1 l1d
16 25 8 l1d
12 42 1 l1d
4 61 5 l1d
13 19 5 l1d
29 26 2 l1d
7 47 4 l1d
11 10 5 l1d
19 59 5 l1d
19 43 0 l1d
23 49 8 l1d
4 15 7 l1d
11 35 4 l1d
20 64 6 l1d
5 33 6 l1d
2 8 4 l1d
6 47 4 l1d
10 12 7 l1d
18 33 0 l1d
30 49 3 l1d
7 4 6 l1d
27 44 4 l1d
22 23 7 l1d
3 0 2 l1d
26 58 7 l1d
17 59 6 l1d
5 64 4 l1d
20 6 5 l1d
31 64 6 l1d
4 61 2 l1d
17 64 6 l1d
4 53 1 l1d
9 53 5 l1d
7 35 4 l1d
31 25 5 l1d
