0 38 6 l1d
17 54 7 l1d
12 8 8 l1d
13 60 8 l1d
10 1 2 l1d
14 27 8 l1d
13 4 2 l1d
14 61 7 l1d
18 4 2 l1d
25 39 1 l1d
27 21 3 l1d
5 0 8 l1d
9 48 8 l1d
19 5 4 l1d
22 47 1 l1d
6 7 6 l1d
5 11 5 l1d
12 48 4 l1d
15 52 2 l1d
29 1 5 l1d
14 3 6 l1d
24 47 0 l1d
15 42 6 l1d
7 19 2 l1d
6 53 5 l1d
20 34 0 l1d
8 6 6 l1d
22 50 0 l1d
2 57 2 l1d
13 2 0 l1d
24 24 4 l1d
20 1 1 l1d
11 43 7 l1d
6 45 5 l1d
26 9 4 l1d
27 27 5 l1d
18 64 1 l1d
16 42 1 l1d
11 9 8 l1d
13 13 8 l1d
2 51 3 l1d
29 4 4 l1d
4 21 3 l1d
5 49 5 l1d
21 13 7 l1d
2 23 1 l1d
20 44 5 l1d
29 5 3 l1d
7 26 5 l1d
1 26 6 l1d
23 15 6 l1d
9 31 0 l1d
18 6 5 l1d
31 9 2 l1d
11 37 5 l1d
11 39 8 l1d
22 3 0 l1d
28 20 7 l1d
9 38 4 l1d
32 23 1 l1d
17 51 3 l1d
23 18 2 l1d
18 54 1 l1d
17 39 7 l1d
32 23 1 l1d
7 52 2 l1d
7 54 4 l1d
6 43 5 l1d
0 58 5 l1d
21 41 7 l1d
18 26 2 l1d
24 19 7 l1d
8 40 2 l1d
8 12 1 l1d
15 7 6 l1d
6 42 5 l1d
0 52 7 l1d
24 33 7 l1d
16 11 0 l1d
14 26 5 l1d
9 0 3 l1d
4 54 7 l1d
32 14 4 l1d
3 35 0 l1d
28 12 8 l1d
16 11 8 l1d
1 56 4 l1d
25 0 3 l1d
17 59 1 l1d
27 40 8 l1d
27 58 8 l1d
25 28 2 l1d
13 28 7 l1d
6 63 0 l1d
17 22 3 l1d
28 6 7 l1d
21 31 5 l1d
27 38 6 l1d
5 53 2 l1d
19 47 4 l1d
23 39 2 l1d
2 57 1 l1d
15 54 3 l1d
21 54 1 l1d
14 61 6 l1d
3 25 7 l1d
9 29 7 l1d
23 37 4 l1d
10 1 8 l1d
17 8 6 l1d
23 50 5 l1d
17 52 8 l1d
21 43 1 l1d
0 46 2 l1d
16 14 7 l1d
0 20 3 l1d
3 14 7 l1d
9 9 1 l1d
24 30 6 l1d
3 54 0 l1d
7 59 3 l1d
9 63 1 l1d
7 19 7 l1d
11 4 5 l1d
5 55 7 l1d
18 34 8 l1d
31 4 7 l1d
21 2 8 l1d
1 46 5 l1d
24 11 8 l1d
27 7 5 l1d
21 3 6 l1d
3 25 1 l1d
12 56 6 l1d
25 26 2 l1d
16 9 6 l1d
11 10 0 l1d
26 5 1 l1d
9 30 6 l1d
19 60 1 l1d
1 31 7 l1d
10 0 0 l1d
15 2 3 l1d
28 43 5 l1d
15 12 2 l1d
8 30 7 l1d
15 5 1 l1d
11 42 6 l1d
6 50 1 l1d
27 63 2 l1d
19 23 4 l1d
29 51 2 l1d
11 59 3 l1d
32 15 2 l1d
10 26 0 l1d
32 62 1 l1d
6 55 3 l1d
26 47 0 l1d
30 37 0 l1d
9 10 8 l1d
28 52 3 l1d
7 37 2 l1d
18 56 0 l1d
6 47 6 l1d
32 0 3 l1d
31 46 0 l1d
5 43 4 l1d
26 1 2 l1d
18 38 4 l1d
31 5 4 l1d
23 24 0 l1d
17 35 6 l1d
26 4 1 l1d
20 10 4 l1d
25 27 5 l1d
1 9 0 l1d
28 52 3 l1d
26 52 2 l1d
12 48 2 l1d
22 50 1 l1d
1 29 3 l1d
11 30 3 l1d
22 19 7 l1d
2 55 0 l1d
32 43 8 l1d
0 62 1 l1d
10 16 4 l1d
19 46 6 l1d
0 11 4 l1d
26 9 4 l1d
0 52 0 l1d
4 2 5 l1d
16 27 4 l1d
20 0 8 l1d
12 3 4 l1d
22 61 1 l1d
12 57 3 l1d
15 44 6 l1d
3 26 5 l1d
14 34 5 l1d
5 60 7 l1d
8 59 5 l1d
8 41 1 l1d
32 23 4 l1d
11 16 8 l1d
5 62 3 l1d
18 37 5 l1d
7 51 1 l1d
30 13 3 l1d
5 11 0 l1d
32 41 1 l1d
7 21 8 l1d
29 53 7 l1d
26 37 3 l1d
28 57 1 l1d
25 14 6 l1d
19 31 6 l1d
6 13 7 l1d
21 56 8 l1d
30 21 2 l1d
9 10 5 l1d
10 32 5 l1d
21 13 7 l1d
28 21 0 l1d
8 27 1 l1d
31 60 4 l1d
31 32 3 l1d
6 23 4 l1d
2 11 2 l1d
8 19 2 l1d
3 62 5 l1d
0 11 1 l1d
6 24 7 l1d
24 44 4 l1d
31 47 4 l1d
3 6 6 l1d
2 61 6 l1d
14 10 2 l1d
25 45 8 l1d
18 10 6 l1d
3 34 2 l1d
16 47 8 l1d
19 30 8 l1d
29 6 0 l1d
25 5 4 l1d
2 20 7 l1d
11 47 1 l1d
16 14 6 l1d
27 2 5 l1d
28 59 5 l1d
25 1 4 l1d
31 24 3 l1d
31 38 4 l1d
11 38 3 l1d
27 15 6 l1d
12 28 3 l1d
21 30 0 l1d
24 3 6 l1d
8 60 8 l1d
21 22 1 l1d
9 1 0 l1d
9 15 8 l1d
17 52 3 l1d
5 4 8 l1d
11 38 5 l1d
24 44 1 l1d
27 14 8 l1d
22 24 4 l1d
18 5 3 l1d
4 37 3 l1d
30 41 3 l1d
2 17 8 l1d
18 19 0 l1d
7 15 1 l1d
14 48 0 l1d
31 58 7 l1d
8 13 6 l1d
30 2 6 l1d
5 47 2 l1d
21 49 5 l1d
28 25 6 l1d
24 34 0 l1d
25 45 6 l1d
2 46 2 l1d
19 37 4 l1d
23 11 7 l1d
5 56 5 l1d
24 61 7 l1d
16 63 3 l1d
4 63 6 l1d
12 50 2 l1d
2 30 6 l1d
13 48 4 l1d
1 33 0 l1d
8 6 5 l1d
15 14 8 l1d
14 26 3 l1d
13 35 2 l1d
31 27 3 l1d
8 10 5 l1d
12 23 3 l1d
29 18 8 l1d
20 5 2 l1d
18 14 3 l1d
5 30 1 l1d
20 7 6 l1d
29 1 3 l1d
25 15 5 l1d
1 32 5 l1d
9 18 4 l1d
24 7 7 l1d
20 21 4 l1d
14 14 6 l1d
31 19 7 l1d
22 50 7 l1d
25 11 8 l1d
2 23 4 l1d
15 34 1 l1d
26 46 2 l1d
14 62 7 l1d
22 56 5 l1d
1 56 6 l1d
32 62 4 l1d
25 45 4 l1d
6 60 7 l1d
9 64 7 l1d
14 53 2 l1d
13 62 4 l1d
27 17 1 l1d
14 21 1 l1d
22 48 5 l1d
30 48 8 l1d
24 57 7 l1d
0 58 6 l1d
15 42 8 l1d
4 54 7 l1d
10 31 1 l1d
25 29 5 l1d
4 14 4 l1d
8 57 2 l1d
32 46 4 l1d
27 19 4 l1d
21 61 6 l1d
16 52 7 l1d
32 7 1 l1d
31 60 1 l1d
31 46 1 l1d
6 33 8 l1d
18 50 1 l1d
0 19 6 l1d
31 41 3 l1d
4 50 5 l1d
12 30 1 l1d
13 5 8 l1d
