21 32 1 l1d
25 21 6 l1d
8 22 8 l1d
0 46 8 l1d
25 53 6 l1d
27 64 0 l1d
27 10 1 l1d
4 39 6 l1d
15 22 5 l1d
0 54 5 l1d
25 6 8 l1d
31 20 1 l1d
22 32 1 l1d
4 40 8 l1d
10 7 3 l1d
25 53 8 l1d
6 0 0 l1d
18 21 4 l1d
9 50 1 l1d
28 19 7 l1d
7 24 5 l1d
18 14 0 l1d
12 28 1 l1d
13 57 3 l1d
7 9 0 l1d
6 15 1 l1d
5 36 4 l1d
3 61 4 l1d
9 2 0 l1d
4 58 6 l1d
7 24 2 l1d
15 11 5 l1d
11 3 6 l1d
27 4 0 l1d
5 32 7 l1d
12 31 6 l1d
31 37 1 l1d
6 47 3 l1d
23 61 0 l1d
32 42 3 l1d
7 33 5 l1d
26 23 3 l1d
17 9 8 l1d
26 3 1 l1d
24 51 0 l1d
32 31 7 l1d
7 40 5 l1d
21 25 5 l1d
6 33 5 l1d
29 26 6 l1d
10 16 0 l1d
26 43 4 l1d
7 46 4 l1d
12 55 4 l1d
7 60 2 l1d
31 3 0 l1d
17 38 8 l1d
0 14 3 l1d
6 40 6 l1d
28 7 6 l1d
5 29 8 l1d
7 15 8 l1d
29 42 5 l1d
8 63 8 l1d
14 24 4 l1d
18 62 3 l1d
18 42 7 l1d
22 64 7 l1d
18 53 7 l1d
22 56 7 l1d
26 2 0 l1d
3 28 8 l1d
27 32 2 l1d
30 4 4 l1d
25 64 8 l1d
12 28 2 l1d
18 19 2 l1d
12 36 0 l1d
28 30 4 l1d
13 12 3 l1d
26 27 8 l1d
32 37 6 l1d
4 64 8 l1d
2 62 1 l1d
11 43 0 l1d
23 17 6 l1d
16 48 0 l1d
28 25 6 l1d
27 9 1 l1d
2 25 8 l1d
11 51 6 l1d
19 26 6 l1d
18 17 1 l1d
9 63 1 l1d
19 34 5 l1d
6 12 3 l1d
22 30 0 l1d
32 49 1 l1d
0 54 6 l1d
31 1 7 l1d
31 32 4 l1d
23 31 8 l1d
11 59 2 l1d
27 19 1 l1d
3 22 4 l1d
19 45 0 l1d
15 28 4 l1d
31 22 2 l1d
7 23 3 l1d
20 56 5 l1d
1 1 2 l1d
4 40 7 l1d
13 10 8 l1d
32 35 6 l1d
8 42 6 l1d
15 22 2 l1d
27 30 3 l1d
25 44 2 l1d
22 32 7 l1d
23 24 0 l1d
15 54 3 l1d
17 37 6 l1d
24 2 6 l1d
20 17 7 l1d
13 35 2 l1d
15 41 5 l1d
32 40 2 l1d
23 46 0 l1d
20 36 2 l1d
1 56 7 l1d
32 22 7 l1d
15 5 4 l1d
22 42 8 l1d
16 28 2 l1d
10 6 6 l1d
2 60 5 l1d
2 46 8 l1d
4 12 3 l1d
18 42 4 l1d
6 13 6 l1d
2 40 8 l1d
8 12 3 l1d
3 13 0 l1d
7 45 3 l1d
30 64 4 l1d
15 32 8 l1d
30 44 7 l1d
0 9 1 l1d
