23 0 3 l1d
17 23 4 l1d
30 41 5 l1d
25 62 4 l1d
22 32 4 l1d
23 56 4 l1d
22 39 2 l1d
16 45 3 l1d
7 25 4 l1d
26 62 4 l1d
12 21 2 l1d
25 57 5 l1d
2 64 1 l1d
17 55 6 l1d
17 63 5 l1d
2 22 6 l1d
19 47 8 l1d
19 32 4 l1d
25 23 0 l1d
13 2 7 l1d
12 35 7 l1d
7 0 4 l1d
19 44 6 l1d
27 45 3 l1d
9 33 0 l1d
4 16 6 l1d
13 61 1 l1d
25 26 8 l1d
12 41 8 l1d
26 58 1 l1d
20 33 5 l1d
32 52 1 l1d
32 59 5 l1d
20 58 6 l1d
29 23 4 l1d
5 39 6 l1d
1 31 2 l1d
17 9 8 l1d
19 23 8 l1d
16 29 1 l1d
12 15 6 l1d
4 10 0 l1d
10 13 0 l1d
3 62 5 l1d
9 39 3 l1d
32 33 1 l1d
32 6 5 l1d
12 46 1 l1d
29 33 2 l1d
11 21 8 l1d
15 31 6 l1d
14 44 1 l1d
1 58 4 l1d
27 53 0 l1d
11 21 5 l1d
20 21 6 l1d
17 53 0 l1d
12 44 8 l1d
11 53 8 l1d
2 48 1 l1d
23 60 5 l1d
18 47 3 l1d
13 17 8 l1d
10 38 5 l1d
18 2 2 l1d
27 0 1 l1d
31 43 4 l1d
25 33 5 l1d
0 35 0 l1d
3 30 1 l1d
21 4 7 l1d
27 61 3 l1d
24 57 4 l1d
8 34 6 l1d
18 49 0 l1d
28 44 8 l1d
12 19 3 l1d
21 52 2 l1d
8 58 6 l1d
26 38 5 l1d
15 41 0 l1d
17 60 6 l1d
9 14 6 l1d
28 13 4 l1d
15 52 0 l1d
2 49 2 l1d
1 30 5 l1d
2 56 3 l1d
23 20 6 l1d
17 3 3 l1d
7 36 1 l1d
6 43 1 l1d
