13 25 5 l1d
27 2 1 l1d
15 4 6 l1d
22 19 0 l1d
27 2 0 l1d
18 33 4 l1d
11 40 6 l1d
21 37 2 l1d
32 10 6 l1d
13 8 2 l1d
3 54 8 l1d
17 22 5 l1d
10 50 6 l1d
7 51 2 l1d
29 32 4 l1d
7 22 1 l1d
22 39 1 l1d
18 63 0 l1d
11 42 7 l1d
14 22 0 l1d
4 32 7 l1d
14 40 2 l1d
20 3 7 l1d
23 36 8 l1d
29 14 2 l1d
16 13 4 l1d
20 57 1 l1d
8 12 4 l1d
27 28 2 l1d
13 35 2 l1d
4 61 8 l1d
8 24 2 l1d
19 27 6 l1d
30 44 0 l1d
1 36 2 l1d
7 7 2 l1d
25 52 8 l1d
9 42 0 l1d
24 22 3 l1d
24 23 4 l1d
7 20 0 l1d
20 31 7 l1d
5 39 0 l1d
31 10 4 l1d
19 29 2 l1d
23 13 5 l1d
26 52 0 l1d
21 49 2 l1d
3 37 1 l1d
22 21 4 l1d
29 10 7 l1d
32 2 4 l1d
16 56 4 l1d
17 36 1 l1d
2 47 3 l1d
7 38 1 l1d
29 36 0 l1d
7 28 0 l1d
14 41 1 l1d
16 64 1 l1d
26 49 7 l1d
20 40 4 l1d
7 43 4 l1d
7 57 4 l1d
22 14 8 l1d
11 1 3 l1d
4 41 2 l1d
10 32 2 l1d
14 56 8 l1d
26 55 3 l1d
24 19 3 l1d
21 55 4 l1d
9 30 7 l1d
22 54 0 l1d
11 29 4 l1d
12 64 8 l1d
22 53 2 l1d
18 38 5 l1d
3 28 5 l1d
29 64 1 l1d
25 26 8 l1d
16 51 7 l1d
28 27 4 l1d
27 42 5 l1d
3 39 1 l1d
23 26 3 l1d
7 54 8 l1d
4 36 6 l1d
22 35 5 l1d
2 0 0 l1d
8 9 7 l1d
11 46 5 l1d
21 38 4 l1d
27 37 8 l1d
29 64 7 l1d
7 60 8 l1d
15 51 7 l1d
9 35 2 l1d
26 5 4 l1d
28 20 4 l1d
