22 39 0 l1d
16 16 7 l1d
18 60 5 l1d
32 19 1 l1d
3 16 8 l1d
18 62 1 l1d
9 39 5 l1d
10 6 2 l1d
10 31 0 l1d
11 6 6 l1d
29 26 1 l1d
31 2 4 l1d
25 10 3 l1d
31 58 2 l1d
8 4 5 l1d
30 52 2 l1d
28 32 7 l1d
27 64 7 l1d
25 36 0 l1d
3 10 7 l1d
26 23 6 l1d
24 42 1 l1d
7 40 7 l1d
15 13 5 l1d
19 5 5 l1d
10 40 1 l1d
29 26 1 l1d
21 15 5 l1d
22 56 8 l1d
5 46 3 l1d
17 25 0 l1d
12 39 6 l1d
28 57 1 l1d
21 59 6 l1d
24 39 7 l1d
6 60 0 l1d
24 35 0 l1d
13 41 4 l1d
22 7 3 l1d
19 64 3 l1d
11 31 4 l1d
9 58 0 l1d
12 34 3 l1d
15 53 5 l1d
3 43 1 l1d
3 56 6 l1d
0 40 0 l1d
14 3 0 l1d
24 55 6 l1d
19 33 4 l1d
21 1 7 l1d
10 24 2 l1d
31 28 7 l1d
15 24 3 l1d
3 30 2 l1d
0 3 7 l1d
10 6 1 l1d
0 37 0 l1d
6 26 4 l1d
20 49 4 l1d
20 54 3 l1d
24 15 2 l1d
32 8 5 l1d
17 27 7 l1d
28 11 2 l1d
16 12 3 l1d
17 12 8 l1d
21 50 6 l1d
31 58 7 l1d
16 56 4 l1d
5 63 3 l1d
23 10 8 l1d
1 13 5 l1d
13 32 0 l1d
24 14 0 l1d
3 38 2 l1d
8 14 4 l1d
15 51 4 l1d
23 18 8 l1d
5 8 7 l1d
22 46 1 l1d
28 27 5 l1d
8 8 2 l1d
10 60 1 l1d
28 38 0 l1d
25 4 7 l1d
3 49 4 l1d
0 15 3 l1d
20 12 2 l1d
3 43 3 l1d
22 36 5 l1d
12 31 7 l1d
20 54 8 l1d
27 31 4 l1d
23 23 4 l1d
24 14 3 l1d
2 2 2 l1d
30 1 7 l1d
16 9 4 l1d
0 3 3 l1d
10 7 8 l1d
9 34 0 l1d
7 3 4 l1d
18 62 1 l1d
8 4 1 l1d
21 29 6 l1d
28 38 6 l1d
10 26 2 l1d
16 62 1 l1d
11 44 2 l1d
27 15 4 l1d
19 2 6 l1d
12 41 2 l1d
23 48 0 l1d
3 37 6 l1d
14 53 8 l1d
3 12 8 l1d
1 38 2 l1d
15 1 2 l1d
24 0 8 l1d
8 2 8 l1d
21 14 0 l1d
2 4 6 l1d
31 36 0 l1d
26 54 8 l1d
12 47 7 l1d
1 42 8 l1d
18 25 6 l1d
30 22 8 l1d
15 24 3 l1d
5 16 2 l1d
16 31 1 l1d
9 50 0 l1d
27 0 4 l1d
16 15 8 l1d
13 21 6 l1d
24 42 5 l1d
20 56 0 l1d
24 47 6 l1d
12 33 8 l1d
16 38 6 l1d
1 7 7 l1d
5 43 2 l1d
29 50 6 l1d
25 52 6 l1d
5 10 7 l1d
29 57 2 l1d
29 40 6 l1d
