4 10 3 l1d
16 26 8 l1d
6 33 5 l1d
15 39 7 l1d
11 46 1 l1d
5 23 1 l1d
18 48 3 l1d
0 29 2 l1d
29 5 6 l1d
30 11 5 l1d
29 48 5 l1d
5 29 6 l1d
32 44 8 l1d
10 6 7 l1d
28 19 2 l1d
18 17 8 l1d
5 0 7 l1d
14 53 8 l1d
31 27 4 l1d
7 20 4 l1d
5 10 0 l1d
13 47 6 l1d
32 29 2 l1d
5 32 8 l1d
8 23 0 l1d
17 14 6 l1d
32 8 2 l1d
22 31 4 l1d
0 2 5 l1d
6 9 0 l1d
31 22 7 l1d
2 13 6 l1d
22 35 2 l1d
31 44 1 l1d
14 41 3 l1d
3 35 3 l1d
19 47 7 l1d
1 41 4 l1d
27 58 2 l1d
15 22 8 l1d
19 3 5 l1d
4 41 1 l1d
16 52 0 l1d
17 1 7 l1d
9 3 2 l1d
5 57 1 l1d
7 50 5 l1d
2 55 7 l1d
21 50 6 l1d
27 1 3 l1d
13 56 6 l1d
9 34 7 l1d
32 17 8 l1d
29 0 6 l1d
18 60 1 l1d
10 22 3 l1d
31 19 6 l1d
32 5 2 l1d
13 17 4 l1d
10 3 0 l1d
21 58 1 l1d
3 35 2 l1d
5 59 5 l1d
1 15 4 l1d
7 20 4 l1d
8 9 4 l1d
3 52 1 l1d
24 15 2 l1d
29 12 1 l1d
32 41 1 l1d
27 24 7 l1d
24 30 6 l1d
5 9 2 l1d
26 45 6 l1d
3 50 6 l1d
11 3 2 l1d
16 63 2 l1d
8 53 4 l1d
23 19 0 l1d
1 49 6 l1d
4 28 3 l1d
30 42 2 l1d
