6 60 6 l1d
8 22 8 l1d
32 22 6 l1d
3 41 1 l1d
26 45 6 l1d
11 18 8 l1d
27 52 2 l1d
0 7 3 l1d
32 27 3 l1d
3 56 5 l1d
4 50 3 l1d
9 56 3 l1d
25 15 2 l1d
18 27 8 l1d
23 54 5 l1d
23 37 0 l1d
27 6 4 l1d
3 35 7 l1d
11 44 8 l1d
10 6 7 l1d
22 22 0 l1d
32 34 5 l1d
32 11 5 l1d
8 57 5 l1d
15 51 7 l1d
17 26 8 l1d
0 28 5 l1d
2 27 7 l1d
1 28 5 l1d
11 30 6 l1d
12 39 0 l1d
3 2 3 l1d
27 4 7 l1d
24 58 5 l1d
22 0 6 l1d
2 29 5 l1d
32 28 0 l1d
8 16 8 l1d
22 23 3 l1d
22 26 8 l1d
14 43 8 l1d
31 27 5 l1d
7 29 5 l1d
20 15 3 l1d
9 4 7 l1d
4 43 0 l1d
2 30 8 l1d
28 24 2 l1d
15 5 6 l1d
22 8 7 l1d
23 35 4 l1d
14 60 4 l1d
21 42 0 l1d
14 41 0 l1d
10 37 1 l1d
24 57 6 l1d
