23 45 4 l1d
30 7 6 l1d
1 18 8 l1d
9 53 4 l1d
7 42 1 l1d
11 40 7 l1d
1 60 8 l1d
28 49 2 l1d
23 62 8 l1d
28 31 8 l1d
23 3 3 l1d
25 15 5 l1d
14 56 0 l1d
8 56 5 l1d
31 44 7 l1d
25 62 6 l1d
19 26 2 l1d
26 26 5 l1d
25 49 2 l1d
19 20 3 l1d
11 23 7 l1d
29 0 6 l1d
21 51 1 l1d
23 6 8 l1d
12 21 6 l1d
18 26 4 l1d
32 18 2 l1d
23 3 3 l1d
18 58 3 l1d
14 55 1 l1d
19 62 4 l1d
18 31 4 l1d
1 8 5 l1d
2 10 1 l1d
21 6 3 l1d
3 27 5 l1d
22 57 5 l1d
30 34 3 l1d
0 59 5 l1d
29 57 6 l1d
1 49 3 l1d
13 15 5 l1d
26 27 1 l1d
6 1 6 l1d
32 9 2 l1d
17 27 1 l1d
21 43 6 l1d
29 3 5 l1d
6 40 8 l1d
1 29 1 l1d
16 17 2 l1d
9 42 0 l1d
16 37 1 l1d
12 3 4 l1d
15 25 7 l1d
2 5 5 l1d
27 23 6 l1d
14 18 2 l1d
27 61 7 l1d
24 14 6 l1d
28 25 0 l1d
14 58 6 l1d
12 56 0 l1d
12 49 7 l1d
22 6 7 l1d
4 6 4 l1d
6 54 6 l1d
5 5 1 l1d
21 48 5 l1d
9 39 1 l1d
17 28 2 l1d
32 24 0 l1d
24 54 4 l1d
4 59 7 l1d
30 5 7 l1d
29 30 8 l1d
29 59 3 l1d
32 39 1 l1d
17 18 4 l1d
18 4 0 l1d
7 4 1 l1d
23 19 6 l1d
12 1 7 l1d
14 53 2 l1d
32 9 4 l1d
6 11 3 l1d
2 58 0 l1d
8 30 8 l1d
31 64 8 l1d
17 20 8 l1d
23 36 1 l1d
10 3 3 l1d
25 40 6 l1d
4 29 6 l1d
15 33 3 l1d
30 18 6 l1d
32 8 2 l1d
28 39 2 l1d
3 14 7 l1d
9 45 6 l1d
4 12 5 l1d
26 47 7 l1d
17 36 1 l1d
14 13 1 l1d
