5 21 3 l1d
16 16 1 l1d
26 64 8 l1d
15 50 0 l1d
23 55 3 l1d
11 19 8 l1d
8 26 2 l1d
3 19 7 l1d
5 2 4 l1d
28 6 7 l1d
1 0 1 l1d
26 21 8 l1d
7 18 0 l1d
32 0 7 l1d
30 44 1 l1d
26 21 7 l1d
8 46 1 l1d
6 57 0 l1d
3 23 8 l1d
11 63 5 l1d
30 0 4 l1d
14 34 5 l1d
0 12 2 l1d
5 11 1 l1d
18 51 6 l1d
19 26 3 l1d
16 26 8 l1d
8 57 7 l1d
26 47 8 l1d
15 45 4 l1d
16 33 4 l1d
20 6 5 l1d
15 32 2 l1d
27 55 3 l1d
17 15 1 l1d
28 55 5 l1d
26 54 0 l1d
24 7 3 l1d
5 33 1 l1d
14 50 4 l1d
4 21 6 l1d
0 4 0 l1d
11 55 2 l1d
16 52 1 l1d
11 0 7 l1d
7 54 5 l1d
27 35 6 l1d
12 40 5 l1d
7 56 3 l1d
15 54 7 l1d
12 46 8 l1d
20 45 5 l1d
3 22 6 l1d
31 17 6 l1d
12 64 6 l1d
26 63 7 l1d
16 13 0 l1d
30 48 6 l1d
9 56 5 l1d
21 36 4 l1d
27 52 0 l1d
28 32 2 l1d
14 28 0 l1d
21 10 7 l1d
6 31 0 l1d
2 44 8 l1d
9 9 3 l1d
28 40 1 l1d
1 10 5 l1d
20 30 5 l1d
25 52 7 l1d
2 51 1 l1d
6 52 3 l1d
28 63 2 l1d
9 30 1 l1d
22 36 7 l1d
12 55 0 l1d
20 59 1 l1d
16 32 8 l1d
17 9 5 l1d
7 4 0 l1d
1 64 4 l1d
23 64 7 l1d
11 53 3 l1d
1 2 5 l1d
12 14 3 l1d
23 25 2 l1d
29 19 0 l1d
3 30 0 l1d
26 6 5 l1d
18 39 7 l1d
13 11 4 l1d
15 23 3 l1d
24 36 2 l1d
0 55 1 l1d
27 19 6 l1d
7 6 3 l1d
26 55 5 l1d
10 45 5 l1d
16 14 1 l1d
