22 27 2 l1d
14 6 0 l1d
5 58 6 l1d
18 41 6 l1d
9 61 2 l1d
13 7 7 l1d
31 19 5 l1d
3 23 7 l1d
16 6 5 l1d
2 11 0 l1d
3 34 5 l1d
27 52 2 l1d
8 40 4 l1d
18 42 3 l1d
16 61 3 l1d
21 5 6 l1d
3 17 5 l1d
22 34 1 l1d
23 39 0 l1d
7 46 1 l1d
10 32 6 l1d
9 8 6 l1d
28 57 3 l1d
8 55 2 l1d
9 46 1 l1d
2 44 4 l1d
19 16 8 l1d
23 2 1 l1d
1 34 7 l1d
13 4 8 l1d
30 16 3 l1d
1 37 1 l1d
21 21 4 l1d
30 63 5 l1d
29 37 7 l1d
2 33 8 l1d
15 39 7 l1d
18 28 6 l1d
2 6 1 l1d
30 18 7 l1d
15 56 8 l1d
23 8 7 l1d
29 0 7 l1d
9 42 3 l1d
27 33 4 l1d
12 44 3 l1d
16 57 1 l1d
4 49 5 l1d
14 25 7 l1d
7 41 5 l1d
25 40 1 l1d
15 14 1 l1d
23 40 4 l1d
17 15 5 l1d
8 23 3 l1d
11 56 8 l1d
22 34 6 l1d
11 43 8 l1d
20 4 3 l1d
1 39 8 l1d
1 51 3 l1d
15 31 8 l1d
25 48 4 l1d
10 3 8 l1d
6 24 2 l1d
5 40 7 l1d
22 64 6 l1d
28 55 2 l1d
27 21 5 l1d
28 30 3 l1d
2 30 5 l1d
25 11 5 l1d
0 64 8 l1d
24 7 0 l1d
27 33 7 l1d
28 17 0 l1d
18 54 5 l1d
31 33 1 l1d
6 22 6 l1d
11 53 1 l1d
0 26 5 l1d
6 53 2 l1d
26 52 6 l1d
27 37 5 l1d
16 11 0 l1d
19 61 3 l1d
25 48 0 l1d
22 34 4 l1d
7 13 6 l1d
29 13 8 l1d
1 2 5 l1d
21 45 8 l1d
3 9 5 l1d
22 40 7 l1d
30 14 8 l1d
19 37 3 l1d
6 29 6 l1d
22 27 3 l1d
14 61 5 l1d
26 61 7 l1d
16 4 1 l1d
32 59 3 l1d
31 7 3 l1d
30 44 8 l1d
23 24 1 l1d
11 61 1 l1d
25 45 0 l1d
1 10 8 l1d
0 22 3 l1d
9 60 8 l1d
30 2 7 l1d
14 17 4 l1d
7 3 1 l1d
11 29 4 l1d
25 15 7 l1d
13 53 8 l1d
26 50 4 l1d
15 57 0 l1d
12 51 4 l1d
19 23 0 l1d
4 19 1 l1d
10 60 5 l1d
13 23 8 l1d
1 52 8 l1d
