4 64 8 l1d
2 16 8 l1d
15 43 1 l1d
9 24 0 l1d
28 49 2 l1d
7 54 8 l1d
7 49 1 l1d
3 60 0 l1d
18 9 8 l1d
11 46 7 l1d
2 50 2 l1d
29 61 8 l1d
9 58 3 l1d
18 20 6 l1d
4 55 6 l1d
0 48 3 l1d
2 64 2 l1d
14 17 0 l1d
24 50 5 l1d
26 43 5 l1d
28 47 3 l1d
20 50 3 l1d
16 64 0 l1d
16 25 4 l1d
21 17 6 l1d
18 4 2 l1d
32 36 3 l1d
27 17 7 l1d
11 57 6 l1d
10 48 8 l1d
3 42 3 l1d
17 21 0 l1d
11 6 6 l1d
23 45 5 l1d
9 64 2 l1d
6 14 2 l1d
0 8 7 l1d
4 32 3 l1d
31 31 1 l1d
1 3 5 l1d
7 8 6 l1d
10 60 4 l1d
21 56 5 l1d
9 54 8 l1d
16 0 0 l1d
18 53 8 l1d
15 54 2 l1d
23 43 7 l1d
10 53 2 l1d
2 59 1 l1d
14 52 5 l1d
16 53 6 l1d
15 51 2 l1d
27 19 5 l1d
25 33 1 l1d
8 13 0 l1d
32 58 1 l1d
27 46 4 l1d
5 23 8 l1d
13 53 5 l1d
12 14 3 l1d
6 35 5 l1d
6 7 2 l1d
1 42 6 l1d
27 4 1 l1d
16 18 5 l1d
15 47 3 l1d
8 52 0 l1d
19 18 7 l1d
18 29 6 l1d
26 60 1 l1d
2 24 4 l1d
13 7 5 l1d
19 58 0 l1d
12 6 8 l1d
20 43 5 l1d
31 36 8 l1d
28 11 5 l1d
17 29 0 l1d
31 39 3 l1d
19 9 5 l1d
21 7 0 l1d
28 46 3 l1d
1 2 0 l1d
7 10 8 l1d
28 53 8 l1d
16 32 6 l1d
14 7 0 l1d
21 61 7 l1d
11 10 0 l1d
2 44 3 l1d
7 25 7 l1d
27 13 1 l1d
7 29 2 l1d
25 22 0 l1d
28 46 5 l1d
5 1 3 l1d
26 61 0 l1d
10 61 8 l1d
7 15 5 l1d
30 30 7 l1d
4 62 7 l1d
12 13 2 l1d
31 19 1 l1d
6 30 1 l1d
17 6 1 l1d
22 49 1 l1d
17 36 2 l1d
25 31 7 l1d
19 61 3 l1d
17 22 3 l1d
24 63 1 l1d
5 60 3 l1d
29 8 1 l1d
32 33 6 l1d
14 26 5 l1d
25 0 6 l1d
6 14 4 l1d
8 5 8 l1d
12 48 4 l1d
4 63 3 l1d
11 38 5 l1d
7 10 7 l1d
12 49 6 l1d
4 63 3 l1d
11 45 2 l1d
21 20 1 l1d
20 62 3 l1d
22 48 7 l1d
5 16 4 l1d
19 36 1 l1d
14 40 4 l1d
0 48 8 l1d
25 13 5 l1d
3 53 2 l1d
10 23 5 l1d
