12 16 1 l1d
14 13 3 l1d
2 47 2 l1d
16 53 3 l1d
15 46 2 l1d
5 27 0 l1d
5 57 2 l1d
22 26 6 l1d
14 39 3 l1d
7 22 2 l1d
19 49 5 l1d
11 40 1 l1d
21 63 1 l1d
8 19 6 l1d
11 27 6 l1d
28 33 5 l1d
31 45 7 l1d
14 46 6 l1d
18 48 6 l1d
15 13 3 l1d
19 53 1 l1d
25 25 7 l1d
5 57 8 l1d
13 49 3 l1d
19 43 7 l1d
1 62 4 l1d
30 19 7 l1d
28 64 0 l1d
13 18 6 l1d
22 60 5 l1d
3 55 6 l1d
3 54 2 l1d
27 17 5 l1d
29 27 6 l1d
32 53 6 l1d
18 37 8 l1d
28 49 1 l1d
13 35 0 l1d
28 24 6 l1d
6 30 1 l1d
3 19 3 l1d
1 46 7 l1d
19 48 7 l1d
23 57 1 l1d
32 29 5 l1d
17 55 6 l1d
3 5 0 l1d
26 21 3 l1d
10 50 6 l1d
1 51 0 l1d
19 52 3 l1d
3 58 0 l1d
23 53 5 l1d
11 49 5 l1d
