13 12 7 l1d
1 14 1 l1d
1 18 5 l1d
18 2 8 l1d
31 22 1 l1d
13 19 5 l1d
20 38 0 l1d
27 9 0 l1d
8 52 6 l1d
24 23 4 l1d
12 32 7 l1d
28 9 7 l1d
22 62 2 l1d
29 29 4 l1d
20 14 5 l1d
22 34 6 l1d
13 14 7 l1d
7 17 5 l1d
15 24 1 l1d
25 6 0 l1d
2 46 6 l1d
18 0 3 l1d
6 31 1 l1d
32 58 2 l1d
6 4 5 l1d
22 49 7 l1d
21 42 7 l1d
22 2 5 l1d
18 48 1 l1d
16 13 1 l1d
14 37 1 l1d
3 15 1 l1d
27 24 0 l1d
12 52 1 l1d
27 6 6 l1d
8 18 2 l1d
27 9 3 l1d
14 12 7 l1d
19 26 5 l1d
17 7 4 l1d
12 52 3 l1d
6 23 5 l1d
10 38 2 l1d
10 29 8 l1d
24 12 6 l1d
26 13 3 l1d
29 49 0 l1d
14 21 7 l1d
25 2 5 l1d
23 43 1 l1d
5 31 6 l1d
31 2 8 l1d
31 28 7 l1d
16 10 8 l1d
9 20 8 l1d
25 23 3 l1d
3 43 6 l1d
26 11 4 l1d
0 11 1 l1d
16 4 1 l1d
19 7 3 l1d
30 58 6 l1d
13 38 0 l1d
18 45 3 l1d
22 10 6 l1d
13 31 0 l1d
28 64 8 l1d
13 60 7 l1d
24 28 6 l1d
12 17 0 l1d
7 7 3 l1d
31 32 0 l1d
27 19 0 l1d
8 13 4 l1d
9 44 5 l1d
0 48 0 l1d
12 31 6 l1d
28 53 2 l1d
25 24 4 l1d
5 7 5 l1d
10 8 6 l1d
16 49 8 l1d
21 16 8 l1d
21 41 7 l1d
15 6 7 l1d
19 61 0 l1d
