8 2 7 l1d
10 63 3 l1d
7 53 6 l1d
14 41 0 l1d
22 63 8 l1d
32 24 1 l1d
16 45 7 l1d
32 23 1 l1d
16 63 3 l1d
14 42 5 l1d
22 30 2 l1d
22 15 0 l1d
2 7 6 l1d
12 22 3 l1d
16 16 1 l1d
24 58 3 l1d
29 4 4 l1d
21 40 1 l1d
7 8 6 l1d
8 32 3 l1d
17 59 0 l1d
31 25 8 l1d
21 17 8 l1d
10 58 8 l1d
24 40 3 l1d
18 13 4 l1d
28 24 5 l1d
24 63 6 l1d
31 15 8 l1d
27 35 6 l1d
8 14 8 l1d
19 48 3 l1d
24 60 4 l1d
16 24 6 l1d
1 50 1 l1d
19 15 2 l1d
28 58 2 l1d
7 31 1 l1d
18 25 1 l1d
1 39 3 l1d
5 22 5 l1d
7 4 4 l1d
29 40 3 l1d
10 39 1 l1d
30 56 5 l1d
7 4 7 l1d
26 35 4 l1d
13 64 6 l1d
4 31 1 l1d
25 20 5 l1d
12 58 6 l1d
30 37 3 l1d
13 8 3 l1d
17 23 6 l1d
