3 62 5 l1d
14 55 1 l1d
9 32 7 l1d
21 21 2 l1d
30 29 8 l1d
4 60 3 l1d
10 58 3 l1d
8 55 3 l1d
16 56 0 l1d
17 40 8 l1d
31 30 3 l1d
13 17 0 l1d
13 35 1 l1d
22 40 3 l1d
2 54 0 l1d
30 62 2 l1d
17 6 6 l1d
9 54 3 l1d
30 53 6 l1d
25 25 1 l1d
2 20 8 l1d
31 57 4 l1d
7 10 4 l1d
16 2 3 l1d
17 43 8 l1d
22 48 5 l1d
15 26 7 l1d
14 18 1 l1d
14 42 4 l1d
0 4 3 l1d
9 18 1 l1d
29 13 2 l1d
17 60 0 l1d
18 56 2 l1d
19 31 6 l1d
26 40 2 l1d
12 59 3 l1d
25 26 4 l1d
6 26 7 l1d
18 8 6 l1d
23 40 8 l1d
7 55 8 l1d
21 20 0 l1d
26 24 2 l1d
