26 29 8 l1d
19 42 5 l1d
22 34 5 l1d
18 43 6 l1d
2 49 4 l1d
6 6 4 l1d
10 3 1 l1d
0 28 7 l1d
3 61 1 l1d
2 29 0 l1d
15 52 0 l1d
29 41 3 l1d
9 58 1 l1d
0 56 5 l1d
9 60 2 l1d
9 31 8 l1d
10 56 3 l1d
20 13 3 l1d
6 1 2 l1d
10 21 5 l1d
18 40 6 l1d
0 45 7 l1d
24 27 2 l1d
31 25 4 l1d
31 42 8 l1d
12 0 6 l1d
24 0 0 l1d
20 58 1 l1d
15 58 7 l1d
25 52 8 l1d
25 30 7 l1d
16 61 8 l1d
4 37 6 l1d
4 15 0 l1d
12 8 4 l1d
30 59 8 l1d
26 40 5 l1d
2 40 2 l1d
8 5 1 l1d
15 5 8 l1d
17 33 5 l1d
2 2 7 l1d
9 45 3 l1d
9 23 5 l1d
1 41 8 l1d
15 14 0 l1d
1 2 3 l1d
3 52 1 l1d
18 16 5 l1d
17 12 6 l1d
6 40 2 l1d
4 41 2 l1d
1 56 5 l1d
31 25 2 l1d
25 54 7 l1d
28 41 0 l1d
0 49 2 l1d
24 11 5 l1d
7 0 0 l1d
31 49 3 l1d
28 53 5 l1d
0 4 1 l1d
14 38 0 l1d
22 34 7 l1d
14 5 1 l1d
26 17 3 l1d
28 29 8 l1d
13 4 8 l1d
23 37 7 l1d
10 64 4 l1d
6 59 7 l1d
3 46 0 l1d
29 3 6 l1d
19 9 8 l1d
28 24 6 l1d
2 16 4 l1d
2 42 8 l1d
29 57 6 l1d
2 25 5 l1d
31 50 7 l1d
11 54 2 l1d
8 15 3 l1d
10 63 8 l1d
21 14 2 l1d
19 34 8 l1d
23 18 1 l1d
1 59 2 l1d
21 12 2 l1d
25 42 4 l1d
4 45 8 l1d
5 56 8 l1d
3 62 1 l1d
32 1 4 l1d
22 34 6 l1d
24 23 3 l1d
17 14 3 l1d
27 17 5 l1d
14 51 1 l1d
27 16 1 l1d
16 63 0 l1d
23 53 4 l1d
30 16 4 l1d
13 11 3 l1d
14 13 0 l1d
30 62 0 l1d
9 21 8 l1d
2 58 6 l1d
28 18 1 l1d
14 28 0 l1d
16 17 1 l1d
8 25 7 l1d
3 62 8 l1d
27 57 5 l1d
15 40 6 l1d
10 37 6 l1d
11 62 2 l1d
8 5 4 l1d
22 24 8 l1d
2 48 4 l1d
12 40 0 l1d
31 4 4 l1d
21 13 5 l1d
25 30 8 l1d
25 17 8 l1d
19 35 8 l1d
6 45 7 l1d
22 17 8 l1d
23 39 0 l1d
22 34 8 l1d
11 38 3 l1d
7 42 7 l1d
8 13 2 l1d
15 60 3 l1d
7 45 1 l1d
0 46 6 l1d
21 45 5 l1d
32 30 2 l1d
5 1 7 l1d
7 8 4 l1d
19 29 8 l1d
24 61 7 l1d
26 50 6 l1d
9 10 5 l1d
15 23 3 l1d
25 56 6 l1d
26 54 3 l1d
30 14 4 l1d
31 24 3 l1d
6 24 8 l1d
11 46 3 l1d
23 3 7 l1d
21 51 5 l1d
12 30 7 l1d
31 45 4 l1d
22 42 5 l1d
30 58 6 l1d
11 8 8 l1d
11 35 4 l1d
18 31 1 l1d
28 64 5 l1d
21 62 8 l1d
22 23 6 l1d
14 7 6 l1d
24 31 1 l1d
