28 62 5 l1d
1 17 2 l1d
29 41 5 l1d
22 29 8 l1d
22 11 5 l1d
3 42 6 l1d
12 30 0 l1d
5 18 1 l1d
13 20 2 l1d
32 7 6 l1d
31 0 3 l1d
13 45 6 l1d
11 61 1 l1d
8 33 5 l1d
22 35 5 l1d
8 58 7 l1d
2 62 3 l1d
13 56 2 l1d
15 5 3 l1d
6 54 2 l1d
12 24 6 l1d
11 38 5 l1d
10 23 1 l1d
1 1 2 l1d
1 2 7 l1d
17 20 2 l1d
32 53 4 l1d
30 11 8 l1d
17 44 4 l1d
29 20 6 l1d
15 5 7 l1d
4 43 3 l1d
9 27 7 l1d
18 38 2 l1d
8 19 4 l1d
13 32 1 l1d
21 25 3 l1d
1 61 4 l1d
14 26 2 l1d
19 42 2 l1d
32 21 0 l1d
30 29 1 l1d
12 20 0 l1d
25 53 8 l1d
8 30 6 l1d
13 23 1 l1d
