12 5 2 l1d
13 41 7 l1d
11 57 3 l1d
13 8 2 l1d
7 45 8 l1d
24 42 7 l1d
24 56 7 l1d
19 26 3 l1d
30 14 4 l1d
16 33 0 l1d
13 26 8 l1d
14 63 8 l1d
7 28 3 l1d
2 45 0 l1d
29 47 2 l1d
25 25 1 l1d
18 1 0 l1d
23 43 0 l1d
7 2 4 l1d
12 2 8 l1d
15 46 5 l1d
29 18 2 l1d
0 61 4 l1d
15 9 8 l1d
8 2 8 l1d
15 62 6 l1d
28 22 2 l1d
31 18 5 l1d
13 15 2 l1d
23 64 5 l1d
4 39 2 l1d
2 33 8 l1d
30 30 1 l1d
30 28 1 l1d
6 29 1 l1d
12 5 1 l1d
9 37 1 l1d
30 6 8 l1d
22 36 2 l1d
9 41 6 l1d
20 44 2 l1d
3 41 8 l1d
27 60 8 l1d
19 20 5 l1d
2 39 5 l1d
3 56 0 l1d
2 45 6 l1d
31 30 6 l1d
16 63 6 l1d
21 20 1 l1d
15 31 0 l1d
25 10 5 l1d
22 22 8 l1d
5 32 6 l1d
17 38 4 l1d
22 24 3 l1d
11 30 6 l1d
31 50 3 l1d
10 28 7 l1d
2 29 7 l1d
11 2 8 l1d
23 57 8 l1d
31 32 3 l1d
5 57 2 l1d
0 25 7 l1d
12 56 1 l1d
1 3 3 l1d
5 37 5 l1d
1 54 5 l1d
1 53 4 l1d
15 19 7 l1d
29 9 1 l1d
9 23 6 l1d
18 5 0 l1d
3 45 4 l1d
11 28 7 l1d
6 57 4 l1d
20 55 3 l1d
27 39 7 l1d
24 15 8 l1d
11 44 1 l1d
1 13 8 l1d
5 56 6 l1d
0 55 4 l1d
27 44 6 l1d
13 35 2 l1d
18 23 0 l1d
26 10 2 l1d
28 25 2 l1d
31 54 5 l1d
6 33 7 l1d
8 6 5 l1d
13 10 3 l1d
22 33 2 l1d
10 34 4 l1d
30 33 5 l1d
13 50 3 l1d
11 9 7 l1d
8 29 1 l1d
31 64 8 l1d
3 30 1 l1d
2 51 1 l1d
32 28 6 l1d
17 49 4 l1d
31 10 8 l1d
28 20 8 l1d
5 41 0 l1d
31 48 4 l1d
16 39 6 l1d
29 16 4 l1d
