28 11 7 l1d
8 47 8 l1d
16 4 5 l1d
9 57 1 l1d
5 1 3 l1d
16 52 1 l1d
12 58 6 l1d
26 64 4 l1d
0 15 2 l1d
24 53 1 l1d
7 6 8 l1d
28 55 5 l1d
26 12 2 l1d
20 62 1 l1d
7 61 6 l1d
28 63 4 l1d
32 58 0 l1d
14 33 8 l1d
1 55 8 l1d
25 64 8 l1d
10 13 5 l1d
30 47 1 l1d
0 41 7 l1d
30 29 1 l1d
21 9 2 l1d
8 43 1 l1d
12 43 1 l1d
8 2 5 l1d
8 62 1 l1d
24 39 5 l1d
1 14 0 l1d
17 62 4 l1d
6 20 6 l1d
10 24 7 l1d
15 20 2 l1d
4 62 8 l1d
18 51 6 l1d
0 51 0 l1d
17 37 0 l1d
23 49 7 l1d
27 50 5 l1d
21 58 7 l1d
11 42 6 l1d
4 62 7 l1d
10 59 4 l1d
2 9 2 l1d
5 48 4 l1d
17 32 3 l1d
2 0 8 l1d
24 12 1 l1d
26 59 4 l1d
26 57 2 l1d
13 64 6 l1d
21 22 0 l1d
6 11 0 l1d
5 35 3 l1d
4 13 2 l1d
28 37 5 l1d
3 44 6 l1d
7 6 2 l1d
10 42 4 l1d
6 7 0 l1d
16 13 2 l1d
3 8 8 l1d
16 40 6 l1d
20 1 0 l1d
24 53 8 l1d
4 28 0 l1d
32 27 2 l1d
27 4 2 l1d
2 56 3 l1d
17 1 1 l1d
32 49 8 l1d
11 43 8 l1d
27 55 1 l1d
30 55 3 l1d
31 55 3 l1d
4 43 8 l1d
30 31 4 l1d
24 35 8 l1d
6 31 3 l1d
0 35 3 l1d
4 62 8 l1d
26 30 7 l1d
6 35 2 l1d
18 6 5 l1d
16 36 8 l1d
6 38 2 l1d
4 15 5 l1d
12 61 7 l1d
0 53 4 l1d
6 45 3 l1d
21 42 7 l1d
8 11 6 l1d
8 29 4 l1d
22 20 5 l1d
4 13 0 l1d
23 44 2 l1d
12 63 4 l1d
17 40 1 l1d
7 62 5 l1d
5 35 5 l1d
26 21 1 l1d
32 1 2 l1d
29 63 4 l1d
21 21 3 l1d
29 13 2 l1d
29 44 7 l1d
14 9 6 l1d
10 10 2 l1d
4 58 2 l1d
30 35 1 l1d
5 5 7 l1d
10 58 7 l1d
23 32 8 l1d
1 32 1 l1d
9 16 7 l1d
8 28 3 l1d
30 18 4 l1d
21 63 6 l1d
12 25 3 l1d
26 61 3 l1d
28 24 0 l1d
15 41 5 l1d
11 37 4 l1d
10 37 4 l1d
0 64 2 l1d
30 61 0 l1d
