5 64 1 l1d
2 13 5 l1d
29 2 0 l1d
6 47 2 l1d
5 34 2 l1d
0 13 7 l1d
1 60 6 l1d
15 30 6 l1d
2 18 8 l1d
19 51 2 l1d
28 4 5 l1d
6 13 6 l1d
21 36 6 l1d
3 42 5 l1d
24 55 7 l1d
14 23 4 l1d
0 33 8 l1d
18 18 2 l1d
13 46 7 l1d
0 46 2 l1d
25 23 3 l1d
20 48 2 l1d
6 57 3 l1d
6 40 3 l1d
12 36 4 l1d
15 25 5 l1d
4 22 7 l1d
11 45 3 l1d
3 45 0 l1d
0 35 2 l1d
25 19 8 l1d
5 54 1 l1d
24 46 7 l1d
27 43 8 l1d
17 2 8 l1d
20 48 8 l1d
9 63 1 l1d
21 5 5 l1d
18 27 2 l1d
20 9 2 l1d
28 49 4 l1d
20 24 0 l1d
7 56 6 l1d
22 32 2 l1d
29 56 2 l1d
2 64 5 l1d
