10 64 5 l1d
14 19 0 l1d
15 24 3 l1d
16 61 3 l1d
13 56 4 l1d
3 33 0 l1d
22 42 1 l1d
10 54 6 l1d
31 13 5 l1d
21 40 5 l1d
16 35 4 l1d
9 14 7 l1d
20 9 1 l1d
1 8 6 l1d
32 25 1 l1d
25 2 0 l1d
2 61 0 l1d
7 49 3 l1d
16 4 7 l1d
15 1 4 l1d
12 18 1 l1d
23 39 1 l1d
0 38 8 l1d
6 38 8 l1d
21 32 6 l1d
7 42 4 l1d
29 50 3 l1d
0 33 1 l1d
4 3 4 l1d
24 45 8 l1d
29 15 2 l1d
31 35 2 l1d
31 54 4 l1d
3 6 4 l1d
14 60 4 l1d
18 38 3 l1d
30 26 0 l1d
26 53 4 l1d
31 19 7 l1d
5 19 2 l1d
10 27 2 l1d
5 6 2 l1d
8 46 4 l1d
9 48 2 l1d
2 47 3 l1d
4 61 7 l1d
17 30 4 l1d
16 64 6 l1d
3 62 0 l1d
17 43 6 l1d
10 7 6 l1d
5 9 3 l1d
12 37 2 l1d
24 20 1 l1d
16 48 6 l1d
1 64 7 l1d
32 9 3 l1d
7 5 5 l1d
19 24 4 l1d
32 27 4 l1d
0 32 7 l1d
30 34 7 l1d
9 12 4 l1d
1 18 1 l1d
3 4 5 l1d
2 23 0 l1d
3 63 8 l1d
27 44 2 l1d
5 58 2 l1d
13 36 6 l1d
26 29 3 l1d
0 53 2 l1d
16 38 4 l1d
9 26 0 l1d
7 4 8 l1d
8 64 2 l1d
9 57 6 l1d
0 55 1 l1d
23 38 1 l1d
8 45 6 l1d
7 43 4 l1d
19 26 6 l1d
13 22 7 l1d
11 45 7 l1d
23 62 4 l1d
27 10 6 l1d
23 15 4 l1d
30 62 2 l1d
19 38 4 l1d
18 57 1 l1d
28 5 8 l1d
4 0 4 l1d
0 12 1 l1d
7 44 6 l1d
26 15 5 l1d
20 16 2 l1d
1 37 6 l1d
17 18 4 l1d
12 51 3 l1d
29 32 6 l1d
7 24 7 l1d
4 37 3 l1d
1 45 4 l1d
24 59 2 l1d
15 9 6 l1d
26 50 3 l1d
15 24 0 l1d
17 59 6 l1d
22 24 8 l1d
3 26 5 l1d
3 51 3 l1d
6 10 5 l1d
14 7 5 l1d
13 25 1 l1d
12 46 1 l1d
13 31 0 l1d
11 41 2 l1d
20 20 6 l1d
17 54 5 l1d
23 5 0 l1d
