25 27 2 l1d
20 8 3 l1d
8 3 2 l1d
25 20 1 l1d
2 13 4 l1d
0 10 1 l1d
17 49 7 l1d
20 57 5 l1d
13 52 4 l1d
5 48 6 l1d
26 52 0 l1d
9 32 8 l1d
24 1 5 l1d
28 44 0 l1d
4 36 3 l1d
25 42 2 l1d
8 36 7 l1d
16 63 6 l1d
30 14 8 l1d
19 28 6 l1d
17 59 6 l1d
23 54 3 l1d
14 45 6 l1d
24 52 7 l1d
21 63 5 l1d
6 7 3 l1d
32 1 8 l1d
5 38 1 l1d
21 39 3 l1d
23 56 5 l1d
21 46 1 l1d
15 21 1 l1d
5 26 6 l1d
25 33 8 l1d
5 46 6 l1d
11 55 2 l1d
4 24 2 l1d
16 1 7 l1d
29 58 8 l1d
27 13 1 l1d
20 34 6 l1d
12 48 7 l1d
0 61 2 l1d
17 25 2 l1d
26 4 5 l1d
21 9 3 l1d
