28 54 7 l1d
32 60 1 l1d
11 24 0 l1d
20 30 6 l1d
16 40 7 l1d
8 21 8 l1d
17 36 8 l1d
6 45 3 l1d
5 52 7 l1d
6 64 8 l1d
16 1 0 l1d
26 25 8 l1d
31 56 2 l1d
16 49 1 l1d
24 34 5 l1d
7 53 8 l1d
3 41 5 l1d
25 37 7 l1d
7 24 6 l1d
6 61 6 l1d
21 36 5 l1d
23 46 7 l1d
7 33 7 l1d
28 17 7 l1d
25 49 4 l1d
15 44 0 l1d
18 18 4 l1d
26 3 6 l1d
5 22 1 l1d
8 17 3 l1d
17 37 3 l1d
20 37 8 l1d
17 20 3 l1d
31 22 8 l1d
18 14 7 l1d
2 1 5 l1d
1 38 3 l1d
8 23 5 l1d
9 5 4 l1d
17 61 0 l1d
19 53 0 l1d
24 56 7 l1d
12 43 2 l1d
21 61 0 l1d
