19 7 8 l1d
15 49 1 l1d
29 43 0 l1d
6 51 8 l1d
13 23 8 l1d
23 6 8 l1d
13 50 4 l1d
19 50 2 l1d
21 25 7 l1d
9 53 1 l1d
5 24 4 l1d
16 8 1 l1d
31 7 2 l1d
7 9 2 l1d
3 53 4 l1d
15 64 2 l1d
28 13 2 l1d
2 41 1 l1d
4 39 5 l1d
9 1 7 l1d
30 9 7 l1d
17 5 4 l1d
11 12 7 l1d
24 55 2 l1d
29 16 6 l1d
22 18 0 l1d
6 50 0 l1d
31 38 5 l1d
2 6 0 l1d
7 19 3 l1d
7 35 1 l1d
22 15 1 l1d
4 31 6 l1d
4 34 8 l1d
6 58 2 l1d
32 56 0 l1d
5 34 7 l1d
28 56 2 l1d
26 26 2 l1d
29 35 7 l1d
19 63 8 l1d
6 51 7 l1d
23 15 4 l1d
22 18 5 l1d
5 53 2 l1d
32 4 8 l1d
16 23 6 l1d
10 10 3 l1d
28 49 2 l1d
22 31 5 l1d
24 53 1 l1d
15 29 7 l1d
11 45 6 l1d
27 37 6 l1d
13 31 1 l1d
15 51 6 l1d
18 23 7 l1d
32 56 6 l1d
5 8 4 l1d
7 12 3 l1d
12 13 3 l1d
1 5 5 l1d
0 14 6 l1d
22 12 2 l1d
0 30 3 l1d
8 38 6 l1d
7 5 7 l1d
21 5 7 l1d
25 52 8 l1d
19 25 3 l1d
