20 60 7 l1d
19 14 1 l1d
19 31 3 l1d
10 47 4 l1d
19 53 8 l1d
13 1 5 l1d
29 1 3 l1d
15 60 3 l1d
32 39 7 l1d
31 18 8 l1d
14 32 3 l1d
29 10 0 l1d
9 9 6 l1d
32 18 1 l1d
6 22 3 l1d
27 52 7 l1d
18 46 4 l1d
13 19 8 l1d
8 34 5 l1d
2 23 2 l1d
11 50 6 l1d
7 42 5 l1d
23 42 5 l1d
28 21 8 l1d
32 26 1 l1d
19 46 6 l1d
26 45 1 l1d
2 40 4 l1d
7 56 4 l1d
0 60 1 l1d
22 27 4 l1d
19 55 5 l1d
1 29 3 l1d
32 41 6 l1d
6 21 3 l1d
23 16 6 l1d
29 15 3 l1d
17 27 1 l1d
8 63 3 l1d
22 58 1 l1d
32 64 1 l1d
13 40 6 l1d
29 0 3 l1d
4 25 3 l1d
1 42 8 l1d
5 8 5 l1d
8 48 2 l1d
20 12 2 l1d
16 38 5 l1d
32 44 7 l1d
13 33 7 l1d
25 0 4 l1d
25 2 6 l1d
25 33 2 l1d
23 38 1 l1d
4 32 6 l1d
16 32 7 l1d
16 0 4 l1d
26 57 8 l1d
26 31 3 l1d
