16 32 1 l1d
9 34 2 l1d
20 31 5 l1d
5 24 0 l1d
16 59 4 l1d
14 52 3 l1d
5 25 7 l1d
7 39 3 l1d
26 38 5 l1d
21 21 3 l1d
14 18 1 l1d
4 27 0 l1d
19 29 2 l1d
14 39 2 l1d
10 27 1 l1d
17 38 3 l1d
32 43 7 l1d
22 15 6 l1d
25 22 5 l1d
7 48 2 l1d
25 22 3 l1d
27 5 6 l1d
11 5 4 l1d
6 24 7 l1d
31 35 2 l1d
2 36 2 l1d
24 8 3 l1d
5 37 2 l1d
4 0 5 l1d
1 30 4 l1d
12 9 4 l1d
10 60 2 l1d
32 17 3 l1d
20 34 2 l1d
14 12 0 l1d
32 64 8 l1d
29 15 1 l1d
3 13 4 l1d
30 33 5 l1d
12 9 1 l1d
16 14 5 l1d
15 56 8 l1d
12 31 8 l1d
30 36 6 l1d
8 32 2 l1d
28 50 5 l1d
12 26 7 l1d
10 61 0 l1d
25 63 7 l1d
5 8 2 l1d
14 34 7 l1d
32 47 3 l1d
17 19 2 l1d
1 63 7 l1d
29 29 5 l1d
2 53 5 l1d
10 60 1 l1d
11 8 3 l1d
26 9 5 l1d
20 56 1 l1d
21 10 0 l1d
19 2 1 l1d
24 20 0 l1d
25 60 3 l1d
10 22 3 l1d
22 21 8 l1d
16 12 0 l1d
25 61 5 l1d
3 58 6 l1d
32 25 4 l1d
17 33 5 l1d
8 28 6 l1d
19 7 6 l1d
14 13 2 l1d
30 57 2 l1d
9 2 4 l1d
15 62 5 l1d
8 2 7 l1d
14 50 0 l1d
19 56 4 l1d
23 25 6 l1d
21 59 8 l1d
29 18 4 l1d
23 42 3 l1d
25 48 6 l1d
27 24 6 l1d
0 53 3 l1d
7 49 6 l1d
7 47 2 l1d
25 46 8 l1d
10 24 1 l1d
16 57 0 l1d
