30 34 1 l1d
0 22 7 l1d
5 17 1 l1d
19 12 8 l1d
20 42 8 l1d
24 23 4 l1d
8 62 4 l1d
1 5 8 l1d
2 20 3 l1d
24 50 1 l1d
6 14 3 l1d
8 55 2 l1d
5 49 3 l1d
24 41 3 l1d
5 26 1 l1d
3 39 1 l1d
10 26 0 l1d
5 17 5 l1d
5 42 8 l1d
20 0 3 l1d
22 59 2 l1d
30 34 0 l1d
22 15 7 l1d
18 5 1 l1d
5 25 8 l1d
10 34 1 l1d
6 22 2 l1d
7 61 0 l1d
1 2 6 l1d
20 36 2 l1d
30 13 3 l1d
9 43 7 l1d
8 17 7 l1d
1 47 4 l1d
10 11 3 l1d
13 62 0 l1d
2 6 7 l1d
5 52 3 l1d
11 29 5 l1d
18 54 7 l1d
14 34 8 l1d
18 13 6 l1d
26 23 3 l1d
0 29 5 l1d
4 51 8 l1d
1 44 5 l1d
23 35 3 l1d
21 42 6 l1d
26 3 7 l1d
21 34 8 l1d
28 24 7 l1d
6 15 5 l1d
25 26 1 l1d
12 62 1 l1d
3 61 8 l1d
2 15 6 l1d
16 35 7 l1d
5 44 5 l1d
4 42 0 l1d
10 11 2 l1d
11 43 0 l1d
19 21 5 l1d
2 19 1 l1d
30 56 5 l1d
8 2 5 l1d
26 33 1 l1d
17 45 3 l1d
28 44 0 l1d
0 7 4 l1d
32 6 5 l1d
3 59 7 l1d
5 43 7 l1d
4 38 3 l1d
9 50 1 l1d
12 24 1 l1d
8 55 8 l1d
6 35 5 l1d
18 30 7 l1d
10 51 5 l1d
25 51 1 l1d
0 29 1 l1d
3 60 3 l1d
20 37 3 l1d
2 13 6 l1d
14 10 8 l1d
8 53 4 l1d
17 42 2 l1d
12 51 6 l1d
7 43 3 l1d
9 63 0 l1d
27 7 8 l1d
22 43 0 l1d
32 64 5 l1d
31 51 8 l1d
18 27 5 l1d
11 63 2 l1d
14 40 8 l1d
26 16 6 l1d
21 37 5 l1d
19 32 5 l1d
8 37 5 l1d
10 22 6 l1d
24 31 5 l1d
4 51 4 l1d
30 0 2 l1d
5 43 4 l1d
11 10 6 l1d
31 32 3 l1d
27 30 1 l1d
9 46 0 l1d
26 12 8 l1d
18 42 6 l1d
23 25 2 l1d
5 46 5 l1d
28 56 0 l1d
18 0 0 l1d
11 13 6 l1d
6 35 7 l1d
9 0 4 l1d
19 40 3 l1d
7 36 3 l1d
23 27 7 l1d
26 61 0 l1d
30 12 3 l1d
0 42 4 l1d
0 7 8 l1d
7 46 7 l1d
4 54 7 l1d
16 20 5 l1d
17 46 0 l1d
21 62 8 l1d
29 48 7 l1d
25 1 1 l1d
19 4 7 l1d
8 10 2 l1d
3 6 6 l1d
17 15 1 l1d
30 10 5 l1d
31 37 8 l1d
20 13 2 l1d
5 6 6 l1d
30 26 1 l1d
24 3 4 l1d
14 41 4 l1d
26 64 3 l1d
26 19 5 l1d
8 20 6 l1d
8 32 7 l1d
29 34 7 l1d
6 42 2 l1d
16 27 0 l1d
16 8 3 l1d
23 13 5 l1d
11 1 8 l1d
25 12 4 l1d
0 42 1 l1d
23 36 7 l1d
26 42 2 l1d
0 33 2 l1d
30 22 1 l1d
30 22 7 l1d
14 33 4 l1d
5 2 1 l1d
13 13 7 l1d
25 8 7 l1d
10 1 0 l1d
4 58 7 l1d
22 15 2 l1d
31 2 2 l1d
12 17 2 l1d
10 1 3 l1d
7 48 3 l1d
30 38 7 l1d
4 57 0 l1d
10 0 2 l1d
14 33 1 l1d
3 53 1 l1d
32 42 0 l1d
31 38 1 l1d
18 2 6 l1d
19 11 2 l1d
1 10 4 l1d
0 26 6 l1d
9 11 1 l1d
30 16 2 l1d
0 48 7 l1d
15 44 6 l1d
9 60 1 l1d
22 53 2 l1d
10 36 4 l1d
