27 20 8 l1d
24 64 4 l1d
22 12 0 l1d
4 40 0 l1d
13 27 3 l1d
3 38 3 l1d
21 0 3 l1d
27 37 0 l1d
5 18 7 l1d
18 62 4 l1d
7 59 7 l1d
24 16 8 l1d
13 16 5 l1d
21 50 0 l1d
11 22 7 l1d
9 37 7 l1d
10 20 6 l1d
14 9 1 l1d
3 55 5 l1d
8 26 5 l1d
16 41 1 l1d
23 63 8 l1d
28 7 8 l1d
25 62 6 l1d
21 12 1 l1d
18 0 8 l1d
21 4 2 l1d
12 28 0 l1d
26 26 4 l1d
3 6 4 l1d
17 35 0 l1d
16 45 4 l1d
3 52 5 l1d
2 64 7 l1d
25 9 3 l1d
21 23 0 l1d
17 41 6 l1d
0 28 7 l1d
23 1 8 l1d
8 52 1 l1d
3 38 4 l1d
15 18 8 l1d
21 40 4 l1d
0 34 2 l1d
18 3 8 l1d
3 56 6 l1d
13 20 7 l1d
20 24 6 l1d
17 62 7 l1d
14 16 3 l1d
18 19 0 l1d
4 6 8 l1d
5 22 8 l1d
8 13 4 l1d
1 30 8 l1d
27 17 8 l1d
12 7 1 l1d
14 6 5 l1d
13 39 1 l1d
30 25 4 l1d
6 20 0 l1d
9 54 3 l1d
20 63 2 l1d
32 41 0 l1d
11 48 7 l1d
29 53 0 l1d
31 13 2 l1d
0 47 7 l1d
26 47 3 l1d
1 58 7 l1d
31 22 2 l1d
30 29 0 l1d
20 3 1 l1d
32 55 4 l1d
28 24 5 l1d
26 10 2 l1d
23 47 2 l1d
16 21 5 l1d
32 55 8 l1d
11 23 6 l1d
13 61 7 l1d
3 14 3 l1d
24 29 6 l1d
16 50 4 l1d
25 8 4 l1d
13 20 3 l1d
21 64 6 l1d
5 36 3 l1d
9 50 6 l1d
10 56 1 l1d
9 21 6 l1d
22 1 7 l1d
