1 63 5 l1d
32 33 7 l1d
24 23 1 l1d
13 25 5 l1d
29 42 3 l1d
3 3 8 l1d
7 47 5 l1d
7 23 5 l1d
17 44 8 l1d
14 28 6 l1d
3 2 2 l1d
2 31 5 l1d
28 62 0 l1d
22 1 6 l1d
2 59 0 l1d
19 2 2 l1d
27 55 2 l1d
4 9 3 l1d
32 14 7 l1d
23 34 5 l1d
30 35 2 l1d
32 6 6 l1d
12 9 6 l1d
11 20 6 l1d
1 13 3 l1d
7 8 1 l1d
25 19 2 l1d
20 34 8 l1d
9 29 7 l1d
12 30 5 l1d
9 57 7 l1d
21 64 3 l1d
30 27 6 l1d
30 56 0 l1d
23 41 6 l1d
8 8 5 l1d
31 15 2 l1d
12 36 3 l1d
8 45 5 l1d
6 50 7 l1d
23 18 8 l1d
11 1 8 l1d
16 5 1 l1d
30 17 7 l1d
29 59 8 l1d
19 56 3 l1d
0 18 1 l1d
4 7 5 l1d
20 0 5 l1d
5 52 0 l1d
3 21 0 l1d
21 57 4 l1d
19 49 8 l1d
11 48 7 l1d
3 5 5 l1d
20 51 3 l1d
9 21 6 l1d
29 45 6 l1d
27 46 0 l1d
17 36 1 l1d
10 19 7 l1d
24 26 6 l1d
10 6 6 l1d
9 5 8 l1d
1 49 7 l1d
12 59 7 l1d
16 49 1 l1d
16 25 1 l1d
22 20 1 l1d
8 17 8 l1d
7 37 5 l1d
9 28 6 l1d
