0 60 1 l1d
3 5 1 l1d
15 63 4 l1d
17 2 3 l1d
29 12 2 l1d
14 56 6 l1d
15 1 4 l1d
20 9 4 l1d
17 15 1 l1d
30 27 8 l1d
21 59 6 l1d
14 10 4 l1d
0 36 3 l1d
11 54 1 l1d
20 5 5 l1d
6 20 1 l1d
32 53 7 l1d
7 51 0 l1d
29 35 8 l1d
16 31 6 l1d
17 32 8 l1d
6 47 0 l1d
16 62 0 l1d
7 1 7 l1d
12 8 2 l1d
2 33 4 l1d
9 3 0 l1d
5 6 4 l1d
19 55 2 l1d
15 4 4 l1d
31 12 6 l1d
14 58 4 l1d
9 1 5 l1d
18 59 6 l1d
26 17 7 l1d
31 31 8 l1d
19 15 8 l1d
17 18 3 l1d
21 40 6 l1d
1 25 6 l1d
17 37 4 l1d
3 27 7 l1d
30 7 6 l1d
24 43 8 l1d
18 38 0 l1d
22 22 3 l1d
6 21 4 l1d
23 64 5 l1d
26 63 5 l1d
21 4 3 l1d
17 2 3 l1d
3 7 0 l1d
5 28 5 l1d
15 51 1 l1d
9 53 7 l1d
28 14 3 l1d
5 5 6 l1d
25 16 6 l1d
19 55 2 l1d
30 13 4 l1d
24 42 3 l1d
23 52 6 l1d
23 47 6 l1d
21 55 2 l1d
29 31 8 l1d
22 31 0 l1d
16 20 0 l1d
6 25 4 l1d
14 27 2 l1d
10 61 6 l1d
8 43 6 l1d
22 10 2 l1d
23 8 4 l1d
29 12 7 l1d
8 1 6 l1d
19 6 8 l1d
15 43 4 l1d
22 19 4 l1d
4 7 3 l1d
0 26 8 l1d
9 4 0 l1d
13 6 3 l1d
