3 60 7 l1d
2 54 7 l1d
17 3 8 l1d
19 55 6 l1d
30 22 2 l1d
8 52 0 l1d
20 10 4 l1d
32 41 5 l1d
17 11 2 l1d
2 15 5 l1d
25 45 4 l1d
1 9 0 l1d
21 35 0 l1d
5 38 4 l1d
7 15 2 l1d
10 59 2 l1d
7 50 7 l1d
19 17 6 l1d
28 54 3 l1d
5 56 5 l1d
14 21 1 l1d
3 48 4 l1d
29 9 3 l1d
14 29 7 l1d
21 46 1 l1d
6 49 7 l1d
14 18 2 l1d
2 1 2 l1d
3 34 3 l1d
10 14 4 l1d
22 27 7 l1d
3 57 6 l1d
11 4 4 l1d
0 32 4 l1d
3 39 8 l1d
7 63 7 l1d
15 0 2 l1d
15 14 2 l1d
4 59 7 l1d
8 33 8 l1d
16 33 6 l1d
32 38 0 l1d
9 3 6 l1d
7 39 0 l1d
11 34 0 l1d
18 58 2 l1d
29 64 2 l1d
21 29 7 l1d
2 31 5 l1d
14 19 6 l1d
2 33 5 l1d
29 39 5 l1d
17 18 2 l1d
22 22 0 l1d
15 50 0 l1d
29 47 5 l1d
5 34 0 l1d
7 29 4 l1d
18 24 6 l1d
18 44 7 l1d
31 37 6 l1d
17 38 5 l1d
6 57 5 l1d
19 11 5 l1d
3 43 0 l1d
9 51 8 l1d
16 14 0 l1d
19 22 2 l1d
23 14 0 l1d
32 2 4 l1d
9 3 8 l1d
24 49 7 l1d
9 21 7 l1d
3 50 6 l1d
1 33 4 l1d
12 6 7 l1d
11 10 2 l1d
1 17 0 l1d
25 41 6 l1d
9 33 6 l1d
