32 38 3 l1d
19 50 3 l1d
29 24 5 l1d
30 15 1 l1d
14 22 5 l1d
29 32 0 l1d
30 46 6 l1d
25 49 6 l1d
9 14 8 l1d
31 16 8 l1d
8 7 5 l1d
3 36 1 l1d
14 27 1 l1d
18 45 5 l1d
28 34 2 l1d
8 18 5 l1d
24 35 4 l1d
21 51 8 l1d
22 7 5 l1d
4 20 2 l1d
12 15 8 l1d
1 14 6 l1d
29 36 4 l1d
19 34 1 l1d
11 5 7 l1d
20 58 8 l1d
1 24 6 l1d
20 34 5 l1d
32 58 5 l1d
27 50 2 l1d
19 3 5 l1d
16 3 4 l1d
25 52 3 l1d
12 63 7 l1d
9 40 8 l1d
20 51 4 l1d
28 48 5 l1d
21 52 8 l1d
23 43 4 l1d
17 7 0 l1d
10 41 7 l1d
26 21 7 l1d
30 19 6 l1d
5 59 2 l1d
22 8 3 l1d
6 32 3 l1d
30 32 4 l1d
24 16 5 l1d
12 57 8 l1d
32 27 5 l1d
15 59 0 l1d
30 10 3 l1d
27 0 7 l1d
10 27 5 l1d
0 21 7 l1d
22 26 4 l1d
22 20 8 l1d
15 15 5 l1d
4 44 3 l1d
5 59 8 l1d
0 4 4 l1d
24 23 8 l1d
13 47 2 l1d
8 29 2 l1d
2 22 2 l1d
26 62 3 l1d
1 22 6 l1d
15 57 4 l1d
9 47 2 l1d
7 19 3 l1d
18 11 5 l1d
19 39 1 l1d
25 4 7 l1d
29 30 4 l1d
2 22 1 l1d
12 53 0 l1d
3 59 8 l1d
0 2 3 l1d
30 13 1 l1d
23 43 3 l1d
3 14 6 l1d
28 51 4 l1d
28 34 6 l1d
5 60 6 l1d
7 15 2 l1d
14 1 1 l1d
9 62 2 l1d
6 22 2 l1d
20 18 8 l1d
19 34 5 l1d
29 4 1 l1d
32 57 8 l1d
22 42 7 l1d
18 1 2 l1d
23 38 6 l1d
22 24 6 l1d
16 13 8 l1d
11 20 6 l1d
8 36 3 l1d
8 58 0 l1d
19 56 4 l1d
13 64 0 l1d
26 26 4 l1d
1 20 1 l1d
5 9 0 l1d
21 34 5 l1d
28 14 8 l1d
12 9 8 l1d
30 47 3 l1d
18 14 3 l1d
4 2 3 l1d
25 57 2 l1d
24 51 3 l1d
2 63 4 l1d
8 48 3 l1d
10 33 8 l1d
1 38 5 l1d
30 20 8 l1d
21 56 6 l1d
28 60 0 l1d
21 41 2 l1d
2 35 4 l1d
28 28 1 l1d
23 61 6 l1d
25 21 7 l1d
11 36 3 l1d
31 33 7 l1d
10 27 6 l1d
16 61 3 l1d
19 61 8 l1d
24 49 6 l1d
19 35 8 l1d
5 18 3 l1d
15 0 5 l1d
4 24 4 l1d
12 43 4 l1d
5 9 8 l1d
7 48 5 l1d
6 64 7 l1d
0 39 8 l1d
19 38 0 l1d
11 27 7 l1d
31 54 2 l1d
9 31 1 l1d
25 21 5 l1d
25 17 2 l1d
23 12 5 l1d
0 61 5 l1d
26 16 4 l1d
27 64 3 l1d
15 13 2 l1d
0 35 1 l1d
4 45 2 l1d
26 14 8 l1d
10 21 2 l1d
0 29 8 l1d
13 28 4 l1d
26 29 3 l1d
0 60 6 l1d
9 44 4 l1d
