10 39 6 l1d
15 50 4 l1d
19 49 0 l1d
22 30 4 l1d
12 55 6 l1d
25 39 8 l1d
0 55 3 l1d
30 46 4 l1d
31 34 2 l1d
13 64 3 l1d
10 59 5 l1d
11 11 3 l1d
18 40 1 l1d
5 13 2 l1d
30 28 3 l1d
11 9 1 l1d
30 44 3 l1d
5 24 2 l1d
0 58 3 l1d
28 29 0 l1d
14 55 3 l1d
28 14 2 l1d
1 53 6 l1d
9 20 0 l1d
27 52 6 l1d
5 13 7 l1d
4 23 3 l1d
15 61 7 l1d
26 17 5 l1d
25 23 6 l1d
3 3 1 l1d
31 42 6 l1d
18 30 6 l1d
7 27 3 l1d
27 29 8 l1d
22 50 0 l1d
26 5 3 l1d
1 61 1 l1d
28 0 8 l1d
27 41 5 l1d
19 17 3 l1d
11 0 3 l1d
4 25 0 l1d
2 14 0 l1d
11 35 0 l1d
23 10 1 l1d
7 21 3 l1d
13 62 3 l1d
4 63 7 l1d
8 31 7 l1d
20 26 0 l1d
21 40 7 l1d
21 17 5 l1d
32 4 3 l1d
24 52 3 l1d
26 25 7 l1d
6 17 6 l1d
11 30 2 l1d
