3 16 7 l1d
15 59 4 l1d
1 45 2 l1d
26 45 2 l1d
20 5 8 l1d
29 32 4 l1d
11 61 7 l1d
16 23 5 l1d
7 1 4 l1d
0 17 6 l1d
1 36 7 l1d
21 55 8 l1d
27 40 6 l1d
16 34 5 l1d
1 8 6 l1d
7 35 3 l1d
19 20 4 l1d
3 57 1 l1d
23 44 7 l1d
26 48 4 l1d
2 50 3 l1d
9 59 1 l1d
19 0 3 l1d
2 43 4 l1d
5 47 6 l1d
17 12 0 l1d
18 42 8 l1d
26 54 8 l1d
21 41 6 l1d
11 59 0 l1d
26 10 1 l1d
3 21 6 l1d
14 15 6 l1d
23 25 6 l1d
21 33 3 l1d
17 30 1 l1d
23 55 5 l1d
30 40 3 l1d
2 31 0 l1d
0 21 2 l1d
31 38 4 l1d
27 14 4 l1d
18 27 0 l1d
16 37 8 l1d
19 9 4 l1d
16 43 5 l1d
24 58 5 l1d
23 59 7 l1d
9 21 4 l1d
5 57 7 l1d
21 31 1 l1d
32 1 0 l1d
16 16 6 l1d
27 21 0 l1d
11 45 5 l1d
12 21 3 l1d
32 36 4 l1d
11 64 2 l1d
12 52 4 l1d
29 23 7 l1d
18 34 0 l1d
21 8 5 l1d
24 16 2 l1d
21 21 1 l1d
