15 24 3 l1d
9 33 8 l1d
19 63 2 l1d
22 55 5 l1d
17 17 0 l1d
2 37 4 l1d
0 40 7 l1d
19 44 8 l1d
18 39 8 l1d
14 48 0 l1d
7 21 7 l1d
8 54 3 l1d
16 62 7 l1d
27 53 0 l1d
19 50 5 l1d
18 56 5 l1d
29 10 6 l1d
10 1 2 l1d
2 41 0 l1d
22 11 4 l1d
1 64 4 l1d
2 57 7 l1d
8 19 6 l1d
29 41 4 l1d
8 25 6 l1d
29 19 1 l1d
7 46 3 l1d
18 35 0 l1d
23 37 6 l1d
7 35 5 l1d
21 11 4 l1d
0 34 3 l1d
28 12 8 l1d
17 34 6 l1d
8 8 1 l1d
19 30 2 l1d
3 56 7 l1d
27 8 8 l1d
0 46 3 l1d
3 32 0 l1d
12 36 4 l1d
14 62 5 l1d
32 61 8 l1d
30 52 3 l1d
31 47 8 l1d
10 25 4 l1d
27 52 6 l1d
11 20 4 l1d
23 37 6 l1d
30 18 2 l1d
1 18 8 l1d
8 61 0 l1d
15 25 2 l1d
16 31 3 l1d
27 62 6 l1d
10 42 0 l1d
9 25 7 l1d
4 13 3 l1d
14 23 0 l1d
17 24 7 l1d
30 18 5 l1d
19 40 7 l1d
30 20 2 l1d
25 46 7 l1d
24 51 4 l1d
15 41 1 l1d
9 11 4 l1d
11 48 2 l1d
10 2 6 l1d
27 39 3 l1d
13 40 8 l1d
20 24 0 l1d
28 30 2 l1d
7 47 2 l1d
5 14 4 l1d
16 58 5 l1d
6 50 0 l1d
20 59 7 l1d
13 57 4 l1d
27 16 8 l1d
0 45 3 l1d
12 8 5 l1d
19 15 0 l1d
31 63 3 l1d
4 5 0 l1d
17 60 6 l1d
29 10 5 l1d
16 27 6 l1d
10 25 5 l1d
26 43 5 l1d
16 26 1 l1d
8 3 0 l1d
23 16 4 l1d
20 55 2 l1d
26 20 6 l1d
10 48 1 l1d
28 29 1 l1d
5 64 3 l1d
13 18 5 l1d
12 17 6 l1d
16 64 4 l1d
6 32 7 l1d
31 56 7 l1d
5 11 6 l1d
26 34 8 l1d
22 15 7 l1d
24 24 4 l1d
2 3 3 l1d
7 10 4 l1d
10 45 4 l1d
32 52 7 l1d
6 23 2 l1d
24 10 0 l1d
27 55 4 l1d
27 25 1 l1d
23 7 4 l1d
2 26 4 l1d
11 32 7 l1d
9 59 8 l1d
12 35 8 l1d
1 38 8 l1d
2 58 4 l1d
2 31 4 l1d
5 48 7 l1d
6 32 7 l1d
25 64 0 l1d
13 8 8 l1d
31 33 0 l1d
27 15 2 l1d
10 19 2 l1d
11 26 5 l1d
8 44 5 l1d
19 40 8 l1d
17 11 1 l1d
17 5 2 l1d
13 64 6 l1d
12 11 8 l1d
24 9 4 l1d
22 19 1 l1d
32 44 3 l1d
