21 19 6 l1d
25 8 6 l1d
11 23 0 l1d
29 63 0 l1d
20 48 7 l1d
22 4 4 l1d
7 7 1 l1d
15 59 6 l1d
7 10 1 l1d
4 43 5 l1d
19 0 2 l1d
6 22 3 l1d
16 3 3 l1d
15 61 7 l1d
30 49 4 l1d
18 58 5 l1d
20 57 4 l1d
32 47 6 l1d
17 25 5 l1d
5 18 6 l1d
23 6 0 l1d
28 13 1 l1d
1 49 3 l1d
2 13 5 l1d
3 34 6 l1d
11 32 4 l1d
5 1 3 l1d
0 42 2 l1d
28 33 3 l1d
25 21 3 l1d
25 47 8 l1d
10 59 8 l1d
32 58 6 l1d
3 6 8 l1d
21 64 0 l1d
14 49 6 l1d
2 56 2 l1d
20 41 5 l1d
4 17 5 l1d
11 6 6 l1d
16 8 5 l1d
23 4 2 l1d
11 40 7 l1d
19 36 0 l1d
3 54 2 l1d
19 0 7 l1d
4 17 0 l1d
23 2 3 l1d
28 25 1 l1d
14 33 0 l1d
10 26 8 l1d
4 23 8 l1d
10 16 5 l1d
28 51 3 l1d
20 50 2 l1d
6 8 3 l1d
1 36 1 l1d
17 16 6 l1d
9 9 0 l1d
30 46 6 l1d
8 63 7 l1d
3 29 6 l1d
14 23 2 l1d
23 2 1 l1d
30 61 3 l1d
20 22 4 l1d
18 26 0 l1d
24 60 1 l1d
17 33 0 l1d
1 21 3 l1d
15 9 7 l1d
18 24 6 l1d
4 29 0 l1d
7 13 2 l1d
25 20 6 l1d
23 58 4 l1d
31 29 3 l1d
22 1 1 l1d
31 24 6 l1d
27 25 4 l1d
14 40 5 l1d
5 51 2 l1d
6 18 1 l1d
9 7 5 l1d
17 30 4 l1d
23 15 1 l1d
14 27 3 l1d
11 16 5 l1d
2 25 7 l1d
5 31 3 l1d
15 19 5 l1d
15 0 0 l1d
12 24 1 l1d
25 20 1 l1d
23 53 6 l1d
18 31 6 l1d
30 11 1 l1d
5 36 4 l1d
14 31 3 l1d
8 64 2 l1d
30 22 8 l1d
3 12 8 l1d
3 43 4 l1d
9 36 3 l1d
29 44 6 l1d
28 56 3 l1d
18 15 2 l1d
6 25 2 l1d
12 47 4 l1d
3 41 1 l1d
8 35 0 l1d
14 60 1 l1d
31 5 3 l1d
25 14 4 l1d
13 29 8 l1d
17 31 1 l1d
19 22 1 l1d
28 2 0 l1d
20 1 7 l1d
18 30 6 l1d
6 35 8 l1d
24 32 1 l1d
25 21 2 l1d
3 57 0 l1d
10 24 3 l1d
24 7 3 l1d
23 45 6 l1d
32 39 7 l1d
24 59 7 l1d
14 42 1 l1d
17 32 7 l1d
5 0 4 l1d
26 18 7 l1d
23 51 6 l1d
10 23 2 l1d
32 24 4 l1d
28 53 1 l1d
21 28 6 l1d
17 15 4 l1d
9 32 0 l1d
25 50 2 l1d
13 29 6 l1d
2 17 3 l1d
23 32 3 l1d
32 50 0 l1d
31 62 4 l1d
0 20 2 l1d
29 29 8 l1d
27 4 2 l1d
20 61 1 l1d
11 6 8 l1d
22 51 8 l1d
12 4 1 l1d
1 27 2 l1d
2 64 4 l1d
16 36 5 l1d
30 55 8 l1d
3 42 5 l1d
30 58 1 l1d
25 2 0 l1d
29 2 3 l1d
6 4 1 l1d
