4 38 6 l1d
27 11 2 l1d
22 41 1 l1d
12 54 3 l1d
17 9 7 l1d
3 39 1 l1d
16 26 8 l1d
5 43 8 l1d
4 47 1 l1d
30 31 0 l1d
23 32 0 l1d
17 32 8 l1d
1 54 7 l1d
29 13 6 l1d
27 59 2 l1d
2 64 8 l1d
2 40 4 l1d
18 31 1 l1d
14 43 1 l1d
9 9 6 l1d
22 28 6 l1d
17 5 3 l1d
18 51 4 l1d
5 23 2 l1d
11 43 4 l1d
27 33 7 l1d
8 39 8 l1d
28 13 5 l1d
0 50 1 l1d
21 42 4 l1d
26 44 2 l1d
5 51 3 l1d
12 24 6 l1d
4 33 4 l1d
1 37 2 l1d
13 13 6 l1d
20 52 6 l1d
15 32 4 l1d
25 26 0 l1d
13 50 8 l1d
20 12 7 l1d
14 61 1 l1d
20 10 7 l1d
26 14 2 l1d
11 57 6 l1d
12 32 1 l1d
9 23 2 l1d
5 1 5 l1d
23 62 1 l1d
17 2 8 l1d
14 61 4 l1d
20 38 6 l1d
16 33 4 l1d
28 50 0 l1d
26 1 7 l1d
3 3 6 l1d
31 33 7 l1d
25 16 1 l1d
31 52 5 l1d
13 44 3 l1d
11 12 8 l1d
29 49 1 l1d
12 51 4 l1d
13 16 1 l1d
23 20 5 l1d
29 13 1 l1d
0 52 1 l1d
0 56 1 l1d
9 17 8 l1d
15 7 1 l1d
1 38 2 l1d
19 20 7 l1d
14 47 2 l1d
29 26 0 l1d
11 12 4 l1d
26 6 2 l1d
18 49 1 l1d
3 13 3 l1d
4 2 3 l1d
27 21 1 l1d
12 28 6 l1d
0 38 0 l1d
23 48 7 l1d
14 6 2 l1d
9 64 3 l1d
31 26 8 l1d
32 63 0 l1d
20 39 3 l1d
19 37 8 l1d
32 58 2 l1d
18 21 0 l1d
19 39 0 l1d
9 10 3 l1d
18 1 1 l1d
11 6 0 l1d
20 11 3 l1d
13 20 7 l1d
1 4 7 l1d
24 3 7 l1d
22 16 3 l1d
1 45 1 l1d
15 46 5 l1d
22 44 1 l1d
14 24 6 l1d
4 52 4 l1d
6 7 4 l1d
16 26 1 l1d
31 36 8 l1d
14 56 4 l1d
6 61 1 l1d
3 11 0 l1d
28 39 6 l1d
0 52 5 l1d
6 44 7 l1d
0 6 6 l1d
8 39 1 l1d
26 44 4 l1d
9 8 1 l1d
