17 26 4 l1d
18 54 0 l1d
11 44 5 l1d
25 8 5 l1d
1 35 3 l1d
25 15 5 l1d
1 13 1 l1d
9 55 6 l1d
32 35 4 l1d
21 50 2 l1d
14 8 2 l1d
14 7 1 l1d
28 4 0 l1d
4 44 6 l1d
23 23 3 l1d
21 38 0 l1d
30 40 4 l1d
4 27 8 l1d
20 5 8 l1d
12 64 6 l1d
17 19 2 l1d
31 64 2 l1d
17 48 0 l1d
28 12 1 l1d
25 43 4 l1d
6 18 0 l1d
4 28 2 l1d
21 19 0 l1d
19 17 1 l1d
5 44 1 l1d
31 44 1 l1d
7 41 2 l1d
14 28 8 l1d
7 6 7 l1d
26 13 3 l1d
30 23 3 l1d
11 26 7 l1d
9 16 5 l1d
32 9 3 l1d
29 22 4 l1d
15 26 7 l1d
25 57 5 l1d
10 50 5 l1d
18 45 1 l1d
23 17 3 l1d
14 29 0 l1d
8 45 2 l1d
4 49 4 l1d
30 55 2 l1d
28 12 4 l1d
17 64 4 l1d
15 25 6 l1d
3 28 6 l1d
6 22 8 l1d
26 30 0 l1d
4 32 5 l1d
30 58 6 l1d
27 48 1 l1d
1 3 5 l1d
19 41 1 l1d
31 29 4 l1d
22 60 1 l1d
16 14 7 l1d
4 19 6 l1d
15 2 5 l1d
17 9 0 l1d
3 58 3 l1d
31 59 2 l1d
13 22 6 l1d
19 46 2 l1d
23 11 5 l1d
17 49 5 l1d
3 48 7 l1d
10 41 3 l1d
6 45 3 l1d
10 37 3 l1d
3 21 8 l1d
29 46 2 l1d
22 28 6 l1d
32 35 2 l1d
31 56 6 l1d
2 57 7 l1d
9 64 4 l1d
18 55 5 l1d
23 21 4 l1d
26 22 1 l1d
31 4 7 l1d
8 12 4 l1d
22 63 5 l1d
27 8 3 l1d
7 25 7 l1d
10 50 7 l1d
18 26 4 l1d
29 45 2 l1d
8 63 2 l1d
13 44 1 l1d
15 54 4 l1d
14 56 5 l1d
31 13 1 l1d
26 25 6 l1d
13 31 2 l1d
26 52 3 l1d
16 7 8 l1d
17 44 7 l1d
19 63 8 l1d
3 24 7 l1d
21 27 2 l1d
18 5 5 l1d
25 19 4 l1d
19 56 6 l1d
29 29 1 l1d
14 18 6 l1d
0 64 3 l1d
28 8 2 l1d
31 33 7 l1d
29 0 3 l1d
32 6 4 l1d
29 53 1 l1d
29 24 8 l1d
25 64 8 l1d
21 14 4 l1d
20 10 8 l1d
18 42 4 l1d
22 46 4 l1d
4 45 0 l1d
5 22 3 l1d
1 63 0 l1d
13 52 0 l1d
17 17 1 l1d
9 47 0 l1d
24 18 3 l1d
1 53 8 l1d
12 20 1 l1d
6 37 5 l1d
12 6 6 l1d
25 9 5 l1d
