7 17 5 l1d
26 37 5 l1d
22 4 4 l1d
30 57 1 l1d
8 56 1 l1d
9 30 8 l1d
16 9 7 l1d
20 23 6 l1d
1 35 4 l1d
3 37 0 l1d
8 19 7 l1d
3 23 2 l1d
25 30 0 l1d
27 59 6 l1d
25 14 8 l1d
30 59 0 l1d
24 57 8 l1d
3 18 3 l1d
23 63 6 l1d
14 64 8 l1d
13 0 3 l1d
0 46 0 l1d
31 5 6 l1d
5 22 7 l1d
28 18 6 l1d
19 34 0 l1d
9 30 7 l1d
19 21 0 l1d
12 1 0 l1d
31 29 1 l1d
11 33 0 l1d
2 19 0 l1d
25 42 8 l1d
21 55 6 l1d
11 41 7 l1d
16 56 2 l1d
12 47 3 l1d
1 22 1 l1d
17 0 3 l1d
22 49 7 l1d
1 34 8 l1d
9 46 1 l1d
23 9 2 l1d
26 50 6 l1d
30 52 6 l1d
4 44 0 l1d
29 15 8 l1d
19 23 7 l1d
9 39 7 l1d
21 20 4 l1d
13 59 0 l1d
26 29 2 l1d
25 39 2 l1d
24 4 2 l1d
18 31 3 l1d
28 20 6 l1d
32 30 5 l1d
15 57 4 l1d
17 35 2 l1d
20 28 0 l1d
11 52 4 l1d
0 39 0 l1d
21 52 3 l1d
14 3 1 l1d
11 24 1 l1d
17 31 8 l1d
8 31 2 l1d
29 59 7 l1d
26 2 3 l1d
16 17 6 l1d
15 47 5 l1d
28 17 1 l1d
15 31 0 l1d
28 1 7 l1d
10 57 8 l1d
17 10 7 l1d
7 8 3 l1d
30 58 1 l1d
30 24 2 l1d
10 10 2 l1d
13 55 7 l1d
7 49 5 l1d
9 61 6 l1d
22 32 4 l1d
13 33 8 l1d
29 23 2 l1d
18 6 5 l1d
0 20 7 l1d
7 51 0 l1d
2 25 6 l1d
16 44 3 l1d
0 18 0 l1d
28 63 8 l1d
13 27 4 l1d
22 36 3 l1d
19 18 7 l1d
12 53 1 l1d
2 35 0 l1d
