0 2 5 l1d
20 40 4 l1d
25 15 8 l1d
1 6 5 l1d
12 9 0 l1d
15 55 8 l1d
14 17 4 l1d
2 1 1 l1d
10 14 5 l1d
25 39 7 l1d
13 17 6 l1d
19 36 8 l1d
3 22 6 l1d
3 49 8 l1d
9 53 7 l1d
18 27 5 l1d
16 48 4 l1d
6 54 2 l1d
8 19 4 l1d
2 60 4 l1d
32 0 3 l1d
10 21 3 l1d
14 19 0 l1d
13 13 1 l1d
20 7 0 l1d
2 31 0 l1d
7 60 8 l1d
11 13 0 l1d
19 0 2 l1d
15 42 3 l1d
28 55 2 l1d
22 33 4 l1d
6 19 6 l1d
6 59 3 l1d
25 5 7 l1d
25 26 8 l1d
5 42 3 l1d
13 8 7 l1d
2 64 8 l1d
3 58 8 l1d
19 5 6 l1d
20 29 1 l1d
2 14 3 l1d
21 39 0 l1d
4 54 0 l1d
7 25 7 l1d
21 19 7 l1d
28 63 1 l1d
14 3 8 l1d
16 28 0 l1d
27 26 7 l1d
4 21 4 l1d
10 63 2 l1d
31 30 8 l1d
18 63 7 l1d
15 8 3 l1d
2 5 7 l1d
25 32 1 l1d
2 53 1 l1d
13 30 0 l1d
27 31 6 l1d
18 20 7 l1d
26 29 5 l1d
14 58 5 l1d
10 27 5 l1d
12 8 4 l1d
8 8 5 l1d
23 42 6 l1d
31 22 5 l1d
9 36 4 l1d
16 28 5 l1d
8 23 0 l1d
22 47 1 l1d
1 19 4 l1d
30 49 5 l1d
4 27 1 l1d
22 7 8 l1d
13 60 5 l1d
0 3 4 l1d
6 9 8 l1d
