5 33 3 l1d
20 11 3 l1d
13 10 8 l1d
7 27 5 l1d
22 50 8 l1d
8 31 3 l1d
31 34 4 l1d
18 0 8 l1d
9 43 4 l1d
31 17 2 l1d
15 23 5 l1d
23 40 7 l1d
13 24 7 l1d
2 62 8 l1d
18 27 8 l1d
7 23 1 l1d
7 10 1 l1d
20 5 4 l1d
5 2 6 l1d
17 20 5 l1d
5 29 0 l1d
28 29 0 l1d
27 12 0 l1d
23 2 6 l1d
20 14 8 l1d
3 50 8 l1d
1 60 4 l1d
22 7 5 l1d
25 64 7 l1d
31 33 8 l1d
3 46 6 l1d
19 27 3 l1d
6 6 6 l1d
17 12 7 l1d
14 50 8 l1d
2 56 5 l1d
29 62 6 l1d
19 2 7 l1d
3 18 2 l1d
11 56 4 l1d
21 5 2 l1d
2 4 2 l1d
11 14 6 l1d
13 48 5 l1d
11 18 5 l1d
7 42 8 l1d
