5 26 6 l1d
20 38 7 l1d
23 17 3 l1d
19 25 3 l1d
20 2 4 l1d
5 43 6 l1d
9 11 3 l1d
3 47 3 l1d
29 27 1 l1d
19 42 5 l1d
11 17 8 l1d
23 21 5 l1d
6 13 8 l1d
31 4 8 l1d
18 30 2 l1d
29 55 0 l1d
13 5 3 l1d
12 21 7 l1d
0 35 0 l1d
20 62 1 l1d
7 47 8 l1d
19 5 6 l1d
23 0 8 l1d
24 29 4 l1d
29 48 2 l1d
30 2 3 l1d
13 44 8 l1d
4 14 0 l1d
14 55 2 l1d
4 58 2 l1d
3 10 5 l1d
10 13 6 l1d
22 61 0 l1d
15 32 5 l1d
17 58 7 l1d
22 28 4 l1d
9 2 7 l1d
22 28 6 l1d
1 46 4 l1d
11 45 5 l1d
32 15 1 l1d
7 20 8 l1d
5 16 5 l1d
18 55 2 l1d
18 16 7 l1d
20 8 2 l1d
30 13 1 l1d
24 63 6 l1d
17 45 5 l1d
21 10 8 l1d
2 46 0 l1d
5 52 0 l1d
8 42 2 l1d
17 41 6 l1d
18 28 5 l1d
11 63 8 l1d
23 16 5 l1d
4 9 3 l1d
31 30 2 l1d
12 58 8 l1d
25 8 3 l1d
29 33 4 l1d
27 43 7 l1d
9 30 0 l1d
13 55 0 l1d
1 51 5 l1d
6 15 2 l1d
20 4 1 l1d
31 35 5 l1d
6 57 4 l1d
17 47 8 l1d
8 43 0 l1d
17 59 4 l1d
1 19 7 l1d
18 60 4 l1d
7 30 2 l1d
10 56 7 l1d
10 50 6 l1d
6 64 7 l1d
10 36 6 l1d
22 20 4 l1d
29 59 2 l1d
6 49 3 l1d
12 43 3 l1d
24 26 5 l1d
2 7 2 l1d
28 14 0 l1d
18 51 6 l1d
4 49 6 l1d
32 36 0 l1d
21 24 6 l1d
1 43 3 l1d
