30 9 3 l1d
25 53 5 l1d
15 54 8 l1d
19 51 1 l1d
7 12 5 l1d
24 58 4 l1d
32 3 1 l1d
12 30 4 l1d
12 56 4 l1d
18 22 4 l1d
5 14 0 l1d
1 9 6 l1d
7 31 2 l1d
5 52 2 l1d
8 24 4 l1d
0 55 0 l1d
2 25 6 l1d
4 35 5 l1d
14 42 5 l1d
4 31 4 l1d
23 32 0 l1d
15 20 1 l1d
21 30 4 l1d
30 2 3 l1d
26 43 1 l1d
21 15 8 l1d
31 40 6 l1d
10 50 1 l1d
12 60 3 l1d
23 53 8 l1d
28 24 7 l1d
28 30 3 l1d
17 8 4 l1d
32 56 4 l1d
21 0 1 l1d
31 62 1 l1d
7 27 8 l1d
2 42 7 l1d
8 13 6 l1d
18 38 2 l1d
12 61 3 l1d
19 2 8 l1d
22 10 3 l1d
21 54 1 l1d
26 60 5 l1d
6 54 5 l1d
11 21 8 l1d
13 64 6 l1d
