8 25 3 l1d
24 59 5 l1d
30 41 2 l1d
0 51 5 l1d
16 16 0 l1d
17 9 1 l1d
21 55 1 l1d
0 35 3 l1d
22 5 8 l1d
10 12 2 l1d
21 9 6 l1d
3 49 8 l1d
13 32 2 l1d
20 40 7 l1d
24 4 2 l1d
5 36 4 l1d
8 8 7 l1d
27 63 8 l1d
4 38 8 l1d
25 41 8 l1d
5 38 7 l1d
23 17 8 l1d
17 16 8 l1d
14 28 2 l1d
17 38 1 l1d
8 21 7 l1d
17 40 7 l1d
0 39 6 l1d
28 39 5 l1d
2 30 3 l1d
27 53 6 l1d
9 43 6 l1d
11 11 6 l1d
20 35 1 l1d
12 3 4 l1d
8 48 8 l1d
5 54 7 l1d
9 8 5 l1d
7 55 8 l1d
0 46 6 l1d
6 44 0 l1d
9 3 8 l1d
14 25 5 l1d
20 49 4 l1d
19 22 7 l1d
8 1 2 l1d
27 39 0 l1d
26 25 5 l1d
30 46 2 l1d
22 57 3 l1d
18 11 7 l1d
0 59 4 l1d
5 48 5 l1d
4 15 2 l1d
24 47 1 l1d
6 2 0 l1d
29 31 5 l1d
32 7 8 l1d
14 61 7 l1d
10 43 2 l1d
23 39 8 l1d
19 33 7 l1d
3 49 8 l1d
9 33 1 l1d
9 12 5 l1d
29 41 0 l1d
19 7 0 l1d
1 41 0 l1d
23 0 8 l1d
5 31 8 l1d
28 44 0 l1d
8 58 4 l1d
12 47 3 l1d
16 54 1 l1d
21 49 8 l1d
18 10 2 l1d
26 54 3 l1d
29 7 7 l1d
10 30 2 l1d
18 42 1 l1d
27 38 4 l1d
3 60 0 l1d
14 53 8 l1d
1 0 3 l1d
23 13 1 l1d
20 12 1 l1d
5 4 8 l1d
32 49 4 l1d
5 33 3 l1d
29 8 1 l1d
