17 33 4 l1d
29 23 8 l1d
7 49 1 l1d
27 39 8 l1d
25 56 6 l1d
16 17 7 l1d
3 42 1 l1d
27 60 8 l1d
26 32 8 l1d
11 39 3 l1d
29 8 8 l1d
16 26 4 l1d
19 40 1 l1d
15 41 1 l1d
19 64 6 l1d
31 40 5 l1d
19 29 5 l1d
12 6 3 l1d
28 17 8 l1d
1 57 4 l1d
20 11 2 l1d
14 53 2 l1d
10 23 8 l1d
26 28 3 l1d
16 9 3 l1d
15 33 6 l1d
22 40 2 l1d
19 21 1 l1d
14 36 7 l1d
2 19 4 l1d
31 15 0 l1d
18 25 7 l1d
28 3 4 l1d
8 27 0 l1d
6 45 1 l1d
29 1 8 l1d
15 30 3 l1d
27 44 4 l1d
30 24 2 l1d
8 37 7 l1d
11 43 1 l1d
14 3 6 l1d
2 56 3 l1d
24 2 0 l1d
12 0 0 l1d
16 31 4 l1d
28 51 5 l1d
22 37 3 l1d
6 60 0 l1d
3 26 1 l1d
4 19 2 l1d
2 33 1 l1d
13 15 4 l1d
28 4 6 l1d
3 47 6 l1d
17 0 6 l1d
12 0 3 l1d
16 63 2 l1d
20 61 4 l1d
26 9 0 l1d
30 58 7 l1d
4 13 1 l1d
8 32 8 l1d
3 8 3 l1d
29 58 7 l1d
26 42 8 l1d
10 15 1 l1d
1 3 6 l1d
5 7 1 l1d
2 32 1 l1d
25 6 1 l1d
28 55 4 l1d
30 41 7 l1d
17 42 8 l1d
17 40 1 l1d
31 37 5 l1d
16 43 5 l1d
20 4 8 l1d
17 45 0 l1d
31 59 5 l1d
20 61 7 l1d
28 5 8 l1d
8 61 1 l1d
2 48 6 l1d
