29 6 0 l1d
18 63 1 l1d
29 18 3 l1d
13 12 7 l1d
11 42 1 l1d
11 43 7 l1d
17 30 4 l1d
20 54 1 l1d
2 49 4 l1d
23 55 7 l1d
22 7 8 l1d
30 57 6 l1d
24 41 8 l1d
19 40 2 l1d
21 39 2 l1d
18 42 7 l1d
4 60 6 l1d
5 7 4 l1d
27 35 2 l1d
6 16 8 l1d
22 8 1 l1d
23 38 2 l1d
7 48 3 l1d
31 16 0 l1d
17 10 5 l1d
4 2 7 l1d
1 25 3 l1d
5 6 4 l1d
4 5 6 l1d
8 23 4 l1d
30 61 5 l1d
11 39 7 l1d
13 34 7 l1d
30 38 8 l1d
21 53 8 l1d
4 27 7 l1d
27 32 4 l1d
26 18 7 l1d
24 8 5 l1d
16 47 5 l1d
30 40 0 l1d
8 33 5 l1d
24 20 5 l1d
25 12 2 l1d
7 25 7 l1d
25 17 0 l1d
8 41 5 l1d
19 17 3 l1d
6 42 8 l1d
27 5 8 l1d
30 56 5 l1d
29 58 3 l1d
4 7 0 l1d
5 27 2 l1d
27 23 3 l1d
29 22 5 l1d
15 4 8 l1d
0 41 5 l1d
7 13 0 l1d
21 53 4 l1d
16 49 0 l1d
29 13 5 l1d
26 53 1 l1d
2 58 2 l1d
