4 34 8 l1d
2 44 1 l1d
4 0 5 l1d
13 1 1 l1d
28 61 1 l1d
24 2 6 l1d
1 29 0 l1d
12 14 5 l1d
23 15 2 l1d
9 18 2 l1d
13 20 0 l1d
11 34 5 l1d
32 47 8 l1d
31 57 4 l1d
16 9 0 l1d
3 30 6 l1d
30 46 8 l1d
3 38 0 l1d
0 58 7 l1d
0 58 4 l1d
4 53 8 l1d
7 50 3 l1d
3 23 1 l1d
17 1 6 l1d
29 43 1 l1d
18 33 1 l1d
7 56 8 l1d
22 15 3 l1d
14 4 8 l1d
10 38 1 l1d
23 54 1 l1d
30 2 7 l1d
26 33 8 l1d
9 39 2 l1d
21 14 1 l1d
18 7 2 l1d
13 7 5 l1d
10 63 4 l1d
8 42 8 l1d
9 41 2 l1d
27 48 7 l1d
24 57 6 l1d
27 22 3 l1d
11 24 6 l1d
27 39 5 l1d
1 31 1 l1d
2 40 2 l1d
31 63 1 l1d
31 23 6 l1d
1 37 2 l1d
12 40 6 l1d
9 0 6 l1d
18 23 8 l1d
32 0 6 l1d
10 43 5 l1d
24 22 0 l1d
15 9 4 l1d
16 56 7 l1d
7 42 3 l1d
3 11 7 l1d
9 56 8 l1d
9 7 6 l1d
32 37 5 l1d
27 42 8 l1d
20 46 4 l1d
26 22 8 l1d
22 52 8 l1d
22 14 8 l1d
13 58 6 l1d
22 14 2 l1d
20 30 3 l1d
25 31 7 l1d
1 25 2 l1d
24 26 6 l1d
22 44 7 l1d
30 5 5 l1d
10 11 2 l1d
0 7 1 l1d
4 32 4 l1d
26 17 5 l1d
4 28 0 l1d
6 26 5 l1d
17 37 8 l1d
6 45 0 l1d
