8 10 0 l1d
19 15 3 l1d
18 10 7 l1d
23 8 3 l1d
16 3 2 l1d
22 35 2 l1d
0 56 0 l1d
29 17 7 l1d
19 7 1 l1d
21 16 4 l1d
19 49 4 l1d
32 60 0 l1d
18 46 1 l1d
24 6 5 l1d
7 34 4 l1d
1 35 5 l1d
32 21 0 l1d
21 27 3 l1d
8 49 5 l1d
10 40 0 l1d
19 58 1 l1d
14 62 0 l1d
27 4 5 l1d
30 10 2 l1d
22 26 2 l1d
27 52 6 l1d
3 31 1 l1d
11 28 4 l1d
10 26 5 l1d
32 6 2 l1d
21 49 2 l1d
4 55 2 l1d
3 23 2 l1d
19 7 8 l1d
28 34 5 l1d
32 11 7 l1d
11 37 3 l1d
10 51 4 l1d
6 41 0 l1d
15 49 4 l1d
9 0 4 l1d
31 17 6 l1d
17 10 7 l1d
23 51 6 l1d
22 2 1 l1d
2 49 2 l1d
