16 32 3 l1d
2 62 6 l1d
16 1 7 l1d
9 5 0 l1d
1 46 8 l1d
29 33 6 l1d
18 43 3 l1d
22 2 7 l1d
26 50 7 l1d
6 13 3 l1d
31 58 7 l1d
16 29 6 l1d
22 20 0 l1d
30 20 1 l1d
25 45 6 l1d
2 29 3 l1d
27 58 2 l1d
16 24 0 l1d
28 18 2 l1d
19 27 6 l1d
27 23 4 l1d
18 5 6 l1d
7 64 2 l1d
9 2 2 l1d
16 48 4 l1d
11 6 7 l1d
0 7 3 l1d
6 11 2 l1d
8 43 4 l1d
18 29 4 l1d
12 14 5 l1d
29 44 3 l1d
10 18 7 l1d
5 19 0 l1d
27 58 8 l1d
5 7 4 l1d
17 32 4 l1d
10 37 1 l1d
14 36 1 l1d
22 61 5 l1d
30 4 5 l1d
3 16 5 l1d
5 63 1 l1d
4 57 4 l1d
23 49 8 l1d
16 43 1 l1d
13 11 7 l1d
30 25 6 l1d
7 49 7 l1d
13 10 7 l1d
3 21 8 l1d
32 45 0 l1d
24 32 4 l1d
28 56 3 l1d
23 34 3 l1d
16 26 5 l1d
27 12 7 l1d
8 41 4 l1d
0 57 0 l1d
27 7 8 l1d
10 24 6 l1d
3 62 3 l1d
15 44 3 l1d
25 62 4 l1d
1 24 5 l1d
7 12 3 l1d
3 17 2 l1d
2 56 4 l1d
25 45 3 l1d
22 53 3 l1d
19 4 5 l1d
1 61 4 l1d
24 39 4 l1d
18 47 3 l1d
25 23 3 l1d
6 10 1 l1d
32 5 2 l1d
25 32 3 l1d
8 33 2 l1d
5 54 3 l1d
11 54 6 l1d
7 54 4 l1d
6 57 4 l1d
7 10 4 l1d
17 10 5 l1d
23 32 3 l1d
9 40 6 l1d
7 16 5 l1d
31 26 0 l1d
6 55 4 l1d
27 26 3 l1d
13 34 3 l1d
14 45 6 l1d
30 26 2 l1d
28 47 8 l1d
9 51 2 l1d
1 23 2 l1d
6 29 4 l1d
20 28 0 l1d
25 35 2 l1d
32 38 2 l1d
11 49 0 l1d
9 30 3 l1d
10 4 7 l1d
2 13 5 l1d
24 5 8 l1d
21 32 4 l1d
6 26 7 l1d
22 22 5 l1d
4 3 7 l1d
30 7 3 l1d
10 59 0 l1d
9 3 0 l1d
26 12 7 l1d
26 51 3 l1d
0 12 1 l1d
18 34 7 l1d
24 55 4 l1d
