8 11 6 l1d
8 36 2 l1d
23 2 1 l1d
9 42 7 l1d
9 37 7 l1d
19 6 0 l1d
15 42 6 l1d
29 22 6 l1d
27 4 3 l1d
12 0 0 l1d
12 14 7 l1d
21 34 3 l1d
23 54 1 l1d
31 42 0 l1d
12 52 1 l1d
7 45 6 l1d
14 50 1 l1d
10 56 7 l1d
14 54 7 l1d
25 58 0 l1d
17 22 3 l1d
0 50 7 l1d
7 12 5 l1d
5 38 7 l1d
3 2 3 l1d
18 41 4 l1d
24 5 6 l1d
25 53 7 l1d
19 6 1 l1d
14 61 8 l1d
25 33 3 l1d
15 59 7 l1d
32 35 5 l1d
2 6 5 l1d
4 37 2 l1d
6 55 4 l1d
7 22 6 l1d
17 57 2 l1d
25 9 5 l1d
10 37 7 l1d
2 2 8 l1d
10 60 5 l1d
8 53 2 l1d
4 59 7 l1d
30 30 7 l1d
8 8 8 l1d
14 12 8 l1d
0 39 1 l1d
