0 40 8 l1d
2 53 7 l1d
11 54 5 l1d
6 60 8 l1d
9 2 4 l1d
1 23 7 l1d
29 4 6 l1d
6 32 5 l1d
31 62 1 l1d
24 14 0 l1d
31 53 0 l1d
18 12 1 l1d
0 28 1 l1d
27 48 4 l1d
21 7 2 l1d
31 29 4 l1d
23 26 1 l1d
27 41 2 l1d
29 12 3 l1d
16 46 3 l1d
19 36 5 l1d
22 40 6 l1d
11 50 3 l1d
26 44 4 l1d
31 20 1 l1d
19 17 1 l1d
25 4 4 l1d
1 18 3 l1d
7 26 3 l1d
8 23 5 l1d
3 57 4 l1d
6 58 8 l1d
29 36 2 l1d
20 26 6 l1d
32 61 8 l1d
26 40 3 l1d
1 28 0 l1d
32 55 0 l1d
16 61 4 l1d
28 3 0 l1d
19 10 3 l1d
8 63 3 l1d
19 34 0 l1d
27 23 7 l1d
13 36 1 l1d
8 36 4 l1d
2 21 3 l1d
27 35 4 l1d
16 63 4 l1d
32 29 0 l1d
27 51 2 l1d
24 44 6 l1d
5 40 0 l1d
10 44 5 l1d
22 17 8 l1d
32 56 0 l1d
8 15 0 l1d
27 30 3 l1d
27 61 5 l1d
8 62 1 l1d
4 22 3 l1d
6 41 4 l1d
2 42 4 l1d
12 37 4 l1d
27 48 4 l1d
21 54 7 l1d
7 29 7 l1d
29 39 0 l1d
10 52 7 l1d
11 4 4 l1d
0 48 8 l1d
23 46 8 l1d
8 11 0 l1d
4 4 0 l1d
31 36 6 l1d
26 55 8 l1d
12 5 4 l1d
28 3 5 l1d
18 10 2 l1d
32 51 8 l1d
8 19 8 l1d
1 10 4 l1d
0 7 8 l1d
25 58 7 l1d
5 3 5 l1d
2 36 2 l1d
30 21 6 l1d
28 39 6 l1d
