26 29 2 l1d
27 63 4 l1d
10 46 8 l1d
18 59 8 l1d
23 53 1 l1d
17 35 5 l1d
10 7 8 l1d
18 21 2 l1d
27 32 5 l1d
1 10 5 l1d
6 50 6 l1d
18 36 3 l1d
13 8 4 l1d
10 32 4 l1d
0 32 7 l1d
9 40 1 l1d
20 11 5 l1d
32 10 6 l1d
32 57 3 l1d
32 28 4 l1d
24 10 6 l1d
12 63 0 l1d
28 2 6 l1d
5 63 6 l1d
30 61 0 l1d
4 38 6 l1d
14 47 4 l1d
11 57 1 l1d
9 13 4 l1d
27 49 5 l1d
2 40 3 l1d
5 39 6 l1d
22 62 0 l1d
8 30 6 l1d
30 9 6 l1d
7 20 1 l1d
4 58 2 l1d
25 58 1 l1d
29 58 1 l1d
29 51 6 l1d
22 38 6 l1d
2 10 4 l1d
13 28 4 l1d
3 47 6 l1d
12 46 4 l1d
28 1 8 l1d
22 0 7 l1d
20 59 6 l1d
30 27 0 l1d
13 7 8 l1d
31 30 0 l1d
2 52 7 l1d
5 55 5 l1d
20 64 1 l1d
0 50 2 l1d
8 54 8 l1d
31 50 8 l1d
26 50 7 l1d
