16 18 3 l1d
18 4 0 l1d
9 19 2 l1d
4 27 0 l1d
13 47 5 l1d
26 19 5 l1d
31 25 5 l1d
14 16 0 l1d
24 27 6 l1d
0 53 6 l1d
2 54 2 l1d
16 20 4 l1d
22 34 7 l1d
26 5 5 l1d
20 8 4 l1d
30 13 1 l1d
8 54 6 l1d
1 38 3 l1d
21 55 4 l1d
7 56 3 l1d
26 28 5 l1d
31 41 5 l1d
2 29 4 l1d
8 46 2 l1d
21 31 0 l1d
6 38 3 l1d
18 39 3 l1d
23 46 1 l1d
14 58 6 l1d
32 5 6 l1d
19 4 4 l1d
29 61 8 l1d
9 57 7 l1d
19 41 3 l1d
4 61 2 l1d
4 56 4 l1d
12 28 6 l1d
4 53 6 l1d
12 18 4 l1d
9 39 1 l1d
21 62 6 l1d
13 34 1 l1d
10 56 1 l1d
20 10 7 l1d
16 20 4 l1d
11 36 5 l1d
12 33 1 l1d
18 59 1 l1d
19 29 3 l1d
26 55 5 l1d
10 52 2 l1d
31 38 0 l1d
9 43 0 l1d
4 13 0 l1d
4 47 3 l1d
21 57 2 l1d
26 24 2 l1d
20 1 0 l1d
15 28 0 l1d
0 40 8 l1d
21 40 8 l1d
13 29 8 l1d
10 29 7 l1d
9 56 8 l1d
7 57 6 l1d
3 42 8 l1d
31 37 2 l1d
31 8 7 l1d
7 6 3 l1d
24 51 7 l1d
7 46 4 l1d
29 30 5 l1d
22 37 0 l1d
19 49 3 l1d
22 46 4 l1d
26 4 1 l1d
19 41 7 l1d
28 9 8 l1d
18 49 4 l1d
11 18 2 l1d
