8 16 8 l1d
3 46 0 l1d
28 30 1 l1d
25 37 6 l1d
4 5 5 l1d
5 38 7 l1d
7 33 4 l1d
2 17 0 l1d
11 6 0 l1d
4 62 2 l1d
10 43 1 l1d
14 27 7 l1d
28 0 0 l1d
23 55 2 l1d
22 14 5 l1d
23 52 4 l1d
15 32 3 l1d
19 16 3 l1d
1 49 8 l1d
31 20 8 l1d
18 0 2 l1d
9 12 2 l1d
7 7 1 l1d
21 19 7 l1d
32 49 7 l1d
8 23 8 l1d
7 58 4 l1d
10 54 6 l1d
23 12 2 l1d
2 18 2 l1d
26 50 3 l1d
30 56 6 l1d
13 32 4 l1d
11 1 4 l1d
25 57 6 l1d
28 19 7 l1d
26 47 5 l1d
8 55 1 l1d
26 60 6 l1d
7 58 3 l1d
8 57 1 l1d
23 11 5 l1d
9 58 7 l1d
12 11 8 l1d
0 34 1 l1d
32 45 5 l1d
9 23 5 l1d
14 8 7 l1d
