32 33 5 l1d
4 9 3 l1d
27 28 0 l1d
25 24 7 l1d
7 39 3 l1d
20 58 8 l1d
24 2 4 l1d
2 56 4 l1d
21 15 2 l1d
23 7 6 l1d
16 31 7 l1d
24 5 7 l1d
28 18 0 l1d
32 49 7 l1d
29 13 3 l1d
23 40 8 l1d
32 26 0 l1d
8 37 6 l1d
22 21 0 l1d
7 61 8 l1d
14 26 4 l1d
31 41 6 l1d
30 4 6 l1d
30 30 0 l1d
24 48 7 l1d
29 21 4 l1d
24 45 7 l1d
8 34 0 l1d
26 48 5 l1d
8 31 7 l1d
8 58 8 l1d
0 42 1 l1d
25 58 4 l1d
22 24 6 l1d
15 26 7 l1d
13 23 4 l1d
30 28 3 l1d
15 14 1 l1d
21 30 8 l1d
18 53 6 l1d
10 27 4 l1d
15 59 8 l1d
13 17 3 l1d
16 17 2 l1d
13 14 8 l1d
10 6 1 l1d
5 25 3 l1d
3 44 3 l1d
27 64 8 l1d
21 7 6 l1d
17 14 8 l1d
22 10 0 l1d
26 58 7 l1d
1 15 8 l1d
20 34 1 l1d
25 16 1 l1d
31 19 1 l1d
31 35 2 l1d
24 50 7 l1d
10 41 8 l1d
16 44 0 l1d
22 26 6 l1d
6 59 6 l1d
1 35 1 l1d
26 4 3 l1d
31 25 3 l1d
24 19 8 l1d
22 9 4 l1d
10 57 6 l1d
0 53 4 l1d
25 48 1 l1d
20 49 3 l1d
20 55 8 l1d
6 4 1 l1d
29 33 3 l1d
6 44 4 l1d
31 36 8 l1d
24 33 4 l1d
21 27 3 l1d
12 5 2 l1d
23 23 1 l1d
19 10 4 l1d
32 38 1 l1d
3 50 3 l1d
13 44 8 l1d
11 62 6 l1d
6 52 1 l1d
15 61 3 l1d
25 45 5 l1d
22 14 6 l1d
21 8 0 l1d
28 25 2 l1d
0 13 7 l1d
14 49 2 l1d
25 9 4 l1d
5 50 2 l1d
16 59 2 l1d
17 17 6 l1d
19 55 3 l1d
4 36 7 l1d
32 62 5 l1d
12 12 4 l1d
18 18 2 l1d
30 35 2 l1d
30 37 0 l1d
17 44 1 l1d
7 44 1 l1d
9 8 1 l1d
28 52 3 l1d
9 36 3 l1d
27 26 0 l1d
20 59 7 l1d
21 13 3 l1d
5 62 7 l1d
7 58 3 l1d
23 3 5 l1d
22 61 3 l1d
11 4 2 l1d
2 33 6 l1d
30 19 2 l1d
15 22 0 l1d
27 48 7 l1d
17 35 5 l1d
5 61 6 l1d
26 16 7 l1d
20 3 2 l1d
4 26 3 l1d
3 37 5 l1d
3 62 6 l1d
11 47 7 l1d
3 29 7 l1d
3 48 2 l1d
