13 0 5 l1d
15 64 4 l1d
27 4 1 l1d
14 14 0 l1d
16 16 8 l1d
8 28 2 l1d
4 27 5 l1d
18 39 6 l1d
6 49 5 l1d
11 35 8 l1d
27 53 2 l1d
7 7 4 l1d
25 54 7 l1d
23 15 6 l1d
28 3 5 l1d
17 14 7 l1d
30 53 8 l1d
23 23 3 l1d
18 49 3 l1d
4 43 6 l1d
24 19 0 l1d
26 8 8 l1d
18 61 8 l1d
31 12 1 l1d
24 13 1 l1d
4 26 1 l1d
18 24 4 l1d
28 22 1 l1d
28 26 5 l1d
17 48 1 l1d
23 60 3 l1d
9 26 4 l1d
24 9 6 l1d
27 38 1 l1d
9 47 2 l1d
14 34 1 l1d
5 19 4 l1d
27 36 8 l1d
30 14 4 l1d
28 11 5 l1d
1 38 6 l1d
19 25 8 l1d
18 56 2 l1d
0 46 3 l1d
27 45 3 l1d
24 57 6 l1d
24 47 4 l1d
23 9 2 l1d
13 53 2 l1d
4 42 6 l1d
20 52 6 l1d
3 31 0 l1d
