1 12 3 l1d
6 8 4 l1d
13 43 1 l1d
31 25 7 l1d
11 8 7 l1d
31 31 3 l1d
1 3 2 l1d
32 25 5 l1d
8 8 7 l1d
12 49 1 l1d
8 60 0 l1d
2 11 6 l1d
2 7 1 l1d
8 43 3 l1d
4 8 4 l1d
21 45 3 l1d
31 48 5 l1d
5 54 4 l1d
9 11 0 l1d
9 43 8 l1d
31 16 2 l1d
4 46 7 l1d
12 35 6 l1d
4 57 5 l1d
25 11 8 l1d
0 6 7 l1d
25 2 8 l1d
32 22 4 l1d
11 10 5 l1d
18 57 0 l1d
28 47 4 l1d
13 33 4 l1d
6 61 4 l1d
25 20 1 l1d
9 46 2 l1d
9 33 6 l1d
10 27 4 l1d
18 36 3 l1d
14 14 6 l1d
22 16 4 l1d
13 23 2 l1d
26 27 0 l1d
14 35 5 l1d
11 5 1 l1d
23 19 3 l1d
16 24 2 l1d
11 28 0 l1d
5 60 5 l1d
3 48 5 l1d
21 51 8 l1d
32 61 6 l1d
23 52 3 l1d
0 37 1 l1d
8 3 2 l1d
15 55 1 l1d
27 47 1 l1d
9 25 1 l1d
19 30 4 l1d
3 37 8 l1d
21 4 6 l1d
16 15 5 l1d
30 26 2 l1d
1 31 6 l1d
29 60 4 l1d
30 28 8 l1d
13 8 8 l1d
12 14 3 l1d
32 53 1 l1d
10 11 1 l1d
1 20 5 l1d
28 34 0 l1d
14 45 7 l1d
9 38 7 l1d
25 8 5 l1d
6 58 1 l1d
32 55 7 l1d
22 28 8 l1d
11 36 4 l1d
3 22 5 l1d
23 6 3 l1d
28 4 8 l1d
1 41 0 l1d
5 63 5 l1d
12 50 8 l1d
1 37 3 l1d
25 17 2 l1d
8 34 4 l1d
7 54 6 l1d
2 18 0 l1d
8 59 3 l1d
26 48 5 l1d
5 52 7 l1d
12 48 0 l1d
13 11 6 l1d
4 45 0 l1d
2 18 6 l1d
29 5 0 l1d
29 22 5 l1d
22 10 7 l1d
7 5 4 l1d
18 29 5 l1d
8 23 8 l1d
11 1 8 l1d
8 45 1 l1d
15 58 3 l1d
3 22 0 l1d
2 28 6 l1d
0 38 4 l1d
9 26 6 l1d
15 13 1 l1d
32 46 5 l1d
16 11 6 l1d
3 24 6 l1d
27 12 0 l1d
32 33 5 l1d
6 34 8 l1d
30 2 0 l1d
6 31 1 l1d
19 39 7 l1d
12 62 7 l1d
32 26 6 l1d
25 22 0 l1d
5 3 1 l1d
17 57 0 l1d
3 26 6 l1d
21 39 4 l1d
32 19 0 l1d
26 36 1 l1d
25 45 3 l1d
6 49 4 l1d
8 54 6 l1d
10 10 1 l1d
27 46 6 l1d
29 2 7 l1d
19 56 2 l1d
21 18 5 l1d
21 32 5 l1d
1 62 6 l1d
28 25 3 l1d
18 4 1 l1d
3 59 2 l1d
13 17 1 l1d
14 60 1 l1d
14 0 1 l1d
27 3 8 l1d
13 26 7 l1d
31 32 3 l1d
2 18 6 l1d
9 18 5 l1d
30 48 1 l1d
32 17 1 l1d
10 30 8 l1d
28 53 0 l1d
31 48 0 l1d
7 37 3 l1d
16 27 7 l1d
4 23 5 l1d
1 34 6 l1d
6 41 7 l1d
4 9 2 l1d
8 0 7 l1d
31 2 2 l1d
14 53 8 l1d
20 30 4 l1d
15 18 4 l1d
12 27 3 l1d
19 19 1 l1d
16 54 8 l1d
12 0 4 l1d
16 51 2 l1d
27 56 6 l1d
15 45 5 l1d
13 7 1 l1d
12 63 1 l1d
8 6 8 l1d
11 28 7 l1d
15 10 5 l1d
14 10 6 l1d
4 28 0 l1d
15 5 6 l1d
6 42 1 l1d
7 3 1 l1d
12 26 7 l1d
14 23 6 l1d
4 26 5 l1d
32 49 4 l1d
20 61 5 l1d
3 27 4 l1d
22 34 7 l1d
14 52 1 l1d
2 7 1 l1d
3 63 4 l1d
2 45 6 l1d
24 24 7 l1d
16 36 3 l1d
11 6 3 l1d
8 23 5 l1d
28 60 4 l1d
3 51 2 l1d
10 40 3 l1d
19 48 3 l1d
4 42 7 l1d
27 22 6 l1d
28 15 8 l1d
15 40 5 l1d
2 9 3 l1d
6 39 5 l1d
12 51 6 l1d
14 30 1 l1d
2 10 4 l1d
16 31 8 l1d
11 52 3 l1d
4 41 5 l1d
14 30 3 l1d
24 6 3 l1d
21 4 6 l1d
29 37 4 l1d
32 0 7 l1d
3 59 8 l1d
29 14 3 l1d
29 51 0 l1d
23 43 4 l1d
22 33 6 l1d
13 13 1 l1d
30 31 4 l1d
8 3 6 l1d
26 5 2 l1d
26 11 4 l1d
6 58 0 l1d
17 19 3 l1d
21 32 8 l1d
28 60 0 l1d
19 4 2 l1d
14 45 1 l1d
32 1 8 l1d
15 42 7 l1d
22 47 8 l1d
5 52 1 l1d
4 45 1 l1d
9 16 6 l1d
31 16 8 l1d
20 14 0 l1d
11 6 5 l1d
19 2 0 l1d
30 30 2 l1d
10 5 3 l1d
31 40 7 l1d
19 18 3 l1d
12 9 4 l1d
13 0 5 l1d
7 10 1 l1d
4 63 4 l1d
11 21 5 l1d
18 20 1 l1d
16 32 1 l1d
28 24 5 l1d
22 0 3 l1d
30 63 0 l1d
25 6 2 l1d
21 7 1 l1d
19 61 7 l1d
19 58 2 l1d
19 9 2 l1d
10 34 4 l1d
8 0 4 l1d
25 58 1 l1d
31 60 0 l1d
1 51 0 l1d
14 13 2 l1d
32 63 8 l1d
27 28 3 l1d
30 51 8 l1d
31 24 1 l1d
13 61 7 l1d
6 4 8 l1d
32 26 6 l1d
22 23 5 l1d
17 5 3 l1d
19 53 2 l1d
7 10 4 l1d
1 46 3 l1d
17 13 5 l1d
18 44 1 l1d
32 37 5 l1d
14 8 6 l1d
6 41 8 l1d
20 2 7 l1d
22 30 7 l1d
25 64 7 l1d
31 32 7 l1d
18 18 3 l1d
18 43 4 l1d
23 30 6 l1d
10 14 1 l1d
30 58 7 l1d
25 41 7 l1d
2 26 7 l1d
6 41 4 l1d
25 14 6 l1d
20 14 2 l1d
8 35 8 l1d
14 38 5 l1d
14 43 6 l1d
4 8 4 l1d
22 63 2 l1d
26 3 3 l1d
8 39 0 l1d
20 28 1 l1d
13 13 7 l1d
10 64 4 l1d
11 26 2 l1d
0 21 1 l1d
2 36 7 l1d
9 22 4 l1d
31 36 0 l1d
30 47 7 l1d
2 11 2 l1d
19 54 5 l1d
15 63 2 l1d
14 21 5 l1d
22 9 2 l1d
29 24 3 l1d
7 6 1 l1d
23 45 5 l1d
19 25 7 l1d
19 40 3 l1d
15 26 0 l1d
0 58 0 l1d
16 32 4 l1d
20 19 5 l1d
13 54 7 l1d
3 0 1 l1d
20 38 7 l1d
26 45 7 l1d
7 42 0 l1d
13 24 8 l1d
14 60 0 l1d
1 58 7 l1d
11 21 5 l1d
10 41 0 l1d
23 6 0 l1d
26 50 0 l1d
2 45 0 l1d
18 39 8 l1d
16 52 2 l1d
17 60 7 l1d
21 24 5 l1d
28 59 7 l1d
10 63 5 l1d
32 33 5 l1d
17 22 8 l1d
26 31 3 l1d
1 37 4 l1d
4 42 3 l1d
4 3 2 l1d
30 15 7 l1d
28 38 2 l1d
11 44 7 l1d
6 33 6 l1d
0 16 0 l1d
25 15 6 l1d
9 11 2 l1d
6 6 5 l1d
25 54 4 l1d
27 25 3 l1d
32 44 6 l1d
15 32 5 l1d
16 17 2 l1d
6 52 2 l1d
32 60 2 l1d
22 21 0 l1d
28 22 8 l1d
3 48 4 l1d
6 64 8 l1d
21 15 5 l1d
8 42 3 l1d
7 31 2 l1d
10 31 7 l1d
26 36 4 l1d
30 38 0 l1d
24 31 8 l1d
29 17 4 l1d
2 62 1 l1d
18 14 1 l1d
25 15 7 l1d
10 42 1 l1d
26 4 2 l1d
21 32 4 l1d
8 50 8 l1d
31 6 0 l1d
10 7 4 l1d
10 36 6 l1d
26 26 3 l1d
17 2 6 l1d
0 42 2 l1d
17 30 2 l1d
0 44 6 l1d
8 44 7 l1d
18 22 0 l1d
3 28 1 l1d
17 23 1 l1d
4 25 8 l1d
20 38 1 l1d
15 47 5 l1d
17 52 7 l1d
28 3 4 l1d
25 62 5 l1d
10 50 0 l1d
31 18 7 l1d
17 4 1 l1d
1 9 8 l1d
25 58 4 l1d
6 63 5 l1d
24 62 3 l1d
11 38 5 l1d
20 54 5 l1d
23 52 5 l1d
6 14 1 l1d
15 55 8 l1d
3 11 8 l1d
12 54 0 l1d
10 61 3 l1d
24 51 7 l1d
19 16 0 l1d
29 11 8 l1d
23 47 0 l1d
9 9 4 l1d
32 63 2 l1d
0 52 5 l1d
22 24 0 l1d
2 23 0 l1d
11 1 4 l1d
21 36 5 l1d
1 60 2 l1d
3 26 6 l1d
6 54 7 l1d
3 47 1 l1d
32 19 8 l1d
13 6 5 l1d
14 17 7 l1d
13 36 0 l1d
28 4 1 l1d
19 33 0 l1d
17 33 7 l1d
8 14 8 l1d
9 29 1 l1d
8 43 0 l1d
19 44 7 l1d
20 13 7 l1d
30 4 0 l1d
30 55 7 l1d
14 19 7 l1d
2 1 2 l1d
29 39 3 l1d
14 3 3 l1d
26 29 2 l1d
17 42 3 l1d
11 59 8 l1d
29 45 0 l1d
3 16 6 l1d
10 22 2 l1d
3 35 6 l1d
30 59 3 l1d
14 41 1 l1d
23 39 3 l1d
27 58 4 l1d
27 59 3 l1d
2 3 4 l1d
10 49 5 l1d
0 44 7 l1d
18 53 1 l1d
10 35 2 l1d
19 60 2 l1d
13 44 5 l1d
1 54 6 l1d
16 24 5 l1d
12 45 3 l1d
24 4 7 l1d
26 16 3 l1d
22 51 6 l1d
15 10 3 l1d
18 29 7 l1d
32 34 5 l1d
12 7 2 l1d
14 10 4 l1d
21 37 1 l1d
15 45 5 l1d
19 17 1 l1d
19 48 0 l1d
21 59 5 l1d
17 28 3 l1d
3 59 5 l1d
21 38 8 l1d
7 26 2 l1d
19 33 4 l1d
18 11 6 l1d
1 27 4 l1d
31 40 6 l1d
24 4 3 l1d
21 61 6 l1d
0 61 7 l1d
12 35 2 l1d
3 11 5 l1d
9 41 5 l1d
17 6 3 l1d
11 13 2 l1d
19 25 6 l1d
0 22 5 l1d
11 40 6 l1d
28 14 0 l1d
6 37 8 l1d
11 29 6 l1d
4 13 2 l1d
13 54 0 l1d
2 61 8 l1d
26 63 5 l1d
4 29 0 l1d
7 12 5 l1d
15 55 0 l1d
14 17 1 l1d
9 39 1 l1d
21 19 2 l1d
29 44 5 l1d
24 51 7 l1d
18 22 0 l1d
10 11 2 l1d
6 42 4 l1d
21 5 1 l1d
22 18 8 l1d
2 42 0 l1d
17 23 0 l1d
16 12 0 l1d
18 16 0 l1d
14 52 0 l1d
2 35 6 l1d
9 26 8 l1d
15 55 0 l1d
4 7 4 l1d
13 38 0 l1d
13 45 7 l1d
21 18 6 l1d
23 20 4 l1d
28 37 0 l1d
26 59 5 l1d
20 57 0 l1d
13 26 3 l1d
19 18 6 l1d
26 32 1 l1d
14 19 1 l1d
10 8 8 l1d
10 51 6 l1d
24 55 0 l1d
24 43 6 l1d
23 44 2 l1d
24 14 2 l1d
18 5 3 l1d
32 45 6 l1d
11 38 6 l1d
4 1 4 l1d
26 12 8 l1d
10 42 4 l1d
0 31 5 l1d
17 13 3 l1d
17 34 7 l1d
21 40 0 l1d
22 40 4 l1d
11 6 1 l1d
30 45 6 l1d
31 24 4 l1d
32 30 4 l1d
3 34 4 l1d
10 57 5 l1d
2 25 6 l1d
14 28 1 l1d
32 14 1 l1d
11 41 7 l1d
12 63 4 l1d
8 16 7 l1d
5 19 3 l1d
31 63 0 l1d
1 24 6 l1d
30 17 3 l1d
22 48 5 l1d
4 43 7 l1d
8 13 4 l1d
2 0 4 l1d
15 51 6 l1d
1 24 8 l1d
27 18 8 l1d
4 35 2 l1d
22 30 3 l1d
18 60 1 l1d
13 56 6 l1d
27 30 5 l1d
12 8 4 l1d
18 40 1 l1d
23 1 5 l1d
29 9 5 l1d
11 0 6 l1d
19 38 6 l1d
