17 34 2 l1d
25 14 2 l1d
5 5 0 l1d
0 2 7 l1d
3 47 1 l1d
3 19 5 l1d
19 19 1 l1d
31 38 5 l1d
30 64 2 l1d
4 44 8 l1d
18 8 0 l1d
5 36 8 l1d
3 32 0 l1d
6 15 2 l1d
0 25 4 l1d
6 40 2 l1d
9 0 0 l1d
10 9 4 l1d
21 21 1 l1d
18 41 7 l1d
26 6 8 l1d
17 0 6 l1d
8 61 1 l1d
26 50 0 l1d
25 64 8 l1d
14 25 0 l1d
1 53 2 l1d
18 22 6 l1d
16 13 3 l1d
15 36 1 l1d
19 19 8 l1d
8 53 4 l1d
30 42 1 l1d
3 24 1 l1d
3 31 6 l1d
14 51 4 l1d
5 45 8 l1d
9 42 0 l1d
29 29 3 l1d
17 9 5 l1d
22 58 4 l1d
4 38 5 l1d
8 28 6 l1d
28 27 3 l1d
29 44 0 l1d
2 26 2 l1d
9 18 8 l1d
27 48 1 l1d
23 31 2 l1d
28 9 6 l1d
1 55 1 l1d
21 30 8 l1d
11 47 3 l1d
26 58 1 l1d
