1 56 7 l1d
13 13 7 l1d
11 24 8 l1d
18 37 0 l1d
0 10 3 l1d
1 21 4 l1d
31 62 3 l1d
3 34 0 l1d
31 51 8 l1d
5 14 0 l1d
19 49 3 l1d
7 56 1 l1d
13 0 5 l1d
16 61 2 l1d
15 42 0 l1d
28 45 1 l1d
1 31 6 l1d
3 20 2 l1d
32 42 2 l1d
22 35 3 l1d
28 49 3 l1d
29 57 3 l1d
29 50 2 l1d
20 61 2 l1d
32 40 6 l1d
29 46 0 l1d
7 52 8 l1d
20 42 1 l1d
10 42 4 l1d
20 31 2 l1d
22 17 4 l1d
7 45 0 l1d
17 7 0 l1d
28 59 0 l1d
13 4 5 l1d
0 29 6 l1d
9 49 4 l1d
28 13 8 l1d
9 41 6 l1d
13 3 6 l1d
32 6 8 l1d
32 14 5 l1d
11 16 4 l1d
16 48 3 l1d
15 54 6 l1d
20 44 2 l1d
