3 60 7 l1d
7 18 1 l1d
11 33 0 l1d
25 42 6 l1d
2 61 5 l1d
12 58 2 l1d
1 46 2 l1d
31 60 4 l1d
12 35 2 l1d
11 22 0 l1d
3 38 7 l1d
10 7 0 l1d
14 37 0 l1d
11 14 0 l1d
3 58 8 l1d
25 36 8 l1d
24 8 1 l1d
30 26 0 l1d
9 21 2 l1d
11 19 4 l1d
25 58 7 l1d
15 21 7 l1d
16 28 6 l1d
5 50 1 l1d
18 37 2 l1d
8 5 0 l1d
2 54 1 l1d
9 56 1 l1d
14 44 7 l1d
13 0 2 l1d
18 0 4 l1d
18 46 0 l1d
27 14 3 l1d
10 27 5 l1d
14 25 2 l1d
23 43 1 l1d
10 29 2 l1d
13 15 2 l1d
0 38 7 l1d
13 20 5 l1d
14 8 0 l1d
18 29 4 l1d
6 54 3 l1d
14 24 1 l1d
16 54 5 l1d
1 4 6 l1d
1 63 1 l1d
4 38 0 l1d
20 47 6 l1d
28 60 2 l1d
10 5 7 l1d
8 1 1 l1d
5 49 1 l1d
18 58 8 l1d
25 55 2 l1d
6 48 7 l1d
10 10 7 l1d
26 63 7 l1d
32 33 5 l1d
11 30 4 l1d
20 60 0 l1d
3 42 1 l1d
17 56 1 l1d
8 61 2 l1d
6 46 5 l1d
13 19 3 l1d
32 34 7 l1d
2 11 1 l1d
8 63 5 l1d
13 16 7 l1d
23 52 8 l1d
27 62 4 l1d
8 58 8 l1d
23 12 1 l1d
6 28 4 l1d
15 21 4 l1d
10 3 0 l1d
27 3 1 l1d
12 18 1 l1d
16 60 6 l1d
20 43 5 l1d
4 40 4 l1d
30 19 5 l1d
14 31 3 l1d
7 34 4 l1d
12 53 3 l1d
30 14 8 l1d
3 17 2 l1d
8 54 1 l1d
19 58 4 l1d
22 30 4 l1d
30 21 0 l1d
21 10 5 l1d
18 26 5 l1d
