19 10 7 l1d
19 22 8 l1d
23 25 6 l1d
11 60 5 l1d
5 18 2 l1d
13 49 1 l1d
7 53 6 l1d
10 57 2 l1d
24 19 1 l1d
11 22 6 l1d
17 35 0 l1d
7 48 0 l1d
13 6 3 l1d
19 64 6 l1d
11 46 6 l1d
12 63 0 l1d
13 8 2 l1d
18 1 5 l1d
20 62 4 l1d
16 51 4 l1d
28 7 5 l1d
31 29 6 l1d
15 39 5 l1d
28 26 0 l1d
28 59 3 l1d
19 4 3 l1d
20 26 4 l1d
21 52 1 l1d
14 14 0 l1d
31 26 3 l1d
27 44 8 l1d
29 61 5 l1d
3 17 8 l1d
1 52 5 l1d
0 0 2 l1d
19 16 6 l1d
30 50 2 l1d
16 17 1 l1d
30 18 8 l1d
24 46 8 l1d
7 9 6 l1d
26 6 5 l1d
30 50 1 l1d
15 23 5 l1d
7 32 3 l1d
10 47 6 l1d
6 57 0 l1d
15 24 3 l1d
29 12 6 l1d
0 26 3 l1d
25 62 3 l1d
0 31 7 l1d
24 61 8 l1d
10 2 2 l1d
31 61 6 l1d
20 44 0 l1d
15 43 1 l1d
6 19 0 l1d
23 25 3 l1d
20 63 0 l1d
31 30 4 l1d
1 53 0 l1d
14 36 6 l1d
22 29 4 l1d
0 34 7 l1d
8 53 0 l1d
30 48 3 l1d
2 5 3 l1d
7 58 2 l1d
2 26 4 l1d
11 57 2 l1d
26 47 7 l1d
4 40 0 l1d
23 52 7 l1d
20 28 5 l1d
29 58 4 l1d
24 63 5 l1d
6 3 0 l1d
15 15 2 l1d
32 16 7 l1d
14 19 4 l1d
20 34 0 l1d
16 19 4 l1d
7 30 0 l1d
14 26 3 l1d
0 15 2 l1d
23 62 0 l1d
8 7 3 l1d
15 54 3 l1d
0 6 0 l1d
21 3 7 l1d
1 26 8 l1d
26 12 1 l1d
7 60 7 l1d
23 51 0 l1d
15 40 2 l1d
0 61 3 l1d
20 16 4 l1d
18 47 7 l1d
12 7 3 l1d
4 42 7 l1d
15 19 6 l1d
11 17 2 l1d
7 23 4 l1d
27 25 2 l1d
29 25 6 l1d
4 46 0 l1d
0 57 0 l1d
1 40 5 l1d
13 18 7 l1d
7 58 1 l1d
1 48 4 l1d
11 61 5 l1d
8 12 1 l1d
32 33 5 l1d
28 42 8 l1d
6 4 2 l1d
6 0 0 l1d
24 7 4 l1d
27 11 4 l1d
19 30 0 l1d
19 16 8 l1d
5 39 2 l1d
12 33 2 l1d
11 19 5 l1d
2 62 6 l1d
3 3 7 l1d
11 61 6 l1d
27 49 1 l1d
29 60 4 l1d
2 58 1 l1d
21 13 4 l1d
24 48 4 l1d
18 30 0 l1d
17 0 6 l1d
15 26 4 l1d
18 31 3 l1d
3 50 3 l1d
1 28 2 l1d
17 27 7 l1d
4 48 7 l1d
24 56 3 l1d
2 17 2 l1d
11 45 6 l1d
21 61 1 l1d
24 28 8 l1d
31 39 8 l1d
26 51 0 l1d
31 56 6 l1d
24 58 3 l1d
19 9 5 l1d
3 42 0 l1d
30 52 4 l1d
19 52 8 l1d
17 31 6 l1d
25 42 3 l1d
21 16 6 l1d
10 8 7 l1d
6 10 6 l1d
14 6 7 l1d
7 53 2 l1d
13 14 5 l1d
16 45 3 l1d
12 0 4 l1d
27 29 4 l1d
7 53 0 l1d
15 40 2 l1d
15 40 8 l1d
4 61 4 l1d
31 56 3 l1d
6 7 2 l1d
16 35 2 l1d
1 2 8 l1d
31 43 4 l1d
1 1 7 l1d
19 52 2 l1d
10 59 0 l1d
20 49 4 l1d
31 6 5 l1d
18 21 0 l1d
18 5 1 l1d
26 8 6 l1d
9 47 5 l1d
31 49 5 l1d
4 15 4 l1d
12 55 6 l1d
10 57 0 l1d
17 8 5 l1d
27 35 3 l1d
32 23 7 l1d
12 26 5 l1d
17 17 5 l1d
7 49 6 l1d
10 49 6 l1d
23 41 5 l1d
21 59 3 l1d
27 61 8 l1d
25 50 7 l1d
15 44 1 l1d
13 13 8 l1d
3 4 4 l1d
26 22 8 l1d
31 50 8 l1d
24 11 1 l1d
26 6 3 l1d
27 58 4 l1d
29 36 1 l1d
15 36 4 l1d
19 12 2 l1d
9 8 4 l1d
28 1 5 l1d
8 11 4 l1d
22 30 3 l1d
21 52 3 l1d
16 57 3 l1d
28 39 0 l1d
25 15 7 l1d
26 48 5 l1d
30 22 4 l1d
16 61 2 l1d
1 24 5 l1d
24 44 7 l1d
11 41 8 l1d
14 63 3 l1d
30 45 6 l1d
14 21 7 l1d
27 53 7 l1d
29 14 2 l1d
28 64 3 l1d
27 59 6 l1d
18 15 0 l1d
23 2 3 l1d
9 34 0 l1d
23 64 1 l1d
14 43 3 l1d
19 30 6 l1d
12 58 2 l1d
25 10 6 l1d
9 17 2 l1d
31 49 8 l1d
9 21 6 l1d
1 5 4 l1d
15 10 2 l1d
7 62 0 l1d
19 62 0 l1d
2 36 2 l1d
31 62 6 l1d
10 47 2 l1d
2 51 8 l1d
13 33 1 l1d
3 13 8 l1d
29 5 2 l1d
6 21 0 l1d
11 25 1 l1d
29 11 4 l1d
28 31 6 l1d
