6 62 1 l1d
12 54 6 l1d
5 2 4 l1d
14 0 6 l1d
7 44 8 l1d
14 15 2 l1d
1 14 4 l1d
2 35 7 l1d
2 30 6 l1d
21 41 3 l1d
31 63 7 l1d
0 50 3 l1d
30 44 1 l1d
11 33 2 l1d
31 49 7 l1d
28 8 3 l1d
23 49 5 l1d
7 5 0 l1d
8 2 8 l1d
9 35 2 l1d
8 60 5 l1d
4 46 4 l1d
30 27 5 l1d
26 64 4 l1d
1 5 0 l1d
12 36 6 l1d
11 52 6 l1d
30 21 1 l1d
19 4 7 l1d
4 52 2 l1d
20 17 6 l1d
10 23 6 l1d
29 56 6 l1d
16 20 6 l1d
25 20 0 l1d
4 13 4 l1d
5 18 5 l1d
31 46 5 l1d
29 49 0 l1d
12 22 2 l1d
29 44 7 l1d
25 63 5 l1d
11 12 4 l1d
11 52 5 l1d
8 15 1 l1d
11 51 6 l1d
15 40 4 l1d
17 9 1 l1d
16 39 1 l1d
28 17 0 l1d
32 63 1 l1d
28 41 1 l1d
20 64 8 l1d
2 37 4 l1d
7 20 5 l1d
2 28 7 l1d
29 17 6 l1d
11 26 5 l1d
19 52 1 l1d
26 19 4 l1d
32 29 0 l1d
18 31 0 l1d
0 53 7 l1d
9 45 2 l1d
16 46 0 l1d
14 29 5 l1d
17 64 5 l1d
28 42 7 l1d
3 60 0 l1d
30 31 5 l1d
22 32 6 l1d
9 17 4 l1d
30 20 7 l1d
27 2 5 l1d
19 6 3 l1d
6 17 5 l1d
11 20 4 l1d
4 8 1 l1d
15 35 5 l1d
8 29 6 l1d
26 62 2 l1d
16 58 2 l1d
7 40 7 l1d
4 59 6 l1d
24 30 2 l1d
12 58 4 l1d
15 41 7 l1d
8 36 1 l1d
24 8 1 l1d
30 36 7 l1d
25 32 7 l1d
2 63 4 l1d
13 61 4 l1d
8 49 4 l1d
21 20 3 l1d
19 54 5 l1d
28 14 1 l1d
11 10 8 l1d
15 7 6 l1d
17 46 8 l1d
15 5 8 l1d
32 44 5 l1d
29 47 7 l1d
4 47 6 l1d
27 15 7 l1d
17 4 6 l1d
30 5 5 l1d
3 27 8 l1d
8 20 4 l1d
16 8 4 l1d
3 37 3 l1d
25 41 3 l1d
30 20 0 l1d
31 52 4 l1d
14 35 4 l1d
0 21 5 l1d
11 27 3 l1d
23 34 7 l1d
