18 23 3 l1d
29 37 8 l1d
18 37 8 l1d
23 45 1 l1d
8 57 6 l1d
23 37 7 l1d
27 29 2 l1d
26 59 5 l1d
21 16 0 l1d
26 55 2 l1d
12 54 3 l1d
7 42 6 l1d
19 35 3 l1d
22 40 8 l1d
26 33 0 l1d
11 21 6 l1d
30 1 1 l1d
21 19 4 l1d
28 57 7 l1d
3 54 7 l1d
0 7 6 l1d
22 38 5 l1d
6 7 4 l1d
4 58 8 l1d
26 58 0 l1d
8 22 3 l1d
23 8 3 l1d
22 61 5 l1d
2 24 4 l1d
6 41 7 l1d
25 37 6 l1d
7 2 4 l1d
4 61 1 l1d
24 7 6 l1d
19 25 0 l1d
15 18 3 l1d
26 10 7 l1d
22 64 5 l1d
14 62 1 l1d
0 26 8 l1d
32 18 1 l1d
28 3 1 l1d
11 23 1 l1d
8 33 7 l1d
19 59 0 l1d
2 41 6 l1d
5 13 1 l1d
19 15 0 l1d
5 42 3 l1d
1 3 7 l1d
1 7 5 l1d
17 15 1 l1d
3 38 3 l1d
28 56 6 l1d
31 35 6 l1d
9 54 4 l1d
12 48 5 l1d
31 9 5 l1d
1 14 0 l1d
11 45 4 l1d
23 34 7 l1d
32 25 2 l1d
3 52 6 l1d
31 58 3 l1d
24 23 3 l1d
24 28 0 l1d
20 1 2 l1d
20 25 7 l1d
1 54 5 l1d
22 17 1 l1d
12 27 8 l1d
22 1 0 l1d
14 59 8 l1d
31 25 1 l1d
25 1 0 l1d
16 35 7 l1d
12 13 0 l1d
23 59 4 l1d
15 40 2 l1d
27 8 4 l1d
28 4 1 l1d
5 59 3 l1d
25 5 3 l1d
11 31 6 l1d
7 55 3 l1d
29 9 1 l1d
3 27 4 l1d
20 64 4 l1d
12 11 0 l1d
12 19 3 l1d
