25 19 5 l1d
12 30 0 l1d
13 37 6 l1d
26 16 8 l1d
25 20 8 l1d
5 15 5 l1d
20 28 4 l1d
3 53 4 l1d
4 24 2 l1d
9 6 2 l1d
23 56 3 l1d
8 4 0 l1d
32 17 5 l1d
28 8 5 l1d
28 59 3 l1d
28 37 1 l1d
15 10 8 l1d
19 29 0 l1d
1 14 7 l1d
30 13 7 l1d
6 62 0 l1d
3 5 4 l1d
10 48 6 l1d
31 39 8 l1d
26 60 3 l1d
15 29 7 l1d
6 23 0 l1d
4 37 7 l1d
1 6 3 l1d
31 14 5 l1d
15 4 8 l1d
1 41 1 l1d
11 34 0 l1d
24 34 3 l1d
20 24 2 l1d
26 33 2 l1d
0 32 0 l1d
0 32 2 l1d
14 50 5 l1d
21 62 2 l1d
19 35 5 l1d
32 48 2 l1d
19 10 0 l1d
25 29 0 l1d
4 19 2 l1d
25 29 2 l1d
