16 15 4 l1d
12 6 1 l1d
25 60 6 l1d
14 0 7 l1d
30 59 3 l1d
27 21 5 l1d
13 35 2 l1d
0 13 4 l1d
5 20 2 l1d
5 58 1 l1d
31 32 6 l1d
30 42 1 l1d
18 48 6 l1d
26 25 1 l1d
18 5 5 l1d
26 26 3 l1d
20 18 1 l1d
10 34 5 l1d
32 53 1 l1d
13 16 0 l1d
31 37 2 l1d
15 41 0 l1d
3 57 3 l1d
18 41 6 l1d
22 41 5 l1d
11 25 2 l1d
11 18 7 l1d
18 20 8 l1d
23 6 2 l1d
2 32 4 l1d
21 14 0 l1d
31 40 8 l1d
22 3 8 l1d
2 0 4 l1d
6 39 7 l1d
13 25 2 l1d
23 0 1 l1d
21 15 8 l1d
27 36 7 l1d
17 35 1 l1d
11 1 2 l1d
24 3 3 l1d
3 56 1 l1d
0 44 5 l1d
3 20 4 l1d
22 2 8 l1d
12 22 5 l1d
31 45 3 l1d
11 59 1 l1d
14 46 4 l1d
17 27 3 l1d
31 13 4 l1d
13 6 2 l1d
31 10 1 l1d
8 62 0 l1d
8 28 5 l1d
1 27 4 l1d
16 38 1 l1d
32 1 4 l1d
18 40 2 l1d
26 58 2 l1d
13 43 3 l1d
19 41 5 l1d
32 39 6 l1d
20 57 0 l1d
28 23 4 l1d
10 64 7 l1d
28 8 0 l1d
22 64 2 l1d
26 31 7 l1d
31 24 5 l1d
4 64 1 l1d
5 41 2 l1d
3 37 3 l1d
31 4 1 l1d
29 36 7 l1d
25 16 7 l1d
28 62 0 l1d
10 43 7 l1d
14 61 5 l1d
11 49 6 l1d
20 59 7 l1d
16 6 6 l1d
17 37 0 l1d
0 19 5 l1d
13 38 2 l1d
7 42 5 l1d
26 54 7 l1d
19 25 6 l1d
20 41 8 l1d
7 10 8 l1d
10 51 5 l1d
17 5 7 l1d
30 26 6 l1d
31 6 6 l1d
31 63 6 l1d
32 19 3 l1d
32 14 1 l1d
5 44 2 l1d
16 51 7 l1d
25 50 8 l1d
19 5 1 l1d
27 23 1 l1d
19 6 6 l1d
14 7 0 l1d
21 20 8 l1d
1 45 5 l1d
9 7 2 l1d
32 17 5 l1d
22 30 3 l1d
