22 60 5 l1d
18 10 3 l1d
26 35 8 l1d
26 23 3 l1d
18 58 4 l1d
15 57 1 l1d
27 17 3 l1d
2 57 1 l1d
9 55 8 l1d
1 2 8 l1d
25 9 0 l1d
14 61 2 l1d
9 24 4 l1d
10 29 3 l1d
27 12 6 l1d
16 41 3 l1d
8 24 4 l1d
30 39 4 l1d
6 25 3 l1d
10 17 3 l1d
19 64 6 l1d
20 18 2 l1d
23 45 8 l1d
3 28 0 l1d
17 36 3 l1d
5 20 8 l1d
26 10 7 l1d
30 18 3 l1d
29 27 2 l1d
23 28 7 l1d
2 12 5 l1d
0 8 0 l1d
9 56 4 l1d
7 59 7 l1d
25 40 1 l1d
15 47 2 l1d
10 10 4 l1d
3 45 2 l1d
0 58 5 l1d
11 26 1 l1d
6 14 7 l1d
15 64 2 l1d
8 37 7 l1d
29 34 7 l1d
29 38 2 l1d
31 54 8 l1d
21 31 2 l1d
12 23 3 l1d
29 0 4 l1d
1 46 1 l1d
13 20 3 l1d
26 28 4 l1d
28 48 4 l1d
13 44 6 l1d
5 58 8 l1d
19 30 2 l1d
16 56 0 l1d
30 41 6 l1d
13 41 8 l1d
8 37 1 l1d
1 2 8 l1d
13 3 4 l1d
18 46 4 l1d
32 60 0 l1d
15 51 0 l1d
4 55 5 l1d
16 32 0 l1d
32 17 6 l1d
19 4 8 l1d
2 35 7 l1d
4 41 5 l1d
21 22 1 l1d
32 53 4 l1d
31 43 4 l1d
5 44 6 l1d
25 58 0 l1d
18 36 0 l1d
5 4 8 l1d
8 27 2 l1d
2 62 5 l1d
18 7 7 l1d
14 56 6 l1d
2 23 7 l1d
20 62 4 l1d
19 26 0 l1d
7 19 8 l1d
14 41 1 l1d
24 18 3 l1d
25 10 5 l1d
23 15 0 l1d
3 12 1 l1d
18 18 3 l1d
13 34 1 l1d
3 10 7 l1d
11 14 7 l1d
17 40 1 l1d
26 59 6 l1d
12 52 1 l1d
12 22 4 l1d
12 52 7 l1d
31 23 8 l1d
21 38 0 l1d
29 39 1 l1d
7 61 3 l1d
14 11 7 l1d
4 43 5 l1d
11 38 2 l1d
6 6 0 l1d
14 61 1 l1d
32 17 5 l1d
0 56 5 l1d
27 57 6 l1d
