1 61 4 l1d
14 14 8 l1d
22 59 1 l1d
8 13 3 l1d
2 58 1 l1d
6 34 5 l1d
8 57 4 l1d
10 41 5 l1d
25 25 6 l1d
28 5 8 l1d
18 30 7 l1d
21 3 2 l1d
27 64 7 l1d
12 52 7 l1d
28 46 5 l1d
19 45 7 l1d
13 3 5 l1d
31 2 0 l1d
3 1 8 l1d
3 11 6 l1d
0 11 4 l1d
8 27 6 l1d
30 5 0 l1d
28 28 8 l1d
25 47 6 l1d
9 37 2 l1d
14 53 4 l1d
24 37 1 l1d
25 12 8 l1d
2 48 0 l1d
5 64 4 l1d
6 55 5 l1d
32 40 2 l1d
23 2 3 l1d
2 57 6 l1d
10 62 5 l1d
24 27 8 l1d
31 14 1 l1d
26 26 5 l1d
17 7 7 l1d
28 33 0 l1d
6 41 2 l1d
23 43 8 l1d
19 31 1 l1d
24 61 8 l1d
1 7 7 l1d
29 58 1 l1d
15 3 5 l1d
16 24 6 l1d
27 58 8 l1d
3 25 1 l1d
29 3 8 l1d
24 5 3 l1d
0 20 6 l1d
24 43 0 l1d
3 1 5 l1d
4 22 1 l1d
5 34 4 l1d
13 26 8 l1d
28 34 4 l1d
26 5 3 l1d
27 35 0 l1d
14 28 0 l1d
20 41 5 l1d
6 61 1 l1d
30 61 3 l1d
15 19 4 l1d
7 51 1 l1d
7 10 5 l1d
11 15 4 l1d
18 23 3 l1d
11 48 1 l1d
