1 39 3 l1d
30 0 5 l1d
6 3 1 l1d
30 31 2 l1d
15 32 8 l1d
27 31 1 l1d
22 26 7 l1d
12 16 8 l1d
25 21 1 l1d
30 40 5 l1d
3 22 1 l1d
9 54 0 l1d
23 24 3 l1d
16 46 8 l1d
10 25 8 l1d
4 13 2 l1d
29 22 4 l1d
12 45 7 l1d
15 19 8 l1d
19 61 6 l1d
13 19 0 l1d
16 35 4 l1d
27 49 5 l1d
1 3 0 l1d
8 18 1 l1d
25 26 0 l1d
32 12 8 l1d
3 9 1 l1d
4 15 6 l1d
31 44 7 l1d
8 60 7 l1d
31 27 0 l1d
0 9 3 l1d
0 26 3 l1d
9 39 6 l1d
2 9 1 l1d
10 44 7 l1d
5 53 1 l1d
13 32 2 l1d
14 51 1 l1d
31 27 0 l1d
17 45 8 l1d
15 3 4 l1d
29 30 4 l1d
12 37 0 l1d
9 49 4 l1d
26 16 3 l1d
12 31 2 l1d
18 61 8 l1d
27 23 3 l1d
22 63 5 l1d
18 31 7 l1d
19 1 6 l1d
30 15 2 l1d
3 54 1 l1d
18 31 2 l1d
25 44 4 l1d
21 4 5 l1d
11 10 2 l1d
27 21 4 l1d
32 13 5 l1d
0 35 0 l1d
31 1 6 l1d
16 40 2 l1d
29 25 1 l1d
0 42 2 l1d
2 34 3 l1d
26 2 7 l1d
31 61 0 l1d
31 39 2 l1d
19 40 5 l1d
11 62 0 l1d
10 1 2 l1d
13 32 4 l1d
0 40 1 l1d
23 25 0 l1d
4 59 3 l1d
16 64 5 l1d
32 33 7 l1d
23 50 7 l1d
24 60 2 l1d
28 25 5 l1d
32 46 0 l1d
18 22 6 l1d
29 63 2 l1d
10 32 1 l1d
16 10 4 l1d
6 55 8 l1d
2 29 2 l1d
4 5 0 l1d
8 27 3 l1d
11 44 7 l1d
