13 61 6 l1d
23 26 7 l1d
25 19 8 l1d
24 23 8 l1d
12 14 6 l1d
18 25 2 l1d
22 52 3 l1d
21 39 5 l1d
24 13 4 l1d
25 55 6 l1d
31 13 8 l1d
6 8 3 l1d
7 14 7 l1d
4 47 8 l1d
25 51 8 l1d
28 2 7 l1d
19 47 5 l1d
30 59 6 l1d
4 16 2 l1d
28 13 4 l1d
13 27 7 l1d
31 27 5 l1d
17 54 8 l1d
3 19 7 l1d
31 19 0 l1d
21 12 0 l1d
25 5 8 l1d
13 0 4 l1d
4 32 2 l1d
10 6 1 l1d
32 34 8 l1d
32 45 2 l1d
24 11 3 l1d
18 7 4 l1d
30 30 4 l1d
18 20 6 l1d
10 58 3 l1d
16 8 2 l1d
28 15 6 l1d
16 18 3 l1d
3 58 8 l1d
3 62 3 l1d
10 18 0 l1d
27 13 2 l1d
27 59 3 l1d
1 32 0 l1d
6 0 2 l1d
6 57 0 l1d
8 8 5 l1d
11 36 4 l1d
8 64 5 l1d
23 9 0 l1d
29 29 5 l1d
2 35 7 l1d
21 12 4 l1d
21 52 2 l1d
24 23 0 l1d
3 60 5 l1d
25 25 7 l1d
28 47 1 l1d
8 34 6 l1d
8 59 3 l1d
18 23 8 l1d
28 4 1 l1d
19 10 8 l1d
29 17 7 l1d
9 34 2 l1d
22 49 8 l1d
31 5 3 l1d
28 57 4 l1d
28 17 5 l1d
7 40 8 l1d
18 5 3 l1d
9 53 7 l1d
28 13 8 l1d
17 6 0 l1d
15 5 6 l1d
4 53 4 l1d
