0 30 4 l1d
25 14 6 l1d
22 2 5 l1d
13 14 5 l1d
15 15 1 l1d
20 5 2 l1d
23 33 7 l1d
26 4 5 l1d
32 63 8 l1d
17 42 5 l1d
2 37 1 l1d
19 48 5 l1d
19 53 1 l1d
30 10 1 l1d
23 31 2 l1d
32 51 0 l1d
29 58 3 l1d
14 40 5 l1d
15 0 0 l1d
22 31 0 l1d
6 7 8 l1d
8 5 8 l1d
9 39 1 l1d
31 46 5 l1d
11 51 0 l1d
23 49 6 l1d
28 64 5 l1d
11 8 7 l1d
15 19 1 l1d
3 16 5 l1d
29 34 0 l1d
2 11 2 l1d
11 24 6 l1d
24 3 4 l1d
4 61 8 l1d
0 28 1 l1d
26 26 2 l1d
26 58 7 l1d
14 14 1 l1d
6 40 7 l1d
17 10 3 l1d
17 11 1 l1d
21 4 6 l1d
30 1 8 l1d
