13 52 7 l1d
15 39 1 l1d
0 7 5 l1d
20 53 6 l1d
0 19 8 l1d
29 63 6 l1d
29 44 2 l1d
30 43 3 l1d
10 46 2 l1d
14 18 2 l1d
21 34 3 l1d
24 32 6 l1d
31 17 6 l1d
12 25 0 l1d
16 17 4 l1d
23 11 5 l1d
15 33 1 l1d
7 5 1 l1d
18 0 3 l1d
11 10 4 l1d
21 23 0 l1d
31 45 7 l1d
32 57 6 l1d
9 42 7 l1d
0 11 1 l1d
11 9 5 l1d
3 27 7 l1d
22 4 7 l1d
29 28 7 l1d
31 28 4 l1d
1 15 8 l1d
8 17 2 l1d
22 3 4 l1d
8 10 4 l1d
9 51 0 l1d
10 13 6 l1d
7 25 5 l1d
16 8 4 l1d
24 12 3 l1d
6 9 1 l1d
32 52 7 l1d
10 32 1 l1d
11 40 5 l1d
14 36 5 l1d
13 40 7 l1d
4 8 4 l1d
8 38 0 l1d
0 59 1 l1d
5 29 1 l1d
20 6 8 l1d
14 2 4 l1d
12 35 3 l1d
23 29 3 l1d
29 61 6 l1d
5 64 3 l1d
24 37 1 l1d
0 58 1 l1d
24 27 0 l1d
5 2 0 l1d
31 18 4 l1d
