20 32 5 l1d
32 8 0 l1d
29 29 4 l1d
0 11 5 l1d
0 48 6 l1d
0 64 3 l1d
14 22 7 l1d
0 19 3 l1d
26 27 0 l1d
17 47 1 l1d
18 33 5 l1d
24 62 3 l1d
26 35 3 l1d
3 51 4 l1d
20 34 5 l1d
2 31 0 l1d
6 57 6 l1d
22 33 5 l1d
6 44 2 l1d
15 25 1 l1d
0 34 8 l1d
23 53 3 l1d
24 5 6 l1d
5 10 7 l1d
7 5 1 l1d
8 61 0 l1d
0 25 5 l1d
20 24 7 l1d
2 23 8 l1d
7 49 3 l1d
11 50 7 l1d
14 38 7 l1d
3 32 8 l1d
1 37 3 l1d
27 33 4 l1d
27 8 0 l1d
6 28 7 l1d
1 62 5 l1d
31 5 0 l1d
7 41 7 l1d
31 52 8 l1d
0 47 1 l1d
3 12 8 l1d
31 23 7 l1d
29 25 4 l1d
26 42 3 l1d
13 50 2 l1d
19 23 8 l1d
13 54 6 l1d
29 16 8 l1d
29 55 1 l1d
11 34 5 l1d
20 43 1 l1d
7 32 5 l1d
25 27 2 l1d
23 29 7 l1d
18 5 8 l1d
25 54 0 l1d
8 56 1 l1d
23 51 3 l1d
25 42 0 l1d
25 36 3 l1d
20 23 7 l1d
30 47 3 l1d
6 6 4 l1d
0 21 8 l1d
8 63 8 l1d
24 5 4 l1d
4 27 2 l1d
32 32 7 l1d
2 4 6 l1d
5 7 8 l1d
23 51 7 l1d
2 57 5 l1d
31 39 6 l1d
29 56 4 l1d
3 56 6 l1d
31 50 2 l1d
9 53 0 l1d
9 19 2 l1d
7 7 3 l1d
9 4 1 l1d
5 53 2 l1d
7 59 1 l1d
32 24 4 l1d
21 28 7 l1d
7 49 3 l1d
20 38 4 l1d
