19 19 8 l1d
23 61 1 l1d
9 38 7 l1d
21 22 3 l1d
17 2 1 l1d
0 60 4 l1d
2 27 1 l1d
8 45 6 l1d
24 44 4 l1d
26 35 8 l1d
32 31 5 l1d
14 42 7 l1d
23 57 4 l1d
30 30 3 l1d
27 0 8 l1d
4 43 6 l1d
18 53 1 l1d
7 9 6 l1d
15 42 3 l1d
1 24 0 l1d
0 28 4 l1d
2 19 2 l1d
27 25 3 l1d
32 10 4 l1d
21 40 8 l1d
0 47 0 l1d
3 11 3 l1d
12 16 4 l1d
15 24 7 l1d
21 12 2 l1d
19 31 0 l1d
3 40 1 l1d
19 11 0 l1d
29 37 3 l1d
1 43 0 l1d
30 7 1 l1d
19 55 4 l1d
16 1 0 l1d
17 52 3 l1d
23 25 2 l1d
8 6 5 l1d
20 12 1 l1d
27 60 2 l1d
25 15 7 l1d
24 45 6 l1d
27 45 0 l1d
11 21 1 l1d
2 62 3 l1d
27 49 3 l1d
32 6 3 l1d
