2 12 2 l1d
3 19 0 l1d
6 29 2 l1d
24 19 4 l1d
16 37 7 l1d
6 55 2 l1d
1 64 7 l1d
14 22 5 l1d
11 45 6 l1d
16 47 5 l1d
21 58 0 l1d
12 61 8 l1d
31 58 8 l1d
32 15 0 l1d
24 22 7 l1d
29 13 1 l1d
22 43 7 l1d
0 20 6 l1d
21 32 3 l1d
24 63 0 l1d
30 28 2 l1d
24 15 5 l1d
8 64 2 l1d
0 10 1 l1d
7 63 7 l1d
20 22 5 l1d
23 23 0 l1d
3 52 4 l1d
11 17 4 l1d
24 50 2 l1d
19 9 8 l1d
16 45 0 l1d
21 42 2 l1d
22 45 6 l1d
23 48 7 l1d
24 30 1 l1d
3 23 0 l1d
30 19 4 l1d
29 14 0 l1d
13 45 5 l1d
23 14 5 l1d
18 51 5 l1d
12 32 1 l1d
23 56 6 l1d
15 9 0 l1d
26 16 6 l1d
32 64 6 l1d
10 52 8 l1d
3 22 7 l1d
22 10 5 l1d
19 41 4 l1d
18 19 3 l1d
0 24 5 l1d
15 16 6 l1d
30 6 5 l1d
16 19 5 l1d
10 17 3 l1d
22 26 3 l1d
3 49 5 l1d
8 42 6 l1d
4 57 6 l1d
12 14 3 l1d
29 33 8 l1d
1 28 6 l1d
17 8 8 l1d
8 12 5 l1d
19 51 0 l1d
7 38 1 l1d
32 0 7 l1d
20 19 6 l1d
32 5 5 l1d
32 12 7 l1d
31 12 1 l1d
2 2 6 l1d
4 63 5 l1d
11 36 0 l1d
5 16 1 l1d
31 30 8 l1d
8 15 4 l1d
4 55 2 l1d
20 14 3 l1d
15 61 0 l1d
11 60 5 l1d
15 0 8 l1d
0 14 2 l1d
8 47 4 l1d
7 27 2 l1d
21 31 7 l1d
22 56 4 l1d
24 22 3 l1d
3 23 8 l1d
9 58 8 l1d
2 19 6 l1d
16 25 3 l1d
7 40 8 l1d
23 59 8 l1d
1 55 5 l1d
20 55 1 l1d
