11 25 6 l1d
32 38 6 l1d
28 40 2 l1d
32 28 5 l1d
15 41 3 l1d
0 51 4 l1d
4 34 8 l1d
11 25 3 l1d
12 21 0 l1d
22 50 2 l1d
9 27 5 l1d
19 35 0 l1d
31 58 8 l1d
6 0 7 l1d
24 28 6 l1d
12 12 4 l1d
10 12 6 l1d
21 31 4 l1d
24 23 5 l1d
2 52 3 l1d
6 20 5 l1d
30 56 0 l1d
16 13 5 l1d
13 17 0 l1d
6 24 0 l1d
23 17 2 l1d
10 10 2 l1d
14 14 8 l1d
25 12 3 l1d
16 60 2 l1d
2 6 3 l1d
21 36 5 l1d
27 15 0 l1d
27 39 5 l1d
32 53 3 l1d
22 18 0 l1d
27 42 4 l1d
0 13 5 l1d
4 21 5 l1d
19 35 4 l1d
14 13 0 l1d
11 21 4 l1d
4 0 5 l1d
20 12 6 l1d
26 10 6 l1d
20 33 5 l1d
28 25 6 l1d
18 47 6 l1d
29 27 3 l1d
22 16 5 l1d
28 23 1 l1d
23 47 1 l1d
15 18 7 l1d
6 35 1 l1d
1 56 5 l1d
19 28 0 l1d
3 3 5 l1d
25 24 6 l1d
14 9 0 l1d
27 4 5 l1d
1 11 2 l1d
22 39 3 l1d
20 27 8 l1d
9 11 7 l1d
5 36 1 l1d
9 51 3 l1d
14 18 7 l1d
26 11 3 l1d
2 51 8 l1d
1 10 5 l1d
25 31 7 l1d
17 53 5 l1d
8 10 0 l1d
10 59 7 l1d
6 38 4 l1d
26 24 1 l1d
29 44 5 l1d
18 33 0 l1d
1 33 4 l1d
5 24 4 l1d
23 22 1 l1d
1 28 2 l1d
24 59 0 l1d
23 26 3 l1d
18 0 4 l1d
0 47 3 l1d
30 19 4 l1d
30 34 8 l1d
13 20 5 l1d
11 57 6 l1d
25 37 4 l1d
18 15 7 l1d
21 6 3 l1d
11 27 7 l1d
20 56 6 l1d
28 43 0 l1d
28 3 1 l1d
8 19 3 l1d
8 9 2 l1d
9 57 1 l1d
30 37 8 l1d
31 20 0 l1d
2 50 1 l1d
17 46 6 l1d
5 62 3 l1d
32 63 7 l1d
0 0 8 l1d
12 26 3 l1d
12 37 8 l1d
14 27 5 l1d
10 16 3 l1d
32 25 7 l1d
22 21 4 l1d
22 54 1 l1d
25 17 5 l1d
7 29 3 l1d
17 30 1 l1d
16 29 1 l1d
17 23 5 l1d
17 22 8 l1d
28 32 5 l1d
24 61 1 l1d
23 12 5 l1d
20 26 8 l1d
22 43 4 l1d
17 21 7 l1d
16 54 5 l1d
28 30 4 l1d
9 36 6 l1d
20 6 5 l1d
11 43 8 l1d
20 41 5 l1d
24 54 5 l1d
21 42 6 l1d
16 63 5 l1d
7 33 2 l1d
14 10 7 l1d
32 63 6 l1d
27 3 2 l1d
20 47 2 l1d
18 40 5 l1d
13 13 5 l1d
17 35 7 l1d
16 35 5 l1d
30 14 0 l1d
32 61 6 l1d
24 63 3 l1d
11 46 6 l1d
27 19 2 l1d
21 63 7 l1d
13 28 4 l1d
7 39 8 l1d
22 14 5 l1d
20 25 0 l1d
1 61 3 l1d
21 32 5 l1d
3 47 5 l1d
8 59 5 l1d
11 60 2 l1d
3 58 8 l1d
24 49 6 l1d
17 28 6 l1d
0 44 6 l1d
17 28 4 l1d
29 24 2 l1d
14 20 7 l1d
0 49 8 l1d
17 51 6 l1d
1 31 3 l1d
19 10 1 l1d
21 50 6 l1d
18 45 8 l1d
1 58 0 l1d
8 13 6 l1d
5 40 4 l1d
25 61 6 l1d
16 2 4 l1d
2 55 5 l1d
0 62 2 l1d
7 48 8 l1d
2 38 1 l1d
7 56 6 l1d
18 55 8 l1d
26 52 8 l1d
26 40 1 l1d
15 15 2 l1d
3 37 0 l1d
8 50 7 l1d
2 49 7 l1d
3 6 6 l1d
6 50 0 l1d
29 35 0 l1d
11 37 3 l1d
6 42 1 l1d
28 14 2 l1d
30 31 0 l1d
19 19 2 l1d
22 27 4 l1d
11 63 6 l1d
4 43 1 l1d
31 54 6 l1d
27 29 1 l1d
6 22 4 l1d
32 12 7 l1d
17 38 4 l1d
14 37 7 l1d
31 26 7 l1d
13 32 5 l1d
11 54 1 l1d
13 16 8 l1d
14 3 7 l1d
30 59 6 l1d
24 15 6 l1d
28 0 5 l1d
28 36 8 l1d
29 56 6 l1d
8 18 5 l1d
3 35 6 l1d
28 47 4 l1d
5 19 7 l1d
0 51 1 l1d
13 36 6 l1d
24 5 3 l1d
14 48 6 l1d
7 52 4 l1d
2 0 7 l1d
16 38 2 l1d
4 38 4 l1d
28 13 8 l1d
6 8 1 l1d
8 43 8 l1d
23 17 4 l1d
3 31 5 l1d
25 12 8 l1d
3 64 7 l1d
12 16 7 l1d
11 4 1 l1d
29 51 3 l1d
19 32 3 l1d
28 50 1 l1d
26 5 7 l1d
2 60 8 l1d
21 52 6 l1d
10 37 6 l1d
5 58 7 l1d
16 7 5 l1d
4 49 5 l1d
14 0 1 l1d
26 63 3 l1d
29 8 5 l1d
29 28 1 l1d
19 24 4 l1d
17 48 1 l1d
11 9 5 l1d
23 10 8 l1d
5 61 2 l1d
1 28 5 l1d
13 29 1 l1d
15 51 0 l1d
26 12 2 l1d
19 20 1 l1d
11 43 1 l1d
16 18 4 l1d
11 63 1 l1d
15 33 3 l1d
2 40 4 l1d
26 33 5 l1d
24 33 7 l1d
3 4 6 l1d
20 52 1 l1d
13 8 1 l1d
16 32 2 l1d
29 29 8 l1d
31 7 7 l1d
30 25 7 l1d
7 38 2 l1d
2 64 1 l1d
17 22 4 l1d
19 16 8 l1d
21 29 3 l1d
25 56 2 l1d
18 26 5 l1d
11 7 2 l1d
7 15 1 l1d
17 22 6 l1d
17 5 1 l1d
7 43 6 l1d
9 58 6 l1d
23 31 2 l1d
8 41 6 l1d
20 24 0 l1d
0 37 3 l1d
13 54 0 l1d
32 63 2 l1d
18 55 6 l1d
19 3 3 l1d
20 28 6 l1d
30 7 6 l1d
13 59 6 l1d
0 6 1 l1d
13 16 0 l1d
32 61 2 l1d
12 8 2 l1d
27 9 7 l1d
19 23 7 l1d
1 48 6 l1d
31 51 5 l1d
9 42 0 l1d
0 31 7 l1d
32 2 5 l1d
8 47 4 l1d
20 34 8 l1d
17 31 1 l1d
23 2 8 l1d
10 63 6 l1d
6 14 0 l1d
8 23 8 l1d
25 48 6 l1d
3 3 6 l1d
15 18 3 l1d
26 13 0 l1d
10 52 6 l1d
9 47 6 l1d
6 58 1 l1d
17 5 4 l1d
20 37 6 l1d
14 19 0 l1d
23 0 6 l1d
12 8 2 l1d
19 16 3 l1d
30 38 2 l1d
1 64 7 l1d
3 18 2 l1d
8 22 7 l1d
12 27 6 l1d
6 29 6 l1d
8 62 8 l1d
13 22 6 l1d
16 39 4 l1d
31 43 2 l1d
17 52 5 l1d
1 3 0 l1d
0 33 0 l1d
25 42 4 l1d
28 50 8 l1d
9 63 4 l1d
8 8 8 l1d
27 3 6 l1d
25 62 5 l1d
19 14 4 l1d
20 60 5 l1d
25 60 2 l1d
21 4 6 l1d
9 49 1 l1d
31 53 0 l1d
20 39 7 l1d
21 64 7 l1d
4 32 0 l1d
6 6 0 l1d
17 40 5 l1d
20 3 6 l1d
0 59 4 l1d
2 28 3 l1d
28 12 5 l1d
2 10 3 l1d
28 25 5 l1d
2 63 0 l1d
5 47 4 l1d
9 52 0 l1d
21 28 5 l1d
31 22 6 l1d
31 23 0 l1d
19 30 6 l1d
12 51 0 l1d
26 62 4 l1d
6 49 1 l1d
7 10 8 l1d
21 47 4 l1d
10 63 0 l1d
16 11 4 l1d
4 39 0 l1d
21 63 3 l1d
1 59 5 l1d
23 33 8 l1d
24 15 6 l1d
7 13 6 l1d
