13 50 5 l1d
21 5 0 l1d
14 30 1 l1d
17 63 4 l1d
24 14 8 l1d
27 52 5 l1d
18 51 8 l1d
22 60 5 l1d
29 30 5 l1d
1 34 3 l1d
3 17 1 l1d
5 8 0 l1d
23 64 5 l1d
32 43 4 l1d
8 17 5 l1d
11 53 7 l1d
31 54 6 l1d
24 12 8 l1d
1 48 1 l1d
23 61 5 l1d
27 44 1 l1d
28 51 8 l1d
22 38 2 l1d
31 36 0 l1d
0 52 3 l1d
15 29 4 l1d
24 14 7 l1d
26 33 8 l1d
28 39 2 l1d
5 48 3 l1d
6 4 8 l1d
14 48 3 l1d
19 48 4 l1d
15 53 5 l1d
8 18 2 l1d
21 56 5 l1d
5 24 5 l1d
10 23 7 l1d
2 1 8 l1d
10 10 1 l1d
8 45 5 l1d
11 11 6 l1d
11 43 7 l1d
9 3 4 l1d
20 53 8 l1d
4 47 6 l1d
0 26 2 l1d
29 60 1 l1d
12 24 7 l1d
9 8 7 l1d
19 16 2 l1d
15 42 8 l1d
6 16 5 l1d
14 14 7 l1d
16 8 7 l1d
28 56 5 l1d
4 32 4 l1d
29 6 3 l1d
9 57 4 l1d
30 55 7 l1d
27 51 4 l1d
19 48 5 l1d
15 61 6 l1d
12 61 2 l1d
19 59 7 l1d
32 1 1 l1d
6 62 2 l1d
2 41 2 l1d
4 15 4 l1d
25 8 8 l1d
27 54 7 l1d
12 57 6 l1d
17 4 6 l1d
23 28 1 l1d
23 42 7 l1d
23 45 2 l1d
13 49 1 l1d
19 26 8 l1d
18 64 5 l1d
18 10 3 l1d
23 19 7 l1d
19 59 5 l1d
6 27 1 l1d
18 19 2 l1d
27 3 0 l1d
29 12 5 l1d
24 2 5 l1d
2 10 7 l1d
10 6 2 l1d
18 47 7 l1d
28 21 5 l1d
14 14 3 l1d
9 62 3 l1d
24 14 6 l1d
25 19 2 l1d
28 40 4 l1d
19 59 1 l1d
28 48 0 l1d
22 17 0 l1d
23 49 6 l1d
20 16 1 l1d
11 25 3 l1d
5 2 4 l1d
25 62 5 l1d
30 49 4 l1d
23 39 7 l1d
31 41 1 l1d
18 54 6 l1d
22 48 2 l1d
18 55 3 l1d
2 53 3 l1d
6 29 6 l1d
30 47 0 l1d
0 29 0 l1d
28 59 7 l1d
8 16 6 l1d
32 3 3 l1d
24 63 7 l1d
17 5 8 l1d
2 50 6 l1d
23 12 6 l1d
22 12 4 l1d
31 57 2 l1d
9 56 8 l1d
14 32 6 l1d
26 4 4 l1d
19 50 3 l1d
10 17 1 l1d
7 7 2 l1d
27 7 3 l1d
0 17 4 l1d
21 62 7 l1d
20 42 7 l1d
15 49 1 l1d
5 11 8 l1d
28 0 0 l1d
26 6 6 l1d
4 34 5 l1d
21 3 1 l1d
15 53 7 l1d
14 59 7 l1d
4 30 8 l1d
8 23 6 l1d
12 44 3 l1d
20 50 5 l1d
3 28 3 l1d
13 15 4 l1d
26 43 4 l1d
13 21 1 l1d
24 3 7 l1d
10 61 8 l1d
12 27 0 l1d
29 34 4 l1d
23 41 6 l1d
3 17 8 l1d
2 59 0 l1d
18 64 2 l1d
16 5 6 l1d
9 55 7 l1d
30 44 2 l1d
