9 47 4 l1d
6 34 1 l1d
9 18 1 l1d
2 31 4 l1d
31 55 4 l1d
26 2 0 l1d
16 1 7 l1d
27 8 5 l1d
16 11 6 l1d
1 22 2 l1d
20 42 2 l1d
4 60 7 l1d
3 33 5 l1d
31 32 4 l1d
9 32 4 l1d
0 23 0 l1d
3 49 8 l1d
9 4 6 l1d
22 17 7 l1d
28 61 5 l1d
4 15 1 l1d
15 56 0 l1d
23 20 3 l1d
8 13 7 l1d
14 56 0 l1d
15 33 7 l1d
18 25 0 l1d
15 55 2 l1d
9 23 2 l1d
18 18 1 l1d
13 25 5 l1d
5 13 4 l1d
17 60 2 l1d
15 63 0 l1d
13 33 5 l1d
27 52 7 l1d
26 14 8 l1d
24 3 5 l1d
25 21 0 l1d
31 13 3 l1d
32 17 6 l1d
1 61 2 l1d
16 62 8 l1d
21 49 0 l1d
26 59 7 l1d
32 62 7 l1d
22 24 6 l1d
18 40 0 l1d
30 15 3 l1d
11 25 8 l1d
21 1 1 l1d
18 18 4 l1d
0 10 5 l1d
23 3 1 l1d
