1 10 2 l1d
32 17 3 l1d
11 31 5 l1d
32 37 4 l1d
12 5 7 l1d
11 15 0 l1d
8 10 6 l1d
25 41 5 l1d
4 24 1 l1d
16 47 6 l1d
23 61 6 l1d
10 32 4 l1d
18 10 1 l1d
4 24 3 l1d
12 20 2 l1d
11 36 1 l1d
2 58 6 l1d
3 16 4 l1d
31 20 0 l1d
16 31 7 l1d
23 29 5 l1d
19 47 6 l1d
3 48 7 l1d
26 47 3 l1d
28 26 1 l1d
27 25 1 l1d
19 12 3 l1d
28 44 0 l1d
12 35 1 l1d
15 17 3 l1d
0 53 0 l1d
32 40 2 l1d
12 61 1 l1d
1 18 0 l1d
0 19 6 l1d
25 58 7 l1d
5 44 4 l1d
31 46 4 l1d
25 55 3 l1d
5 40 2 l1d
10 20 3 l1d
25 40 5 l1d
11 58 8 l1d
29 44 5 l1d
15 48 7 l1d
9 10 0 l1d
14 17 6 l1d
18 27 7 l1d
