10 36 1 l1d
14 54 2 l1d
7 10 8 l1d
26 22 8 l1d
9 62 1 l1d
8 42 6 l1d
22 38 5 l1d
11 21 3 l1d
7 10 8 l1d
12 25 8 l1d
11 14 7 l1d
13 60 6 l1d
17 52 2 l1d
18 36 4 l1d
25 64 8 l1d
15 1 7 l1d
23 39 6 l1d
0 30 2 l1d
26 30 1 l1d
31 26 5 l1d
20 6 1 l1d
7 18 8 l1d
16 0 1 l1d
20 57 6 l1d
0 2 7 l1d
25 41 8 l1d
16 13 4 l1d
19 18 3 l1d
21 46 8 l1d
14 28 3 l1d
15 40 5 l1d
10 33 7 l1d
19 64 5 l1d
19 33 5 l1d
7 27 7 l1d
12 0 1 l1d
8 14 6 l1d
14 50 0 l1d
17 31 2 l1d
31 6 4 l1d
14 16 7 l1d
7 13 7 l1d
7 41 1 l1d
3 6 4 l1d
18 11 5 l1d
18 31 4 l1d
16 32 4 l1d
30 58 8 l1d
0 3 3 l1d
32 59 7 l1d
10 9 7 l1d
18 25 4 l1d
21 32 4 l1d
32 10 3 l1d
30 17 1 l1d
11 64 4 l1d
