0 58 7 l1d
24 33 1 l1d
12 19 6 l1d
10 42 5 l1d
3 17 8 l1d
31 46 5 l1d
12 62 6 l1d
20 35 0 l1d
2 38 8 l1d
26 26 0 l1d
2 53 1 l1d
17 51 0 l1d
10 21 8 l1d
28 21 6 l1d
10 39 0 l1d
12 35 0 l1d
14 2 0 l1d
31 46 4 l1d
8 49 7 l1d
4 58 1 l1d
31 16 6 l1d
25 37 6 l1d
25 38 8 l1d
6 37 7 l1d
12 45 2 l1d
26 22 6 l1d
24 28 3 l1d
1 31 3 l1d
21 29 4 l1d
32 15 1 l1d
27 5 6 l1d
5 12 6 l1d
20 38 1 l1d
26 3 2 l1d
7 34 0 l1d
28 56 8 l1d
4 58 2 l1d
31 57 5 l1d
32 34 3 l1d
15 25 0 l1d
1 6 5 l1d
31 36 6 l1d
3 45 2 l1d
28 51 8 l1d
27 40 1 l1d
12 59 7 l1d
29 17 4 l1d
5 29 4 l1d
30 8 7 l1d
10 2 3 l1d
9 62 2 l1d
5 28 0 l1d
24 2 5 l1d
7 39 2 l1d
25 16 0 l1d
21 7 7 l1d
2 64 2 l1d
2 43 8 l1d
18 1 8 l1d
29 29 5 l1d
5 50 4 l1d
27 35 5 l1d
29 17 3 l1d
4 3 4 l1d
31 14 8 l1d
13 3 5 l1d
6 39 3 l1d
13 59 6 l1d
4 28 5 l1d
13 40 1 l1d
24 47 7 l1d
21 62 3 l1d
22 44 5 l1d
4 8 7 l1d
9 50 1 l1d
18 59 7 l1d
20 24 0 l1d
0 8 5 l1d
20 3 1 l1d
23 63 2 l1d
32 45 0 l1d
28 16 2 l1d
21 62 0 l1d
27 2 5 l1d
8 19 0 l1d
4 11 7 l1d
25 21 4 l1d
13 48 6 l1d
27 34 4 l1d
21 20 2 l1d
14 8 6 l1d
14 43 5 l1d
29 39 5 l1d
10 17 7 l1d
3 62 5 l1d
30 60 0 l1d
25 54 5 l1d
7 26 6 l1d
16 0 1 l1d
20 5 0 l1d
5 63 0 l1d
28 20 2 l1d
29 19 8 l1d
20 28 1 l1d
0 2 3 l1d
25 33 6 l1d
4 27 2 l1d
25 51 6 l1d
11 18 8 l1d
2 61 2 l1d
17 17 5 l1d
29 35 8 l1d
14 5 2 l1d
11 4 2 l1d
21 56 6 l1d
9 1 5 l1d
30 44 5 l1d
17 27 3 l1d
