25 0 3 l1d
1 29 4 l1d
28 6 2 l1d
2 29 4 l1d
14 32 8 l1d
3 51 4 l1d
14 14 5 l1d
3 24 2 l1d
11 37 6 l1d
9 41 7 l1d
4 3 8 l1d
5 38 6 l1d
5 24 7 l1d
22 39 1 l1d
23 36 5 l1d
16 42 4 l1d
5 44 8 l1d
9 34 6 l1d
32 30 7 l1d
13 31 3 l1d
8 27 7 l1d
18 47 0 l1d
19 12 8 l1d
27 64 7 l1d
5 16 8 l1d
24 20 8 l1d
21 32 3 l1d
0 25 3 l1d
29 64 0 l1d
8 57 2 l1d
22 10 4 l1d
30 14 8 l1d
14 12 3 l1d
26 63 0 l1d
27 62 2 l1d
15 3 6 l1d
16 51 3 l1d
6 63 3 l1d
15 14 5 l1d
9 47 2 l1d
20 21 6 l1d
29 45 2 l1d
18 10 7 l1d
15 48 3 l1d
18 38 5 l1d
2 4 6 l1d
11 5 5 l1d
2 45 0 l1d
16 5 8 l1d
1 1 8 l1d
24 11 0 l1d
11 34 6 l1d
