13 48 2 l1d
25 55 3 l1d
5 9 0 l1d
8 60 1 l1d
8 14 0 l1d
23 30 0 l1d
30 52 5 l1d
11 55 1 l1d
27 38 8 l1d
10 12 7 l1d
14 45 1 l1d
3 2 8 l1d
23 11 1 l1d
27 31 4 l1d
4 26 8 l1d
9 8 6 l1d
18 50 3 l1d
32 20 3 l1d
25 15 0 l1d
29 17 1 l1d
7 23 1 l1d
8 49 1 l1d
10 2 7 l1d
17 62 1 l1d
10 27 5 l1d
31 1 1 l1d
0 44 4 l1d
3 11 5 l1d
12 30 2 l1d
13 57 3 l1d
10 17 6 l1d
21 47 5 l1d
18 55 7 l1d
4 30 3 l1d
13 15 1 l1d
21 57 0 l1d
0 41 4 l1d
27 55 3 l1d
10 41 3 l1d
6 24 5 l1d
7 33 6 l1d
24 2 7 l1d
26 50 5 l1d
3 54 8 l1d
31 19 0 l1d
1 33 1 l1d
2 15 6 l1d
10 0 6 l1d
30 19 3 l1d
29 20 2 l1d
23 64 8 l1d
7 54 8 l1d
17 8 8 l1d
15 17 1 l1d
22 10 5 l1d
10 56 6 l1d
4 59 7 l1d
10 15 2 l1d
7 56 1 l1d
29 54 4 l1d
19 16 8 l1d
5 35 2 l1d
3 53 5 l1d
14 62 5 l1d
30 7 1 l1d
0 50 7 l1d
14 5 0 l1d
13 51 8 l1d
15 25 3 l1d
23 33 8 l1d
8 43 7 l1d
32 24 6 l1d
30 62 2 l1d
30 47 0 l1d
14 43 8 l1d
2 12 1 l1d
32 11 6 l1d
26 58 7 l1d
2 0 8 l1d
28 35 5 l1d
32 38 5 l1d
15 21 7 l1d
15 9 2 l1d
13 8 8 l1d
16 49 2 l1d
11 31 1 l1d
8 55 2 l1d
23 61 1 l1d
12 56 2 l1d
0 40 4 l1d
