30 34 3 l1d
0 29 6 l1d
17 52 2 l1d
25 54 8 l1d
30 41 0 l1d
3 57 0 l1d
2 45 2 l1d
23 48 5 l1d
27 48 4 l1d
7 10 1 l1d
9 54 4 l1d
19 10 7 l1d
10 0 3 l1d
19 36 2 l1d
22 42 2 l1d
11 53 6 l1d
0 40 0 l1d
18 56 1 l1d
31 21 1 l1d
24 38 3 l1d
27 57 5 l1d
1 27 1 l1d
6 63 1 l1d
4 62 5 l1d
18 37 7 l1d
14 14 1 l1d
26 11 7 l1d
3 52 8 l1d
4 39 6 l1d
24 62 8 l1d
10 40 0 l1d
14 34 6 l1d
13 50 6 l1d
8 32 4 l1d
31 62 8 l1d
31 45 4 l1d
13 46 8 l1d
23 2 3 l1d
12 17 5 l1d
30 25 8 l1d
7 39 4 l1d
27 29 5 l1d
21 26 5 l1d
29 7 3 l1d
20 42 6 l1d
23 20 2 l1d
29 33 7 l1d
20 58 2 l1d
4 20 8 l1d
14 44 8 l1d
13 27 8 l1d
0 8 4 l1d
11 46 1 l1d
0 36 7 l1d
27 36 4 l1d
20 48 8 l1d
27 56 2 l1d
21 14 0 l1d
29 62 3 l1d
21 55 4 l1d
25 25 5 l1d
32 60 4 l1d
30 22 0 l1d
15 57 8 l1d
21 54 5 l1d
1 12 1 l1d
13 53 7 l1d
3 33 8 l1d
27 3 2 l1d
19 34 6 l1d
8 50 1 l1d
4 57 6 l1d
24 38 1 l1d
4 57 2 l1d
14 42 1 l1d
26 27 3 l1d
7 27 2 l1d
18 10 6 l1d
30 54 8 l1d
21 13 1 l1d
32 42 3 l1d
10 36 3 l1d
2 34 8 l1d
0 33 0 l1d
10 34 0 l1d
2 60 7 l1d
23 52 0 l1d
0 50 6 l1d
6 47 6 l1d
6 12 2 l1d
13 39 1 l1d
23 41 6 l1d
32 20 8 l1d
27 60 3 l1d
27 62 0 l1d
1 47 5 l1d
22 17 6 l1d
8 52 0 l1d
32 32 7 l1d
19 55 7 l1d
15 22 5 l1d
17 48 0 l1d
28 20 2 l1d
23 26 2 l1d
28 0 2 l1d
25 38 1 l1d
14 49 1 l1d
28 51 0 l1d
8 1 8 l1d
30 47 6 l1d
24 21 4 l1d
4 14 7 l1d
11 14 4 l1d
0 32 5 l1d
27 45 1 l1d
16 37 8 l1d
17 50 0 l1d
10 18 7 l1d
10 37 6 l1d
10 34 2 l1d
17 10 2 l1d
3 14 0 l1d
23 63 7 l1d
27 31 6 l1d
15 30 7 l1d
7 28 2 l1d
20 4 2 l1d
32 36 5 l1d
13 18 3 l1d
7 37 3 l1d
24 15 2 l1d
9 12 2 l1d
14 51 5 l1d
23 50 2 l1d
22 4 2 l1d
22 11 2 l1d
15 51 2 l1d
17 42 2 l1d
