10 49 4 l1d
27 41 8 l1d
7 14 8 l1d
5 46 6 l1d
30 21 4 l1d
14 0 3 l1d
20 39 6 l1d
8 2 4 l1d
20 47 5 l1d
8 50 2 l1d
6 25 7 l1d
7 52 2 l1d
28 10 1 l1d
13 11 2 l1d
32 0 1 l1d
8 52 3 l1d
30 40 4 l1d
10 34 7 l1d
32 34 8 l1d
30 28 2 l1d
14 61 2 l1d
20 7 1 l1d
30 9 4 l1d
4 53 5 l1d
19 20 4 l1d
2 53 1 l1d
14 1 2 l1d
18 16 7 l1d
27 34 1 l1d
23 48 2 l1d
25 47 4 l1d
19 5 3 l1d
15 21 6 l1d
0 6 4 l1d
6 63 0 l1d
26 29 4 l1d
20 31 7 l1d
22 60 1 l1d
6 62 7 l1d
4 31 2 l1d
24 34 0 l1d
18 25 3 l1d
4 62 2 l1d
10 8 5 l1d
12 7 5 l1d
28 38 1 l1d
32 14 2 l1d
15 58 7 l1d
8 42 5 l1d
3 46 6 l1d
24 43 1 l1d
9 18 3 l1d
14 7 4 l1d
8 30 4 l1d
31 63 7 l1d
31 14 1 l1d
