13 5 3 l1d
26 28 8 l1d
18 1 3 l1d
13 4 2 l1d
24 15 2 l1d
6 8 5 l1d
22 3 8 l1d
30 63 6 l1d
18 16 8 l1d
2 54 1 l1d
4 0 6 l1d
17 7 4 l1d
28 55 5 l1d
12 25 0 l1d
2 27 2 l1d
10 19 1 l1d
24 13 8 l1d
24 15 6 l1d
3 34 4 l1d
24 45 0 l1d
9 10 3 l1d
15 3 2 l1d
17 11 8 l1d
3 17 5 l1d
11 13 6 l1d
13 23 1 l1d
10 28 1 l1d
1 0 4 l1d
4 17 6 l1d
20 18 8 l1d
0 50 8 l1d
26 5 5 l1d
9 47 5 l1d
13 64 8 l1d
31 48 7 l1d
12 48 0 l1d
11 56 1 l1d
18 10 0 l1d
0 35 4 l1d
10 29 6 l1d
25 22 6 l1d
16 19 5 l1d
29 4 7 l1d
2 64 1 l1d
29 57 4 l1d
9 60 0 l1d
10 42 5 l1d
20 8 8 l1d
16 3 0 l1d
29 20 4 l1d
31 19 0 l1d
24 64 1 l1d
12 17 6 l1d
16 21 1 l1d
2 46 6 l1d
28 60 5 l1d
22 43 7 l1d
5 29 1 l1d
4 12 8 l1d
5 8 6 l1d
