6 16 1 l1d
7 30 7 l1d
0 36 7 l1d
11 34 0 l1d
16 20 3 l1d
23 56 3 l1d
21 23 4 l1d
22 16 0 l1d
24 10 7 l1d
12 33 0 l1d
6 31 8 l1d
17 7 2 l1d
19 24 3 l1d
11 42 0 l1d
13 34 1 l1d
10 58 8 l1d
28 57 8 l1d
11 53 1 l1d
15 1 4 l1d
2 21 5 l1d
13 28 7 l1d
8 38 2 l1d
10 31 6 l1d
2 51 3 l1d
19 41 1 l1d
4 50 5 l1d
13 58 5 l1d
10 60 3 l1d
12 46 4 l1d
18 55 8 l1d
17 60 5 l1d
5 45 3 l1d
16 27 6 l1d
7 24 6 l1d
6 24 4 l1d
2 34 3 l1d
19 7 7 l1d
18 7 6 l1d
5 60 7 l1d
31 4 0 l1d
12 16 6 l1d
2 40 5 l1d
15 15 4 l1d
10 42 1 l1d
27 25 7 l1d
12 45 8 l1d
7 34 1 l1d
6 33 7 l1d
29 7 0 l1d
13 21 7 l1d
19 21 3 l1d
0 14 4 l1d
23 35 7 l1d
18 59 4 l1d
25 56 5 l1d
21 7 5 l1d
2 62 1 l1d
10 30 2 l1d
30 9 6 l1d
11 2 1 l1d
1 61 2 l1d
8 55 4 l1d
13 48 0 l1d
21 16 5 l1d
17 30 4 l1d
20 22 6 l1d
17 63 4 l1d
11 0 3 l1d
8 24 2 l1d
13 56 2 l1d
32 37 3 l1d
15 26 7 l1d
17 14 2 l1d
4 39 4 l1d
28 5 5 l1d
13 61 5 l1d
17 57 0 l1d
12 56 2 l1d
14 36 7 l1d
20 19 5 l1d
21 38 6 l1d
31 36 2 l1d
24 15 7 l1d
12 52 5 l1d
6 33 0 l1d
22 40 0 l1d
11 57 7 l1d
29 27 2 l1d
0 12 8 l1d
26 55 1 l1d
0 6 2 l1d
25 40 6 l1d
29 19 4 l1d
16 57 4 l1d
21 28 8 l1d
11 9 6 l1d
13 31 1 l1d
24 28 0 l1d
12 7 2 l1d
11 46 8 l1d
24 21 0 l1d
15 18 0 l1d
20 34 5 l1d
28 64 1 l1d
5 54 3 l1d
12 2 1 l1d
6 54 4 l1d
24 60 7 l1d
13 13 7 l1d
26 24 8 l1d
5 44 3 l1d
27 31 2 l1d
20 41 7 l1d
6 24 2 l1d
25 5 0 l1d
29 53 7 l1d
2 36 8 l1d
20 39 7 l1d
6 55 1 l1d
3 49 7 l1d
7 3 3 l1d
22 34 6 l1d
24 57 8 l1d
7 33 5 l1d
5 0 8 l1d
32 39 5 l1d
23 2 5 l1d
14 59 8 l1d
32 49 8 l1d
24 24 3 l1d
6 18 3 l1d
7 10 1 l1d
4 30 8 l1d
22 56 7 l1d
5 10 3 l1d
17 54 8 l1d
4 54 3 l1d
32 64 3 l1d
3 55 4 l1d
16 3 1 l1d
28 45 1 l1d
5 4 5 l1d
23 12 0 l1d
13 30 3 l1d
7 14 8 l1d
15 10 3 l1d
13 61 8 l1d
6 32 6 l1d
30 41 3 l1d
28 9 3 l1d
14 26 2 l1d
17 44 7 l1d
29 63 8 l1d
14 47 1 l1d
17 62 6 l1d
27 63 6 l1d
24 61 2 l1d
18 20 5 l1d
1 16 6 l1d
4 36 2 l1d
9 21 3 l1d
9 28 2 l1d
11 8 2 l1d
1 17 5 l1d
20 36 5 l1d
2 59 4 l1d
0 30 2 l1d
22 35 6 l1d
7 4 0 l1d
31 55 5 l1d
32 64 7 l1d
7 24 2 l1d
23 7 8 l1d
21 35 4 l1d
26 40 1 l1d
9 59 0 l1d
10 51 1 l1d
2 30 7 l1d
26 11 5 l1d
32 14 7 l1d
