29 30 8 l1d
9 9 0 l1d
2 47 3 l1d
2 20 1 l1d
10 61 1 l1d
13 36 2 l1d
1 45 7 l1d
28 0 8 l1d
1 58 1 l1d
13 20 6 l1d
26 14 4 l1d
13 27 2 l1d
21 45 5 l1d
31 44 5 l1d
12 20 2 l1d
4 23 6 l1d
10 36 2 l1d
14 64 3 l1d
31 54 3 l1d
5 30 4 l1d
8 31 8 l1d
18 49 5 l1d
11 11 2 l1d
15 3 2 l1d
25 39 3 l1d
4 20 5 l1d
2 7 3 l1d
0 28 3 l1d
10 57 4 l1d
31 44 3 l1d
29 59 0 l1d
26 53 4 l1d
17 8 5 l1d
23 55 8 l1d
22 37 0 l1d
29 3 6 l1d
20 23 0 l1d
26 22 1 l1d
12 48 0 l1d
10 58 5 l1d
6 12 2 l1d
9 3 8 l1d
29 19 8 l1d
9 60 7 l1d
2 58 1 l1d
19 6 4 l1d
31 18 2 l1d
2 58 4 l1d
5 23 6 l1d
29 31 6 l1d
22 36 4 l1d
30 15 5 l1d
9 25 2 l1d
21 6 6 l1d
22 30 3 l1d
23 6 8 l1d
0 54 8 l1d
3 49 2 l1d
31 16 1 l1d
4 61 2 l1d
9 4 7 l1d
27 60 3 l1d
16 36 8 l1d
11 31 2 l1d
16 62 1 l1d
2 17 7 l1d
0 13 8 l1d
19 27 4 l1d
20 32 2 l1d
32 2 7 l1d
22 8 3 l1d
13 57 0 l1d
8 25 6 l1d
14 28 6 l1d
23 28 1 l1d
8 43 0 l1d
9 4 7 l1d
32 31 1 l1d
30 50 8 l1d
2 11 2 l1d
16 28 7 l1d
22 1 8 l1d
5 28 4 l1d
14 37 1 l1d
13 27 4 l1d
16 6 8 l1d
28 56 1 l1d
11 23 5 l1d
8 49 2 l1d
29 25 5 l1d
1 34 4 l1d
18 17 7 l1d
12 15 7 l1d
19 59 0 l1d
18 2 0 l1d
14 0 7 l1d
19 36 4 l1d
16 46 3 l1d
8 38 6 l1d
5 53 0 l1d
7 60 5 l1d
26 2 2 l1d
32 16 2 l1d
17 0 1 l1d
29 38 3 l1d
18 55 6 l1d
27 26 0 l1d
23 10 1 l1d
22 43 8 l1d
12 18 0 l1d
1 3 8 l1d
2 27 7 l1d
22 49 7 l1d
24 4 8 l1d
20 54 6 l1d
4 34 6 l1d
7 22 6 l1d
21 50 7 l1d
16 9 7 l1d
10 45 0 l1d
23 39 0 l1d
12 12 4 l1d
15 1 1 l1d
8 49 8 l1d
5 53 7 l1d
25 3 5 l1d
4 18 7 l1d
30 58 4 l1d
2 57 8 l1d
23 37 8 l1d
0 30 4 l1d
28 61 2 l1d
5 32 1 l1d
22 55 0 l1d
16 27 1 l1d
6 3 7 l1d
23 58 2 l1d
19 24 6 l1d
17 27 2 l1d
15 46 8 l1d
28 36 4 l1d
27 37 2 l1d
1 57 4 l1d
26 33 5 l1d
5 34 8 l1d
1 1 2 l1d
