23 48 3 l1d
30 24 8 l1d
16 15 4 l1d
3 24 6 l1d
15 25 6 l1d
8 3 7 l1d
28 41 7 l1d
4 31 0 l1d
3 60 7 l1d
0 39 3 l1d
23 19 3 l1d
0 54 8 l1d
14 64 1 l1d
24 40 2 l1d
15 28 4 l1d
6 9 2 l1d
28 22 4 l1d
30 33 8 l1d
21 7 4 l1d
30 39 3 l1d
32 55 6 l1d
2 48 7 l1d
29 52 5 l1d
5 2 3 l1d
18 3 1 l1d
21 45 1 l1d
29 36 8 l1d
13 20 7 l1d
32 11 7 l1d
17 19 6 l1d
11 15 2 l1d
23 30 2 l1d
32 44 6 l1d
14 19 3 l1d
18 34 1 l1d
9 37 8 l1d
20 25 8 l1d
15 33 7 l1d
3 56 7 l1d
13 52 0 l1d
10 59 3 l1d
7 35 7 l1d
22 22 1 l1d
27 18 3 l1d
20 14 7 l1d
9 5 1 l1d
15 25 0 l1d
17 11 2 l1d
26 35 7 l1d
28 38 7 l1d
