0 33 5 l1d
21 17 2 l1d
0 19 6 l1d
31 10 7 l1d
11 19 1 l1d
0 17 5 l1d
17 46 2 l1d
22 48 4 l1d
20 54 2 l1d
13 23 5 l1d
12 14 6 l1d
26 9 2 l1d
15 59 0 l1d
20 14 3 l1d
22 22 2 l1d
20 63 1 l1d
26 6 1 l1d
27 17 3 l1d
23 44 8 l1d
14 44 5 l1d
0 28 7 l1d
10 43 7 l1d
27 24 6 l1d
26 54 3 l1d
24 19 0 l1d
4 13 8 l1d
12 5 6 l1d
30 30 3 l1d
26 61 5 l1d
27 15 0 l1d
22 62 3 l1d
26 27 6 l1d
3 42 4 l1d
1 39 7 l1d
20 38 5 l1d
4 7 7 l1d
11 26 5 l1d
3 23 2 l1d
7 48 5 l1d
31 37 3 l1d
3 7 2 l1d
11 2 6 l1d
4 13 8 l1d
17 17 8 l1d
8 50 8 l1d
13 46 8 l1d
21 37 2 l1d
30 4 7 l1d
8 10 7 l1d
5 5 8 l1d
27 27 0 l1d
2 15 2 l1d
28 62 2 l1d
7 21 0 l1d
1 10 8 l1d
28 2 0 l1d
1 40 5 l1d
29 1 1 l1d
