28 5 6 l1d
5 1 6 l1d
19 0 6 l1d
22 33 0 l1d
5 64 3 l1d
29 47 8 l1d
20 33 7 l1d
9 47 5 l1d
12 21 6 l1d
22 43 0 l1d
30 13 7 l1d
7 21 4 l1d
22 35 6 l1d
3 11 4 l1d
20 24 8 l1d
26 8 5 l1d
25 24 1 l1d
26 52 0 l1d
31 8 2 l1d
9 54 7 l1d
28 0 2 l1d
10 20 6 l1d
26 30 7 l1d
30 45 6 l1d
2 31 1 l1d
6 27 5 l1d
13 6 8 l1d
30 30 2 l1d
3 29 5 l1d
12 31 3 l1d
17 41 5 l1d
15 53 0 l1d
3 54 5 l1d
9 62 1 l1d
15 50 2 l1d
11 5 8 l1d
18 32 2 l1d
1 1 5 l1d
24 0 7 l1d
26 29 4 l1d
7 24 3 l1d
27 2 4 l1d
12 36 0 l1d
4 60 2 l1d
18 16 4 l1d
14 11 7 l1d
32 51 2 l1d
25 0 5 l1d
14 25 0 l1d
5 17 6 l1d
14 64 8 l1d
0 45 0 l1d
10 36 5 l1d
0 51 3 l1d
11 12 1 l1d
20 47 3 l1d
3 17 8 l1d
21 16 4 l1d
16 37 6 l1d
0 28 6 l1d
22 50 6 l1d
0 51 4 l1d
24 42 8 l1d
32 40 0 l1d
4 30 3 l1d
13 26 3 l1d
23 46 4 l1d
29 31 7 l1d
1 27 5 l1d
13 38 0 l1d
32 62 0 l1d
7 16 1 l1d
1 5 3 l1d
4 11 1 l1d
24 2 6 l1d
23 18 0 l1d
7 51 1 l1d
18 18 1 l1d
6 8 1 l1d
29 27 1 l1d
32 39 1 l1d
28 42 3 l1d
7 29 7 l1d
1 46 3 l1d
8 23 5 l1d
28 14 0 l1d
22 2 4 l1d
10 26 7 l1d
23 28 7 l1d
29 37 4 l1d
17 9 7 l1d
21 43 4 l1d
15 15 2 l1d
31 16 5 l1d
11 44 1 l1d
18 22 6 l1d
9 24 6 l1d
13 38 0 l1d
25 40 4 l1d
16 31 1 l1d
6 29 6 l1d
4 33 2 l1d
16 21 5 l1d
17 63 1 l1d
26 50 0 l1d
3 5 3 l1d
