4 19 7 l1d
23 50 4 l1d
18 22 2 l1d
14 19 5 l1d
27 1 3 l1d
26 54 5 l1d
10 40 2 l1d
23 23 1 l1d
7 43 0 l1d
4 50 6 l1d
32 55 5 l1d
28 24 8 l1d
9 50 6 l1d
5 33 4 l1d
16 39 4 l1d
17 16 3 l1d
5 27 7 l1d
16 18 8 l1d
1 52 8 l1d
11 2 1 l1d
15 7 0 l1d
20 5 4 l1d
6 56 6 l1d
20 17 4 l1d
28 13 8 l1d
23 32 0 l1d
22 59 5 l1d
20 2 1 l1d
19 44 4 l1d
17 3 6 l1d
2 61 4 l1d
11 54 0 l1d
16 1 1 l1d
6 1 1 l1d
14 64 6 l1d
22 6 2 l1d
24 49 8 l1d
9 14 1 l1d
7 42 5 l1d
24 4 3 l1d
5 16 3 l1d
23 28 5 l1d
26 42 2 l1d
5 40 8 l1d
