12 17 6 l1d
32 27 4 l1d
12 57 7 l1d
10 30 6 l1d
30 17 3 l1d
10 24 4 l1d
25 0 0 l1d
0 39 6 l1d
13 43 6 l1d
16 24 7 l1d
15 58 0 l1d
22 55 1 l1d
23 17 2 l1d
13 47 7 l1d
5 15 3 l1d
4 52 3 l1d
27 3 3 l1d
11 50 7 l1d
0 38 6 l1d
8 23 7 l1d
7 57 3 l1d
14 53 4 l1d
31 15 0 l1d
18 16 3 l1d
22 46 0 l1d
17 20 2 l1d
20 24 6 l1d
21 18 8 l1d
19 20 7 l1d
8 33 8 l1d
30 38 2 l1d
7 8 3 l1d
8 61 1 l1d
20 11 4 l1d
31 2 3 l1d
20 11 1 l1d
8 44 1 l1d
21 60 3 l1d
24 48 7 l1d
21 57 0 l1d
22 38 8 l1d
28 36 4 l1d
16 35 7 l1d
14 45 8 l1d
29 37 4 l1d
25 1 4 l1d
10 14 4 l1d
27 17 2 l1d
20 22 2 l1d
10 5 0 l1d
11 53 2 l1d
8 49 2 l1d
19 61 4 l1d
19 29 6 l1d
2 2 6 l1d
13 44 3 l1d
32 57 3 l1d
31 39 7 l1d
12 51 4 l1d
7 33 3 l1d
15 45 0 l1d
31 27 3 l1d
24 63 4 l1d
1 62 3 l1d
12 32 1 l1d
28 10 7 l1d
11 8 0 l1d
2 17 2 l1d
