26 41 1 l1d
25 46 2 l1d
10 12 0 l1d
23 24 4 l1d
25 10 7 l1d
8 41 6 l1d
24 2 7 l1d
29 51 8 l1d
26 42 8 l1d
22 57 3 l1d
7 16 1 l1d
22 28 8 l1d
5 61 3 l1d
12 60 2 l1d
16 19 1 l1d
31 22 6 l1d
15 24 2 l1d
7 50 1 l1d
12 54 6 l1d
15 30 6 l1d
22 8 8 l1d
21 39 6 l1d
28 24 1 l1d
1 24 7 l1d
22 3 8 l1d
32 64 1 l1d
17 6 2 l1d
21 27 8 l1d
28 3 4 l1d
21 62 4 l1d
13 28 4 l1d
21 29 0 l1d
29 63 8 l1d
5 59 7 l1d
29 24 1 l1d
11 27 5 l1d
29 57 7 l1d
4 48 0 l1d
22 44 5 l1d
27 62 7 l1d
32 19 6 l1d
22 7 4 l1d
32 61 8 l1d
29 60 3 l1d
8 22 6 l1d
23 22 6 l1d
8 21 8 l1d
15 54 6 l1d
15 32 7 l1d
9 26 5 l1d
23 8 7 l1d
20 58 1 l1d
8 60 8 l1d
13 21 6 l1d
29 28 2 l1d
9 44 5 l1d
7 27 1 l1d
17 57 3 l1d
11 54 0 l1d
22 24 0 l1d
12 17 6 l1d
30 12 3 l1d
1 62 4 l1d
25 53 7 l1d
1 46 1 l1d
7 56 5 l1d
1 59 2 l1d
13 8 6 l1d
19 63 2 l1d
3 47 7 l1d
1 55 0 l1d
32 37 2 l1d
24 0 1 l1d
14 57 7 l1d
7 6 7 l1d
0 5 4 l1d
10 42 2 l1d
28 61 7 l1d
16 54 5 l1d
7 27 5 l1d
2 39 7 l1d
14 53 4 l1d
19 31 4 l1d
10 48 3 l1d
