5 30 6 l1d
32 39 6 l1d
17 59 4 l1d
20 45 7 l1d
25 41 3 l1d
22 56 0 l1d
9 7 0 l1d
28 37 3 l1d
10 32 1 l1d
2 61 7 l1d
10 38 7 l1d
32 18 1 l1d
24 47 3 l1d
1 46 5 l1d
9 12 7 l1d
31 56 0 l1d
1 22 0 l1d
21 64 3 l1d
8 44 3 l1d
31 45 6 l1d
6 46 2 l1d
32 22 7 l1d
30 42 8 l1d
10 55 4 l1d
5 33 0 l1d
7 54 8 l1d
18 2 2 l1d
16 28 6 l1d
22 14 5 l1d
1 1 4 l1d
4 44 7 l1d
11 51 0 l1d
5 41 4 l1d
25 0 8 l1d
2 31 5 l1d
3 55 6 l1d
5 46 3 l1d
28 32 3 l1d
4 18 3 l1d
7 23 4 l1d
9 48 5 l1d
4 13 7 l1d
3 42 4 l1d
5 30 4 l1d
13 12 2 l1d
22 12 3 l1d
11 63 8 l1d
20 62 0 l1d
