2 2 2 l1d
23 50 8 l1d
30 40 4 l1d
16 7 0 l1d
25 42 4 l1d
11 3 2 l1d
20 15 8 l1d
12 34 0 l1d
21 20 4 l1d
18 30 3 l1d
4 11 6 l1d
31 22 1 l1d
11 49 6 l1d
22 63 1 l1d
2 64 1 l1d
3 35 8 l1d
23 58 0 l1d
32 56 7 l1d
24 0 1 l1d
24 43 3 l1d
8 2 5 l1d
32 19 1 l1d
28 62 4 l1d
26 47 4 l1d
12 43 8 l1d
30 9 8 l1d
17 49 3 l1d
0 53 4 l1d
0 42 4 l1d
3 40 6 l1d
26 30 4 l1d
22 62 1 l1d
14 28 6 l1d
4 23 2 l1d
1 58 3 l1d
19 19 8 l1d
2 15 7 l1d
22 53 4 l1d
26 15 6 l1d
5 11 1 l1d
22 50 3 l1d
27 30 5 l1d
18 31 3 l1d
32 36 5 l1d
11 25 3 l1d
32 62 5 l1d
21 64 0 l1d
14 51 6 l1d
24 15 1 l1d
7 7 4 l1d
13 12 8 l1d
4 12 0 l1d
28 8 4 l1d
20 63 3 l1d
31 18 7 l1d
18 45 1 l1d
7 3 1 l1d
10 27 6 l1d
32 53 0 l1d
22 9 4 l1d
2 52 1 l1d
5 53 4 l1d
31 50 6 l1d
5 4 2 l1d
13 44 7 l1d
18 59 1 l1d
19 27 3 l1d
27 45 5 l1d
0 56 1 l1d
32 39 6 l1d
9 3 0 l1d
2 4 7 l1d
8 60 0 l1d
24 35 3 l1d
17 26 4 l1d
0 60 0 l1d
13 6 6 l1d
29 58 0 l1d
21 49 7 l1d
4 14 6 l1d
28 41 4 l1d
8 56 0 l1d
32 43 3 l1d
23 37 6 l1d
7 58 0 l1d
20 14 8 l1d
8 52 8 l1d
26 5 4 l1d
27 27 0 l1d
23 20 7 l1d
4 60 2 l1d
8 49 2 l1d
15 63 0 l1d
8 35 4 l1d
0 8 7 l1d
8 60 3 l1d
29 23 8 l1d
7 33 5 l1d
30 9 1 l1d
27 51 6 l1d
23 61 0 l1d
0 35 2 l1d
25 38 2 l1d
3 28 1 l1d
15 47 7 l1d
13 50 4 l1d
23 51 7 l1d
12 29 2 l1d
32 34 7 l1d
9 36 0 l1d
27 57 6 l1d
20 63 0 l1d
27 60 2 l1d
11 29 6 l1d
12 8 6 l1d
4 46 4 l1d
19 59 1 l1d
25 17 5 l1d
20 13 2 l1d
29 48 8 l1d
31 27 7 l1d
14 55 2 l1d
15 48 6 l1d
15 25 3 l1d
0 45 5 l1d
13 54 4 l1d
30 59 7 l1d
3 57 5 l1d
10 29 6 l1d
22 13 4 l1d
5 6 0 l1d
7 41 0 l1d
