4 27 7 l1d
21 61 8 l1d
16 52 4 l1d
31 13 5 l1d
22 35 4 l1d
12 44 5 l1d
12 19 5 l1d
14 17 1 l1d
16 34 6 l1d
13 3 4 l1d
25 50 1 l1d
10 6 0 l1d
1 2 3 l1d
23 32 8 l1d
8 24 7 l1d
11 38 3 l1d
20 46 4 l1d
3 12 2 l1d
19 56 1 l1d
2 15 5 l1d
32 37 6 l1d
10 25 6 l1d
5 3 8 l1d
12 15 3 l1d
32 50 5 l1d
3 60 7 l1d
0 50 3 l1d
15 39 4 l1d
24 47 6 l1d
23 49 5 l1d
19 18 3 l1d
2 8 6 l1d
3 48 2 l1d
21 41 7 l1d
3 12 4 l1d
8 12 0 l1d
29 42 0 l1d
3 62 5 l1d
26 13 5 l1d
27 52 7 l1d
31 33 3 l1d
4 64 2 l1d
4 49 6 l1d
20 32 7 l1d
3 28 5 l1d
15 31 8 l1d
15 35 3 l1d
1 14 2 l1d
12 19 2 l1d
13 6 0 l1d
27 41 7 l1d
5 59 0 l1d
15 25 7 l1d
23 45 4 l1d
28 4 7 l1d
32 25 6 l1d
14 28 5 l1d
11 63 5 l1d
18 26 5 l1d
24 7 8 l1d
5 31 4 l1d
31 40 4 l1d
29 9 3 l1d
30 43 4 l1d
15 53 1 l1d
21 23 5 l1d
0 17 7 l1d
12 24 0 l1d
26 41 6 l1d
18 45 1 l1d
2 46 6 l1d
20 7 2 l1d
15 4 0 l1d
30 49 3 l1d
1 5 8 l1d
5 25 7 l1d
4 43 8 l1d
9 21 3 l1d
23 63 7 l1d
8 36 0 l1d
19 18 1 l1d
31 49 2 l1d
25 42 8 l1d
25 55 7 l1d
10 61 5 l1d
32 20 3 l1d
22 32 2 l1d
6 6 4 l1d
9 18 4 l1d
23 37 5 l1d
4 62 4 l1d
22 44 8 l1d
29 24 7 l1d
12 42 8 l1d
10 49 4 l1d
10 64 4 l1d
32 12 0 l1d
14 25 5 l1d
5 23 2 l1d
3 6 0 l1d
18 16 1 l1d
22 30 0 l1d
8 30 6 l1d
29 29 4 l1d
7 13 8 l1d
30 54 8 l1d
11 17 3 l1d
1 26 1 l1d
32 0 5 l1d
1 12 4 l1d
24 26 2 l1d
18 51 3 l1d
19 19 5 l1d
13 42 1 l1d
25 55 4 l1d
10 49 4 l1d
1 58 8 l1d
8 16 6 l1d
16 8 6 l1d
11 36 1 l1d
30 16 2 l1d
28 29 5 l1d
17 47 6 l1d
31 39 7 l1d
12 18 1 l1d
19 40 6 l1d
9 35 3 l1d
28 13 5 l1d
11 17 3 l1d
8 18 7 l1d
7 46 8 l1d
9 30 8 l1d
31 27 8 l1d
29 18 6 l1d
10 24 7 l1d
23 17 0 l1d
5 57 4 l1d
7 49 1 l1d
15 49 4 l1d
32 15 1 l1d
6 18 7 l1d
4 40 8 l1d
15 52 1 l1d
25 53 1 l1d
4 35 0 l1d
17 0 0 l1d
1 30 4 l1d
13 56 4 l1d
18 1 6 l1d
15 22 5 l1d
12 32 4 l1d
29 27 6 l1d
1 17 2 l1d
31 33 8 l1d
10 31 3 l1d
30 64 5 l1d
9 2 8 l1d
23 4 7 l1d
2 15 7 l1d
12 40 6 l1d
5 1 2 l1d
31 51 6 l1d
18 0 0 l1d
22 55 5 l1d
6 41 4 l1d
14 27 7 l1d
24 47 0 l1d
19 0 7 l1d
23 6 0 l1d
13 22 6 l1d
13 19 3 l1d
29 45 5 l1d
29 34 5 l1d
12 63 5 l1d
29 10 4 l1d
22 60 4 l1d
15 26 0 l1d
10 59 3 l1d
4 64 0 l1d
2 14 5 l1d
2 14 4 l1d
8 53 3 l1d
7 2 6 l1d
27 51 2 l1d
20 8 8 l1d
22 7 3 l1d
28 19 6 l1d
20 33 7 l1d
2 2 1 l1d
25 48 6 l1d
14 15 3 l1d
24 43 7 l1d
3 54 1 l1d
30 44 8 l1d
16 42 6 l1d
11 46 4 l1d
8 55 1 l1d
18 56 7 l1d
15 25 5 l1d
31 5 1 l1d
27 23 6 l1d
15 0 6 l1d
31 39 3 l1d
10 33 5 l1d
18 24 8 l1d
26 8 0 l1d
18 30 2 l1d
31 22 1 l1d
17 9 1 l1d
32 31 1 l1d
1 8 7 l1d
8 13 6 l1d
24 59 3 l1d
26 62 2 l1d
12 44 4 l1d
6 2 2 l1d
3 13 2 l1d
30 37 1 l1d
21 37 4 l1d
10 41 5 l1d
22 38 8 l1d
9 60 5 l1d
15 42 4 l1d
21 26 0 l1d
23 1 2 l1d
8 23 6 l1d
20 33 3 l1d
32 36 1 l1d
15 27 4 l1d
32 58 5 l1d
23 61 8 l1d
6 15 2 l1d
23 39 7 l1d
25 30 4 l1d
31 4 7 l1d
11 37 6 l1d
6 11 3 l1d
25 64 3 l1d
22 47 0 l1d
17 24 5 l1d
16 20 6 l1d
19 45 7 l1d
25 48 6 l1d
15 48 2 l1d
20 40 4 l1d
31 53 7 l1d
20 37 8 l1d
22 28 7 l1d
26 39 1 l1d
11 3 6 l1d
10 48 8 l1d
17 22 4 l1d
27 41 5 l1d
14 29 3 l1d
8 5 5 l1d
18 14 7 l1d
19 59 5 l1d
7 23 0 l1d
2 35 8 l1d
26 44 0 l1d
2 62 2 l1d
6 54 7 l1d
30 50 0 l1d
28 56 3 l1d
7 40 3 l1d
30 55 4 l1d
12 16 2 l1d
12 55 1 l1d
20 49 1 l1d
11 64 7 l1d
12 25 5 l1d
2 26 2 l1d
29 47 2 l1d
31 43 0 l1d
14 20 4 l1d
9 48 6 l1d
16 23 7 l1d
31 45 0 l1d
13 9 0 l1d
21 12 7 l1d
27 42 5 l1d
27 13 6 l1d
8 57 8 l1d
17 48 7 l1d
24 34 4 l1d
2 60 2 l1d
17 2 2 l1d
7 1 2 l1d
0 19 3 l1d
0 64 8 l1d
19 36 8 l1d
10 26 4 l1d
16 30 6 l1d
28 40 8 l1d
4 47 0 l1d
16 8 4 l1d
