4 46 6 l1d
18 49 7 l1d
19 51 0 l1d
26 34 8 l1d
17 51 3 l1d
7 49 2 l1d
31 36 5 l1d
30 49 8 l1d
7 24 8 l1d
29 22 4 l1d
28 39 5 l1d
28 31 5 l1d
15 62 3 l1d
5 27 0 l1d
6 37 2 l1d
27 0 0 l1d
22 39 1 l1d
2 9 3 l1d
16 6 0 l1d
31 42 5 l1d
12 37 7 l1d
24 25 8 l1d
8 43 4 l1d
11 29 1 l1d
5 23 1 l1d
26 59 8 l1d
30 5 2 l1d
15 61 2 l1d
14 32 6 l1d
30 39 0 l1d
32 15 0 l1d
26 5 3 l1d
20 23 4 l1d
3 3 5 l1d
14 55 3 l1d
18 57 3 l1d
20 52 1 l1d
3 25 5 l1d
23 28 5 l1d
20 58 2 l1d
30 25 2 l1d
24 29 8 l1d
21 36 6 l1d
28 42 2 l1d
31 46 5 l1d
24 17 8 l1d
23 11 2 l1d
1 20 1 l1d
23 4 5 l1d
21 59 8 l1d
14 9 3 l1d
28 39 3 l1d
12 2 0 l1d
9 3 1 l1d
15 11 7 l1d
5 46 2 l1d
23 55 0 l1d
28 28 5 l1d
6 4 3 l1d
3 10 0 l1d
29 48 4 l1d
31 15 8 l1d
25 30 7 l1d
24 52 1 l1d
32 8 8 l1d
13 11 5 l1d
15 14 5 l1d
31 55 7 l1d
3 44 1 l1d
3 61 4 l1d
23 56 6 l1d
22 39 4 l1d
1 30 3 l1d
9 50 6 l1d
15 44 7 l1d
6 55 0 l1d
30 48 6 l1d
5 33 7 l1d
4 3 1 l1d
15 6 8 l1d
19 12 1 l1d
22 0 3 l1d
1 22 3 l1d
6 34 2 l1d
24 14 0 l1d
13 43 2 l1d
8 49 0 l1d
29 57 5 l1d
9 20 5 l1d
16 3 6 l1d
14 6 5 l1d
0 15 1 l1d
13 17 3 l1d
13 13 5 l1d
21 46 5 l1d
28 59 0 l1d
11 25 4 l1d
16 36 7 l1d
24 46 0 l1d
26 19 6 l1d
3 61 5 l1d
7 43 2 l1d
27 16 8 l1d
1 4 0 l1d
21 3 8 l1d
9 32 0 l1d
6 10 3 l1d
7 4 7 l1d
8 12 2 l1d
9 58 4 l1d
30 34 1 l1d
19 59 8 l1d
14 59 5 l1d
10 12 7 l1d
32 40 2 l1d
27 2 5 l1d
7 52 4 l1d
0 18 6 l1d
12 56 5 l1d
10 1 2 l1d
26 17 0 l1d
18 62 5 l1d
29 28 3 l1d
27 7 1 l1d
4 43 8 l1d
5 2 1 l1d
4 38 7 l1d
21 18 7 l1d
15 38 0 l1d
2 36 4 l1d
24 35 6 l1d
3 31 4 l1d
15 12 0 l1d
8 52 8 l1d
22 60 6 l1d
24 31 2 l1d
1 12 1 l1d
26 23 1 l1d
3 3 0 l1d
22 7 5 l1d
14 12 8 l1d
16 21 2 l1d
20 58 4 l1d
11 42 1 l1d
30 27 1 l1d
3 62 0 l1d
7 11 4 l1d
20 15 1 l1d
1 6 0 l1d
7 23 0 l1d
25 34 1 l1d
24 45 1 l1d
27 57 7 l1d
20 26 7 l1d
0 50 4 l1d
26 32 7 l1d
13 60 8 l1d
6 61 6 l1d
29 9 6 l1d
14 41 2 l1d
20 63 7 l1d
16 55 0 l1d
6 44 7 l1d
11 35 3 l1d
24 38 5 l1d
14 24 3 l1d
4 11 2 l1d
24 24 1 l1d
24 26 5 l1d
18 23 5 l1d
20 27 5 l1d
17 30 2 l1d
8 8 3 l1d
23 54 1 l1d
11 51 6 l1d
14 30 1 l1d
17 40 1 l1d
1 11 2 l1d
