23 26 8 l1d
4 39 8 l1d
7 61 0 l1d
5 45 2 l1d
13 17 7 l1d
19 4 2 l1d
4 30 3 l1d
17 24 6 l1d
21 14 0 l1d
12 41 0 l1d
24 46 0 l1d
8 19 8 l1d
13 47 7 l1d
29 42 8 l1d
15 45 1 l1d
4 51 4 l1d
1 7 1 l1d
11 15 5 l1d
13 13 5 l1d
19 42 1 l1d
15 9 2 l1d
26 21 5 l1d
32 45 2 l1d
6 20 4 l1d
2 62 5 l1d
4 32 2 l1d
19 47 6 l1d
24 28 0 l1d
22 32 8 l1d
22 46 6 l1d
19 30 3 l1d
13 9 7 l1d
3 26 7 l1d
10 36 4 l1d
3 47 7 l1d
26 41 7 l1d
14 19 4 l1d
14 0 0 l1d
17 29 3 l1d
1 43 6 l1d
14 28 5 l1d
26 1 6 l1d
21 20 7 l1d
22 49 5 l1d
30 24 2 l1d
30 22 6 l1d
12 54 1 l1d
3 20 1 l1d
10 38 0 l1d
31 10 6 l1d
21 57 1 l1d
26 34 3 l1d
26 24 8 l1d
14 31 7 l1d
4 40 1 l1d
11 13 1 l1d
3 50 4 l1d
23 40 1 l1d
13 21 1 l1d
11 45 7 l1d
7 41 3 l1d
21 3 8 l1d
14 61 5 l1d
20 36 7 l1d
5 62 7 l1d
17 19 4 l1d
18 47 8 l1d
7 40 4 l1d
18 18 8 l1d
20 42 0 l1d
23 37 3 l1d
21 48 1 l1d
18 33 1 l1d
29 31 8 l1d
10 45 5 l1d
22 35 8 l1d
15 20 7 l1d
19 47 2 l1d
3 54 7 l1d
6 1 4 l1d
18 1 7 l1d
29 19 4 l1d
14 59 3 l1d
12 31 5 l1d
27 23 4 l1d
19 34 0 l1d
10 6 0 l1d
2 28 2 l1d
20 58 2 l1d
4 22 8 l1d
7 21 0 l1d
13 13 3 l1d
19 60 2 l1d
20 3 0 l1d
16 29 5 l1d
31 33 0 l1d
28 61 6 l1d
5 39 6 l1d
10 27 2 l1d
6 25 2 l1d
2 21 4 l1d
19 52 8 l1d
29 6 4 l1d
13 41 3 l1d
13 1 3 l1d
1 30 4 l1d
26 57 3 l1d
15 63 5 l1d
7 64 5 l1d
26 20 4 l1d
5 9 6 l1d
18 64 0 l1d
30 34 8 l1d
27 20 5 l1d
26 3 1 l1d
16 22 0 l1d
17 56 4 l1d
2 31 4 l1d
23 36 7 l1d
11 44 3 l1d
28 18 7 l1d
1 22 4 l1d
