2 18 4 l1d
31 51 2 l1d
21 49 4 l1d
16 48 8 l1d
20 8 6 l1d
6 45 1 l1d
20 27 6 l1d
3 17 2 l1d
5 15 8 l1d
0 43 7 l1d
8 58 8 l1d
5 54 1 l1d
21 36 5 l1d
0 5 8 l1d
12 11 2 l1d
3 1 1 l1d
9 33 6 l1d
31 25 5 l1d
1 50 3 l1d
4 37 3 l1d
16 31 1 l1d
11 6 3 l1d
15 22 4 l1d
32 52 1 l1d
7 12 8 l1d
4 64 7 l1d
27 52 5 l1d
11 31 0 l1d
16 7 3 l1d
7 47 5 l1d
0 50 3 l1d
18 38 5 l1d
3 3 8 l1d
27 2 2 l1d
21 39 3 l1d
31 27 1 l1d
22 5 5 l1d
19 60 5 l1d
22 31 4 l1d
13 59 3 l1d
21 13 2 l1d
30 37 0 l1d
22 38 5 l1d
30 20 8 l1d
15 32 5 l1d
14 7 0 l1d
21 45 2 l1d
14 53 7 l1d
19 9 6 l1d
9 50 1 l1d
20 58 0 l1d
8 52 0 l1d
19 50 1 l1d
8 33 1 l1d
1 17 2 l1d
7 22 2 l1d
26 6 0 l1d
18 7 1 l1d
7 13 1 l1d
9 0 2 l1d
26 19 0 l1d
18 39 3 l1d
13 11 5 l1d
24 48 4 l1d
19 24 1 l1d
23 47 6 l1d
28 48 1 l1d
2 39 3 l1d
15 5 0 l1d
20 40 6 l1d
27 34 7 l1d
21 38 8 l1d
8 0 8 l1d
15 5 7 l1d
14 36 3 l1d
22 44 1 l1d
1 28 0 l1d
10 47 0 l1d
17 34 8 l1d
3 49 5 l1d
14 62 4 l1d
7 45 3 l1d
17 60 3 l1d
6 10 3 l1d
14 14 3 l1d
16 11 4 l1d
28 47 3 l1d
12 37 0 l1d
32 18 7 l1d
4 7 6 l1d
6 25 0 l1d
17 31 1 l1d
2 18 2 l1d
19 45 0 l1d
2 43 8 l1d
9 63 3 l1d
11 45 4 l1d
10 48 3 l1d
13 54 6 l1d
30 47 1 l1d
15 12 4 l1d
4 9 0 l1d
30 10 5 l1d
11 32 0 l1d
29 14 6 l1d
28 12 4 l1d
24 38 4 l1d
8 13 8 l1d
25 13 2 l1d
24 19 7 l1d
10 31 8 l1d
31 18 4 l1d
31 7 5 l1d
30 5 2 l1d
25 26 4 l1d
25 37 0 l1d
13 39 6 l1d
21 26 6 l1d
16 39 1 l1d
14 49 7 l1d
0 59 6 l1d
29 31 8 l1d
5 14 4 l1d
9 26 8 l1d
8 45 7 l1d
5 43 3 l1d
1 20 3 l1d
30 19 0 l1d
2 55 2 l1d
30 49 7 l1d
10 10 2 l1d
24 28 3 l1d
3 50 4 l1d
13 52 3 l1d
15 4 5 l1d
16 57 5 l1d
12 61 5 l1d
7 52 8 l1d
