5 15 3 l1d
31 43 0 l1d
5 40 3 l1d
26 5 8 l1d
19 5 8 l1d
5 52 4 l1d
0 38 0 l1d
23 47 3 l1d
17 8 8 l1d
20 29 5 l1d
2 4 6 l1d
11 34 5 l1d
6 21 0 l1d
24 3 3 l1d
26 31 2 l1d
32 60 8 l1d
17 34 5 l1d
5 38 8 l1d
16 62 2 l1d
11 2 7 l1d
2 25 6 l1d
30 57 8 l1d
0 13 0 l1d
7 52 4 l1d
30 51 1 l1d
32 15 3 l1d
15 18 4 l1d
22 34 0 l1d
18 39 6 l1d
8 29 0 l1d
8 2 7 l1d
7 10 5 l1d
11 61 2 l1d
5 43 5 l1d
6 18 8 l1d
13 57 6 l1d
32 39 7 l1d
1 46 4 l1d
31 14 4 l1d
6 20 3 l1d
29 63 0 l1d
26 38 8 l1d
0 27 3 l1d
4 42 7 l1d
21 57 5 l1d
1 61 4 l1d
6 26 0 l1d
27 15 0 l1d
26 11 6 l1d
31 64 4 l1d
1 39 1 l1d
21 15 8 l1d
13 32 1 l1d
3 38 4 l1d
1 30 6 l1d
5 9 2 l1d
16 2 4 l1d
12 5 2 l1d
18 64 2 l1d
30 51 0 l1d
9 20 2 l1d
6 47 2 l1d
27 8 6 l1d
11 19 7 l1d
30 57 5 l1d
27 60 3 l1d
3 10 3 l1d
29 59 3 l1d
31 42 2 l1d
23 59 2 l1d
30 59 1 l1d
16 63 2 l1d
27 19 5 l1d
27 45 3 l1d
8 18 0 l1d
0 21 6 l1d
32 27 8 l1d
27 40 7 l1d
30 53 6 l1d
0 57 8 l1d
15 10 4 l1d
6 8 6 l1d
24 2 8 l1d
5 43 1 l1d
23 44 0 l1d
32 15 1 l1d
31 31 6 l1d
14 19 1 l1d
3 27 5 l1d
11 26 7 l1d
23 47 4 l1d
28 17 7 l1d
16 17 3 l1d
18 38 3 l1d
32 56 7 l1d
24 31 8 l1d
23 51 7 l1d
32 30 4 l1d
4 44 6 l1d
28 29 1 l1d
23 33 3 l1d
24 29 2 l1d
8 62 4 l1d
18 44 1 l1d
7 1 4 l1d
25 42 0 l1d
32 32 6 l1d
8 52 6 l1d
18 10 8 l1d
25 34 4 l1d
15 39 6 l1d
8 30 8 l1d
15 3 6 l1d
19 46 0 l1d
7 39 6 l1d
22 38 7 l1d
9 17 7 l1d
7 2 1 l1d
28 41 3 l1d
31 46 2 l1d
5 3 3 l1d
12 34 2 l1d
12 30 8 l1d
15 21 4 l1d
8 28 7 l1d
25 43 2 l1d
11 46 1 l1d
6 28 2 l1d
5 33 0 l1d
26 63 6 l1d
32 56 4 l1d
23 17 1 l1d
9 34 5 l1d
20 45 3 l1d
6 19 3 l1d
3 13 8 l1d
15 27 8 l1d
11 9 0 l1d
26 16 5 l1d
20 28 4 l1d
24 17 0 l1d
23 46 1 l1d
20 3 2 l1d
31 35 0 l1d
30 17 5 l1d
16 15 1 l1d
15 18 6 l1d
12 0 6 l1d
13 12 8 l1d
24 51 6 l1d
26 46 4 l1d
25 55 3 l1d
4 53 6 l1d
27 30 4 l1d
