18 16 2 l1d
15 46 4 l1d
7 43 5 l1d
31 59 3 l1d
6 18 2 l1d
25 41 3 l1d
8 53 3 l1d
31 21 3 l1d
25 17 4 l1d
13 56 7 l1d
0 58 8 l1d
26 33 6 l1d
6 2 4 l1d
26 54 8 l1d
20 0 3 l1d
20 41 3 l1d
10 48 7 l1d
18 0 7 l1d
22 15 0 l1d
4 2 6 l1d
0 23 8 l1d
2 10 3 l1d
29 50 0 l1d
18 56 2 l1d
22 39 8 l1d
20 2 1 l1d
3 9 6 l1d
28 19 7 l1d
13 46 5 l1d
0 23 3 l1d
23 50 3 l1d
31 26 0 l1d
30 34 8 l1d
6 37 3 l1d
7 12 3 l1d
19 59 3 l1d
21 27 3 l1d
0 21 0 l1d
0 44 8 l1d
10 33 6 l1d
0 56 8 l1d
14 3 5 l1d
30 1 6 l1d
31 59 6 l1d
29 18 8 l1d
17 25 2 l1d
11 21 0 l1d
16 26 0 l1d
21 59 8 l1d
30 11 5 l1d
29 36 5 l1d
9 32 2 l1d
22 50 4 l1d
32 56 4 l1d
3 36 5 l1d
4 18 5 l1d
25 6 1 l1d
11 25 4 l1d
3 30 7 l1d
2 37 2 l1d
23 31 7 l1d
2 49 2 l1d
8 23 5 l1d
1 19 5 l1d
17 63 5 l1d
16 43 8 l1d
21 13 4 l1d
18 42 2 l1d
23 30 0 l1d
8 31 0 l1d
16 32 8 l1d
2 6 1 l1d
3 37 6 l1d
14 60 5 l1d
14 18 1 l1d
20 14 5 l1d
19 8 6 l1d
22 20 3 l1d
24 27 6 l1d
27 52 5 l1d
