9 62 2 l1d
11 30 7 l1d
21 52 2 l1d
17 34 2 l1d
23 63 1 l1d
1 55 6 l1d
6 32 4 l1d
22 36 4 l1d
6 35 8 l1d
22 25 7 l1d
23 1 8 l1d
1 44 6 l1d
26 3 6 l1d
8 16 8 l1d
18 37 0 l1d
14 9 8 l1d
1 51 0 l1d
19 15 6 l1d
14 19 2 l1d
10 1 7 l1d
21 28 0 l1d
19 64 2 l1d
10 35 6 l1d
23 61 1 l1d
10 15 4 l1d
0 4 6 l1d
24 57 0 l1d
25 40 3 l1d
1 11 5 l1d
29 48 8 l1d
30 24 0 l1d
14 56 3 l1d
4 8 6 l1d
5 35 6 l1d
12 55 3 l1d
4 47 6 l1d
25 41 6 l1d
10 60 3 l1d
28 31 1 l1d
12 5 6 l1d
31 5 5 l1d
1 59 3 l1d
29 55 5 l1d
18 33 6 l1d
18 20 1 l1d
22 36 3 l1d
12 57 3 l1d
21 30 4 l1d
23 40 0 l1d
25 0 7 l1d
9 36 1 l1d
21 56 6 l1d
32 26 2 l1d
29 61 4 l1d
