25 28 0 l1d
22 27 7 l1d
4 58 4 l1d
17 6 3 l1d
12 34 7 l1d
32 37 0 l1d
30 45 8 l1d
28 30 1 l1d
20 55 4 l1d
15 34 5 l1d
27 27 0 l1d
18 44 8 l1d
4 40 2 l1d
8 2 7 l1d
25 35 6 l1d
7 40 2 l1d
31 22 0 l1d
19 27 7 l1d
5 59 0 l1d
1 5 1 l1d
19 50 8 l1d
1 30 1 l1d
9 41 5 l1d
4 38 6 l1d
20 15 1 l1d
23 31 7 l1d
19 39 6 l1d
27 27 0 l1d
26 15 2 l1d
0 25 0 l1d
17 48 6 l1d
15 10 3 l1d
30 47 7 l1d
27 36 6 l1d
5 7 4 l1d
15 61 1 l1d
16 42 6 l1d
17 63 7 l1d
19 44 0 l1d
13 58 1 l1d
4 18 8 l1d
25 0 8 l1d
15 47 5 l1d
6 53 1 l1d
12 34 8 l1d
14 55 1 l1d
