12 48 7 l1d
15 56 2 l1d
20 31 1 l1d
13 7 3 l1d
12 5 8 l1d
4 39 2 l1d
25 49 1 l1d
12 17 7 l1d
0 53 8 l1d
10 12 5 l1d
0 25 0 l1d
12 26 8 l1d
26 40 3 l1d
23 25 3 l1d
5 29 5 l1d
19 31 5 l1d
20 20 0 l1d
26 18 6 l1d
31 56 1 l1d
1 9 0 l1d
23 15 8 l1d
3 38 0 l1d
25 10 7 l1d
4 18 4 l1d
11 37 6 l1d
14 63 5 l1d
24 26 4 l1d
13 52 1 l1d
4 7 1 l1d
24 18 7 l1d
7 61 1 l1d
3 22 8 l1d
32 22 2 l1d
28 40 8 l1d
30 44 5 l1d
32 13 0 l1d
15 2 5 l1d
24 37 1 l1d
9 56 8 l1d
25 6 4 l1d
19 18 3 l1d
19 4 4 l1d
30 5 7 l1d
14 6 3 l1d
2 46 8 l1d
8 8 0 l1d
15 49 8 l1d
15 22 7 l1d
21 27 4 l1d
23 31 8 l1d
14 21 5 l1d
1 46 3 l1d
32 32 8 l1d
30 57 2 l1d
26 20 1 l1d
4 32 8 l1d
26 12 6 l1d
17 20 6 l1d
27 64 1 l1d
21 37 0 l1d
13 31 6 l1d
16 25 4 l1d
14 39 2 l1d
2 12 2 l1d
1 26 3 l1d
15 10 6 l1d
25 49 4 l1d
30 54 6 l1d
13 60 5 l1d
26 5 0 l1d
20 21 6 l1d
11 3 7 l1d
12 6 0 l1d
0 41 7 l1d
22 25 5 l1d
13 46 3 l1d
18 0 6 l1d
2 60 8 l1d
3 23 3 l1d
9 14 7 l1d
6 21 6 l1d
19 39 3 l1d
2 62 2 l1d
16 37 5 l1d
30 57 8 l1d
22 10 2 l1d
11 6 8 l1d
6 23 7 l1d
26 53 0 l1d
15 33 3 l1d
18 9 0 l1d
14 58 2 l1d
30 23 7 l1d
7 26 7 l1d
18 46 5 l1d
11 43 5 l1d
6 45 3 l1d
13 24 4 l1d
20 28 4 l1d
6 50 3 l1d
23 19 4 l1d
28 29 7 l1d
32 43 0 l1d
26 0 6 l1d
27 33 6 l1d
8 16 0 l1d
5 0 8 l1d
19 23 4 l1d
18 2 6 l1d
10 43 5 l1d
15 46 8 l1d
11 38 6 l1d
19 45 8 l1d
8 12 3 l1d
17 12 5 l1d
15 22 6 l1d
16 6 5 l1d
16 4 5 l1d
30 5 0 l1d
15 42 7 l1d
27 53 0 l1d
18 62 7 l1d
24 32 4 l1d
24 49 8 l1d
23 45 3 l1d
31 62 4 l1d
3 63 4 l1d
23 51 3 l1d
10 62 6 l1d
18 14 2 l1d
16 33 4 l1d
0 49 8 l1d
29 7 2 l1d
3 63 8 l1d
7 7 7 l1d
24 61 6 l1d
11 38 2 l1d
16 9 2 l1d
19 37 8 l1d
6 11 5 l1d
27 55 5 l1d
3 27 6 l1d
21 34 8 l1d
13 34 6 l1d
26 27 3 l1d
29 28 1 l1d
23 60 1 l1d
31 31 2 l1d
17 56 1 l1d
27 26 4 l1d
20 4 8 l1d
22 0 4 l1d
22 9 4 l1d
17 57 3 l1d
5 1 6 l1d
2 27 3 l1d
5 48 8 l1d
10 5 4 l1d
12 34 7 l1d
24 39 3 l1d
10 54 8 l1d
14 60 2 l1d
20 22 1 l1d
15 64 3 l1d
27 11 2 l1d
24 44 0 l1d
32 37 2 l1d
27 48 4 l1d
21 14 2 l1d
12 60 6 l1d
18 39 7 l1d
13 6 4 l1d
9 13 3 l1d
6 2 5 l1d
28 11 1 l1d
8 29 7 l1d
10 10 6 l1d
24 44 8 l1d
24 7 3 l1d
2 0 7 l1d
22 29 4 l1d
27 51 5 l1d
4 24 0 l1d
18 53 7 l1d
21 53 6 l1d
14 0 8 l1d
11 22 7 l1d
26 33 2 l1d
4 46 7 l1d
13 37 6 l1d
14 38 7 l1d
25 13 3 l1d
0 16 4 l1d
14 20 4 l1d
21 52 0 l1d
16 39 4 l1d
10 14 6 l1d
8 3 4 l1d
2 17 7 l1d
2 25 7 l1d
29 45 8 l1d
6 14 2 l1d
15 44 0 l1d
0 42 0 l1d
1 8 3 l1d
27 53 0 l1d
8 63 6 l1d
12 4 5 l1d
22 38 5 l1d
29 30 5 l1d
26 34 5 l1d
19 9 8 l1d
17 9 8 l1d
19 26 7 l1d
26 10 5 l1d
26 24 1 l1d
5 23 8 l1d
24 19 0 l1d
