10 44 5 l1d
8 12 2 l1d
17 57 0 l1d
8 57 2 l1d
30 8 2 l1d
28 43 7 l1d
24 35 4 l1d
1 41 1 l1d
10 48 8 l1d
6 31 1 l1d
11 11 6 l1d
12 36 3 l1d
18 62 1 l1d
0 10 1 l1d
1 39 6 l1d
28 21 6 l1d
10 43 1 l1d
12 49 2 l1d
2 12 0 l1d
21 42 1 l1d
14 28 8 l1d
5 19 5 l1d
27 2 5 l1d
8 7 4 l1d
28 38 6 l1d
21 27 3 l1d
25 19 0 l1d
19 35 0 l1d
31 61 4 l1d
6 34 1 l1d
14 0 0 l1d
25 2 1 l1d
3 7 3 l1d
0 13 6 l1d
2 59 8 l1d
17 41 3 l1d
19 19 3 l1d
6 2 2 l1d
14 46 5 l1d
32 22 3 l1d
2 27 4 l1d
27 1 6 l1d
11 59 4 l1d
6 18 6 l1d
9 61 4 l1d
22 48 4 l1d
22 24 4 l1d
3 36 4 l1d
11 64 8 l1d
12 21 7 l1d
27 24 3 l1d
26 8 2 l1d
1 41 7 l1d
14 34 7 l1d
1 58 6 l1d
29 62 5 l1d
5 6 7 l1d
13 24 6 l1d
26 26 6 l1d
11 11 8 l1d
4 42 5 l1d
8 44 7 l1d
1 58 8 l1d
26 21 8 l1d
30 36 5 l1d
1 28 2 l1d
19 58 0 l1d
9 11 3 l1d
