30 24 4 l1d
14 21 3 l1d
20 34 1 l1d
25 2 7 l1d
3 14 2 l1d
29 13 3 l1d
24 30 3 l1d
15 20 2 l1d
11 10 0 l1d
10 8 7 l1d
20 26 5 l1d
19 6 7 l1d
18 9 3 l1d
13 57 7 l1d
14 44 3 l1d
16 48 7 l1d
16 31 3 l1d
5 28 5 l1d
22 13 1 l1d
25 4 1 l1d
19 48 1 l1d
20 57 3 l1d
20 37 5 l1d
5 29 0 l1d
17 29 2 l1d
26 5 8 l1d
24 11 2 l1d
17 59 8 l1d
16 3 3 l1d
18 11 4 l1d
2 44 3 l1d
32 32 4 l1d
23 33 7 l1d
6 21 7 l1d
14 54 8 l1d
20 20 0 l1d
28 8 4 l1d
12 13 6 l1d
7 24 6 l1d
2 1 3 l1d
6 23 8 l1d
7 58 7 l1d
31 6 7 l1d
6 39 3 l1d
32 46 1 l1d
13 17 3 l1d
7 60 3 l1d
2 4 8 l1d
15 52 6 l1d
10 7 8 l1d
22 51 1 l1d
5 9 8 l1d
4 63 6 l1d
8 23 2 l1d
10 30 3 l1d
11 58 5 l1d
