24 22 1 l1d
32 32 2 l1d
32 17 5 l1d
27 42 6 l1d
19 40 4 l1d
14 9 2 l1d
23 13 0 l1d
2 36 7 l1d
30 56 7 l1d
2 9 0 l1d
12 42 2 l1d
13 20 2 l1d
4 43 0 l1d
30 39 1 l1d
20 31 2 l1d
9 30 8 l1d
10 39 1 l1d
14 6 5 l1d
19 5 5 l1d
21 4 1 l1d
6 23 7 l1d
11 29 4 l1d
15 25 6 l1d
22 54 0 l1d
2 35 2 l1d
22 55 6 l1d
18 31 7 l1d
14 52 0 l1d
19 46 5 l1d
9 49 8 l1d
25 23 0 l1d
27 54 0 l1d
29 10 2 l1d
19 27 3 l1d
3 5 4 l1d
12 0 5 l1d
8 57 3 l1d
22 51 0 l1d
18 64 7 l1d
0 1 5 l1d
24 29 7 l1d
3 31 4 l1d
0 24 5 l1d
18 31 4 l1d
6 16 3 l1d
14 54 0 l1d
10 16 6 l1d
28 25 5 l1d
17 55 2 l1d
24 28 2 l1d
22 47 6 l1d
16 4 7 l1d
22 39 3 l1d
28 11 4 l1d
30 11 3 l1d
12 63 2 l1d
26 64 0 l1d
19 52 0 l1d
21 5 5 l1d
30 41 7 l1d
31 31 0 l1d
31 7 5 l1d
14 40 1 l1d
7 25 0 l1d
27 62 6 l1d
7 59 5 l1d
24 37 1 l1d
23 32 2 l1d
32 56 2 l1d
12 26 1 l1d
7 52 0 l1d
25 63 7 l1d
18 5 5 l1d
17 31 8 l1d
30 21 7 l1d
11 53 5 l1d
1 42 6 l1d
8 0 6 l1d
5 47 6 l1d
2 45 3 l1d
0 63 6 l1d
26 63 4 l1d
10 44 5 l1d
31 12 7 l1d
27 4 7 l1d
24 40 3 l1d
32 57 4 l1d
17 1 4 l1d
17 47 1 l1d
12 59 6 l1d
5 19 8 l1d
2 43 1 l1d
5 7 1 l1d
30 19 3 l1d
2 9 0 l1d
18 13 5 l1d
20 43 1 l1d
30 29 1 l1d
5 61 5 l1d
17 41 3 l1d
29 63 2 l1d
3 12 5 l1d
23 38 7 l1d
30 23 6 l1d
14 61 8 l1d
5 39 6 l1d
0 32 2 l1d
15 31 4 l1d
32 9 0 l1d
29 63 3 l1d
16 25 3 l1d
15 23 8 l1d
7 40 8 l1d
31 43 4 l1d
18 3 7 l1d
23 59 7 l1d
17 36 5 l1d
26 62 1 l1d
9 26 7 l1d
2 62 1 l1d
16 1 2 l1d
27 26 7 l1d
18 32 0 l1d
14 9 5 l1d
21 62 1 l1d
13 2 8 l1d
11 4 5 l1d
27 60 6 l1d
10 52 7 l1d
5 53 8 l1d
14 37 2 l1d
25 10 5 l1d
10 17 2 l1d
31 27 3 l1d
29 8 8 l1d
12 29 6 l1d
10 43 6 l1d
4 16 0 l1d
18 3 8 l1d
24 28 2 l1d
12 20 7 l1d
10 25 3 l1d
15 24 7 l1d
0 28 7 l1d
26 61 4 l1d
0 60 8 l1d
8 53 8 l1d
12 19 6 l1d
9 27 4 l1d
7 40 2 l1d
