30 13 7 l1d
3 12 0 l1d
11 43 7 l1d
28 47 3 l1d
32 14 6 l1d
16 38 8 l1d
4 32 8 l1d
24 32 2 l1d
1 10 2 l1d
8 15 7 l1d
23 35 0 l1d
23 3 1 l1d
25 46 0 l1d
13 10 1 l1d
1 56 8 l1d
23 10 0 l1d
26 37 7 l1d
1 7 8 l1d
17 18 6 l1d
3 53 8 l1d
4 22 2 l1d
12 5 6 l1d
27 59 8 l1d
24 51 2 l1d
22 22 2 l1d
19 16 0 l1d
23 20 3 l1d
31 58 2 l1d
16 44 4 l1d
1 18 3 l1d
14 47 4 l1d
32 8 5 l1d
13 49 0 l1d
11 30 5 l1d
15 23 8 l1d
5 29 1 l1d
30 26 5 l1d
27 19 4 l1d
5 18 7 l1d
10 47 8 l1d
27 50 1 l1d
5 20 1 l1d
23 7 1 l1d
12 5 1 l1d
6 42 2 l1d
10 63 0 l1d
21 9 0 l1d
9 59 4 l1d
31 0 0 l1d
14 51 7 l1d
3 7 4 l1d
30 22 3 l1d
23 15 0 l1d
2 20 2 l1d
6 52 1 l1d
19 16 6 l1d
6 27 7 l1d
0 45 3 l1d
24 57 0 l1d
29 32 7 l1d
13 39 3 l1d
12 38 8 l1d
15 21 8 l1d
0 29 1 l1d
10 45 3 l1d
20 30 1 l1d
29 17 1 l1d
4 21 3 l1d
11 42 7 l1d
6 14 7 l1d
21 27 0 l1d
24 35 2 l1d
31 27 3 l1d
4 33 1 l1d
30 50 8 l1d
7 59 5 l1d
29 5 0 l1d
6 48 2 l1d
25 22 6 l1d
26 18 8 l1d
10 24 2 l1d
6 7 5 l1d
0 54 6 l1d
4 38 3 l1d
17 31 3 l1d
6 34 7 l1d
5 10 3 l1d
8 13 4 l1d
18 9 4 l1d
28 40 0 l1d
4 54 7 l1d
32 33 2 l1d
24 36 1 l1d
20 51 1 l1d
19 11 0 l1d
25 2 0 l1d
12 32 0 l1d
10 12 1 l1d
1 31 6 l1d
12 12 7 l1d
28 6 5 l1d
3 57 6 l1d
23 28 4 l1d
9 43 5 l1d
19 34 4 l1d
2 30 2 l1d
18 43 7 l1d
4 57 1 l1d
2 34 1 l1d
11 11 3 l1d
5 52 7 l1d
19 24 3 l1d
19 38 1 l1d
15 33 3 l1d
31 57 5 l1d
5 56 0 l1d
12 5 0 l1d
15 36 4 l1d
6 31 2 l1d
26 37 7 l1d
31 44 8 l1d
14 22 4 l1d
3 48 2 l1d
9 17 7 l1d
1 18 3 l1d
13 50 4 l1d
26 50 8 l1d
32 47 4 l1d
24 1 8 l1d
9 29 1 l1d
21 5 5 l1d
17 59 8 l1d
4 13 4 l1d
0 0 3 l1d
5 26 4 l1d
24 14 3 l1d
24 9 4 l1d
24 20 2 l1d
25 8 1 l1d
28 15 0 l1d
26 38 2 l1d
22 45 5 l1d
0 44 1 l1d
4 8 4 l1d
5 5 2 l1d
4 6 7 l1d
24 50 1 l1d
5 37 1 l1d
28 9 6 l1d
28 47 3 l1d
18 57 5 l1d
7 51 6 l1d
16 61 5 l1d
3 57 0 l1d
2 45 7 l1d
29 11 0 l1d
21 23 8 l1d
6 41 5 l1d
0 59 0 l1d
0 34 7 l1d
17 25 7 l1d
13 50 3 l1d
20 29 2 l1d
4 53 7 l1d
11 10 5 l1d
14 58 0 l1d
