8 26 1 l1d
24 63 0 l1d
4 36 2 l1d
30 21 1 l1d
18 29 4 l1d
8 25 3 l1d
31 7 8 l1d
24 35 2 l1d
16 2 7 l1d
7 32 4 l1d
27 7 5 l1d
8 40 7 l1d
7 32 0 l1d
25 54 7 l1d
26 11 1 l1d
28 57 2 l1d
13 33 2 l1d
6 11 5 l1d
20 56 1 l1d
26 16 2 l1d
14 14 3 l1d
20 30 4 l1d
31 20 4 l1d
24 30 8 l1d
25 42 7 l1d
24 60 5 l1d
18 11 3 l1d
17 56 4 l1d
21 6 0 l1d
6 49 4 l1d
27 27 3 l1d
27 34 0 l1d
14 46 8 l1d
24 13 1 l1d
15 10 5 l1d
0 37 0 l1d
9 26 8 l1d
27 8 2 l1d
20 44 1 l1d
24 11 1 l1d
32 25 0 l1d
4 7 6 l1d
25 36 0 l1d
22 13 1 l1d
23 35 6 l1d
24 5 2 l1d
22 53 6 l1d
22 47 3 l1d
