32 37 1 l1d
12 50 0 l1d
12 56 6 l1d
26 27 8 l1d
17 9 7 l1d
26 6 8 l1d
7 30 8 l1d
3 49 4 l1d
9 14 4 l1d
29 48 6 l1d
3 56 4 l1d
5 2 6 l1d
6 22 4 l1d
31 52 2 l1d
22 62 3 l1d
18 46 1 l1d
28 6 3 l1d
20 61 6 l1d
0 32 6 l1d
24 64 1 l1d
2 8 1 l1d
15 35 3 l1d
28 36 4 l1d
31 8 1 l1d
13 29 2 l1d
11 15 1 l1d
1 25 7 l1d
20 34 0 l1d
1 52 5 l1d
4 57 4 l1d
1 15 1 l1d
24 61 3 l1d
17 1 6 l1d
19 8 7 l1d
14 23 7 l1d
32 57 7 l1d
18 42 7 l1d
7 18 3 l1d
22 15 3 l1d
2 56 1 l1d
8 37 8 l1d
10 44 2 l1d
10 8 6 l1d
26 34 2 l1d
