21 48 7 l1d
15 59 1 l1d
24 23 6 l1d
24 46 2 l1d
14 17 5 l1d
12 57 1 l1d
8 28 8 l1d
27 45 0 l1d
27 3 3 l1d
0 20 4 l1d
15 37 4 l1d
24 56 3 l1d
28 64 4 l1d
12 52 1 l1d
8 48 7 l1d
12 36 3 l1d
4 51 2 l1d
0 18 0 l1d
16 37 8 l1d
0 7 0 l1d
14 18 4 l1d
7 39 7 l1d
13 5 6 l1d
27 35 5 l1d
30 11 7 l1d
28 20 2 l1d
15 50 0 l1d
28 34 1 l1d
29 4 8 l1d
30 29 0 l1d
23 32 7 l1d
29 45 7 l1d
16 47 3 l1d
12 50 6 l1d
21 53 2 l1d
26 42 6 l1d
2 60 8 l1d
7 20 3 l1d
8 50 4 l1d
9 57 2 l1d
19 21 5 l1d
28 53 6 l1d
8 9 7 l1d
10 52 4 l1d
