10 1 6 l1d
6 55 7 l1d
24 9 4 l1d
25 3 0 l1d
30 0 1 l1d
19 13 5 l1d
2 61 3 l1d
1 15 5 l1d
22 36 2 l1d
28 44 3 l1d
17 36 0 l1d
25 38 0 l1d
5 35 8 l1d
21 37 8 l1d
22 50 0 l1d
2 49 8 l1d
23 27 1 l1d
30 39 5 l1d
27 17 1 l1d
25 14 2 l1d
25 38 0 l1d
24 44 6 l1d
0 35 2 l1d
22 63 7 l1d
3 22 0 l1d
13 46 2 l1d
18 33 0 l1d
0 34 0 l1d
24 16 7 l1d
23 48 8 l1d
27 9 4 l1d
31 39 1 l1d
12 36 2 l1d
12 50 4 l1d
28 48 7 l1d
19 48 3 l1d
14 36 0 l1d
29 27 1 l1d
20 36 7 l1d
27 5 8 l1d
24 49 6 l1d
7 7 0 l1d
15 12 2 l1d
24 50 2 l1d
17 56 8 l1d
13 33 6 l1d
8 61 5 l1d
10 49 7 l1d
31 11 7 l1d
8 38 5 l1d
6 11 1 l1d
4 6 8 l1d
25 10 6 l1d
29 24 1 l1d
20 58 3 l1d
10 6 4 l1d
10 64 8 l1d
23 61 5 l1d
0 60 5 l1d
11 56 6 l1d
13 16 7 l1d
9 22 7 l1d
7 41 8 l1d
17 1 2 l1d
18 39 8 l1d
4 29 5 l1d
23 61 8 l1d
29 40 5 l1d
6 23 1 l1d
30 4 3 l1d
24 60 2 l1d
2 5 6 l1d
29 46 7 l1d
17 14 6 l1d
30 60 5 l1d
17 19 3 l1d
2 9 7 l1d
30 17 4 l1d
6 51 3 l1d
0 29 0 l1d
9 8 2 l1d
14 16 7 l1d
18 56 0 l1d
13 36 7 l1d
26 3 0 l1d
30 49 7 l1d
7 55 0 l1d
27 14 5 l1d
3 28 7 l1d
11 64 3 l1d
12 33 6 l1d
27 21 8 l1d
3 29 7 l1d
29 0 8 l1d
10 26 6 l1d
1 57 7 l1d
22 19 7 l1d
10 45 7 l1d
11 47 7 l1d
20 60 2 l1d
29 53 1 l1d
14 11 0 l1d
8 7 5 l1d
2 5 4 l1d
18 11 5 l1d
3 16 7 l1d
31 40 4 l1d
31 45 1 l1d
14 19 6 l1d
6 44 4 l1d
32 30 7 l1d
28 9 2 l1d
13 0 8 l1d
14 55 2 l1d
5 3 5 l1d
1 63 1 l1d
22 60 4 l1d
32 57 4 l1d
25 55 8 l1d
27 39 2 l1d
11 1 6 l1d
3 49 1 l1d
28 45 5 l1d
18 43 0 l1d
17 62 2 l1d
11 63 7 l1d
22 46 4 l1d
7 7 5 l1d
31 23 3 l1d
29 29 7 l1d
16 5 3 l1d
26 14 2 l1d
7 22 7 l1d
2 59 3 l1d
20 36 7 l1d
5 43 6 l1d
24 18 7 l1d
28 34 8 l1d
22 64 4 l1d
10 0 8 l1d
18 9 3 l1d
31 28 4 l1d
10 25 5 l1d
1 17 8 l1d
25 11 4 l1d
12 33 4 l1d
