25 55 5 l1d
32 4 2 l1d
8 10 0 l1d
3 36 5 l1d
17 19 7 l1d
24 30 0 l1d
1 12 2 l1d
21 1 1 l1d
25 38 6 l1d
30 9 5 l1d
14 61 3 l1d
26 47 1 l1d
4 1 6 l1d
4 26 6 l1d
17 20 1 l1d
24 47 8 l1d
19 27 4 l1d
12 16 0 l1d
19 50 8 l1d
8 55 6 l1d
15 36 6 l1d
27 40 6 l1d
12 28 4 l1d
16 1 1 l1d
15 44 5 l1d
0 32 0 l1d
7 7 3 l1d
3 55 5 l1d
14 39 8 l1d
3 47 4 l1d
15 44 2 l1d
31 6 3 l1d
5 42 2 l1d
10 36 4 l1d
14 60 1 l1d
14 14 5 l1d
0 49 4 l1d
25 56 7 l1d
1 35 7 l1d
11 54 8 l1d
28 41 3 l1d
18 64 6 l1d
28 36 3 l1d
22 8 4 l1d
10 48 1 l1d
8 50 1 l1d
21 56 6 l1d
31 30 8 l1d
3 28 1 l1d
13 43 8 l1d
8 40 3 l1d
3 61 5 l1d
29 49 1 l1d
24 30 4 l1d
24 45 3 l1d
16 23 4 l1d
28 64 3 l1d
5 4 7 l1d
13 59 2 l1d
21 61 4 l1d
32 19 2 l1d
7 50 1 l1d
0 15 7 l1d
14 9 5 l1d
8 10 6 l1d
25 25 8 l1d
24 24 4 l1d
24 41 5 l1d
19 33 1 l1d
4 48 5 l1d
2 19 6 l1d
20 6 8 l1d
27 28 8 l1d
7 27 8 l1d
1 40 5 l1d
14 9 6 l1d
31 3 5 l1d
5 5 2 l1d
26 42 2 l1d
26 24 6 l1d
13 45 6 l1d
2 10 7 l1d
