3 19 5 l1d
7 62 2 l1d
7 36 3 l1d
19 58 6 l1d
16 26 4 l1d
26 5 5 l1d
26 37 2 l1d
14 14 3 l1d
28 4 3 l1d
4 61 3 l1d
25 29 2 l1d
5 47 1 l1d
24 11 2 l1d
25 37 6 l1d
26 17 4 l1d
23 52 5 l1d
22 31 1 l1d
5 41 1 l1d
8 6 5 l1d
3 15 6 l1d
20 11 4 l1d
1 15 2 l1d
20 13 0 l1d
10 24 5 l1d
25 40 3 l1d
3 34 7 l1d
31 55 1 l1d
14 22 4 l1d
20 20 6 l1d
1 9 7 l1d
22 58 5 l1d
29 34 0 l1d
3 62 5 l1d
20 28 0 l1d
12 39 4 l1d
4 40 2 l1d
4 32 4 l1d
19 31 4 l1d
28 41 6 l1d
24 61 4 l1d
12 22 4 l1d
12 14 1 l1d
29 0 8 l1d
17 63 1 l1d
29 50 2 l1d
22 4 0 l1d
11 51 4 l1d
16 1 3 l1d
23 5 3 l1d
22 39 7 l1d
19 26 4 l1d
20 57 2 l1d
8 29 4 l1d
1 32 6 l1d
10 26 3 l1d
12 57 1 l1d
11 24 6 l1d
15 61 5 l1d
30 43 0 l1d
26 56 6 l1d
10 28 4 l1d
0 15 2 l1d
23 1 7 l1d
12 38 8 l1d
15 34 8 l1d
12 23 0 l1d
9 43 3 l1d
29 36 1 l1d
10 60 5 l1d
0 19 2 l1d
25 11 0 l1d
1 37 5 l1d
10 4 7 l1d
24 37 7 l1d
23 47 5 l1d
6 17 1 l1d
15 4 2 l1d
18 50 0 l1d
9 13 0 l1d
27 35 7 l1d
2 55 8 l1d
28 23 0 l1d
24 27 5 l1d
25 20 3 l1d
24 52 2 l1d
17 58 5 l1d
32 35 2 l1d
7 59 0 l1d
8 34 2 l1d
10 34 2 l1d
15 22 7 l1d
19 2 4 l1d
31 61 3 l1d
0 40 2 l1d
2 63 8 l1d
27 64 3 l1d
12 34 8 l1d
26 3 3 l1d
13 32 8 l1d
25 33 0 l1d
7 36 4 l1d
0 44 5 l1d
4 17 1 l1d
26 22 6 l1d
7 46 7 l1d
18 57 0 l1d
29 44 1 l1d
31 6 4 l1d
11 57 5 l1d
23 53 8 l1d
31 15 4 l1d
20 21 6 l1d
19 62 6 l1d
28 61 8 l1d
18 55 7 l1d
26 25 3 l1d
16 50 0 l1d
0 36 0 l1d
1 11 4 l1d
0 0 5 l1d
6 48 2 l1d
13 0 5 l1d
18 17 6 l1d
2 36 0 l1d
29 37 7 l1d
2 6 3 l1d
2 48 8 l1d
32 48 0 l1d
8 26 4 l1d
19 4 3 l1d
11 9 0 l1d
19 22 8 l1d
4 11 6 l1d
15 57 6 l1d
6 58 0 l1d
1 49 4 l1d
2 30 7 l1d
23 1 7 l1d
14 10 4 l1d
23 47 3 l1d
10 63 4 l1d
30 30 7 l1d
24 22 6 l1d
17 44 8 l1d
25 38 2 l1d
8 22 1 l1d
20 21 7 l1d
3 18 4 l1d
14 57 0 l1d
30 30 5 l1d
24 23 2 l1d
21 59 7 l1d
24 33 6 l1d
32 38 2 l1d
28 19 8 l1d
8 49 1 l1d
20 62 3 l1d
10 24 5 l1d
18 9 6 l1d
29 41 1 l1d
0 62 6 l1d
10 31 1 l1d
19 60 3 l1d
20 57 6 l1d
28 11 0 l1d
16 31 5 l1d
15 24 7 l1d
26 43 8 l1d
19 63 6 l1d
20 17 1 l1d
4 62 5 l1d
10 11 6 l1d
14 49 2 l1d
1 55 8 l1d
27 49 8 l1d
27 42 7 l1d
4 37 0 l1d
7 8 2 l1d
3 49 5 l1d
29 37 1 l1d
15 17 5 l1d
12 38 4 l1d
25 12 2 l1d
22 37 5 l1d
27 7 0 l1d
25 61 7 l1d
7 12 6 l1d
28 39 7 l1d
6 51 2 l1d
3 53 5 l1d
29 17 4 l1d
31 9 0 l1d
6 6 6 l1d
12 43 6 l1d
14 28 6 l1d
30 53 2 l1d
12 7 8 l1d
4 39 0 l1d
21 49 3 l1d
32 39 3 l1d
2 24 8 l1d
17 15 3 l1d
4 40 7 l1d
8 51 1 l1d
23 39 7 l1d
30 58 0 l1d
8 48 7 l1d
20 16 7 l1d
7 63 4 l1d
32 45 6 l1d
