31 43 8 l1d
20 36 1 l1d
15 4 8 l1d
19 15 5 l1d
22 18 0 l1d
0 12 8 l1d
9 61 5 l1d
30 59 0 l1d
19 49 3 l1d
6 60 1 l1d
2 63 5 l1d
14 16 0 l1d
2 5 8 l1d
10 41 0 l1d
18 23 0 l1d
17 0 7 l1d
6 50 7 l1d
24 13 4 l1d
14 52 2 l1d
12 64 7 l1d
16 31 6 l1d
12 9 8 l1d
2 33 0 l1d
10 43 6 l1d
11 6 0 l1d
25 18 2 l1d
3 53 3 l1d
23 47 3 l1d
12 3 8 l1d
6 10 8 l1d
31 41 6 l1d
28 23 6 l1d
0 40 8 l1d
24 21 3 l1d
28 7 7 l1d
18 4 1 l1d
24 12 3 l1d
15 43 5 l1d
3 10 0 l1d
5 36 7 l1d
12 2 8 l1d
26 44 0 l1d
6 60 2 l1d
30 37 7 l1d
0 29 0 l1d
23 17 7 l1d
32 46 6 l1d
29 29 4 l1d
20 55 2 l1d
29 32 4 l1d
3 31 6 l1d
30 58 7 l1d
16 32 3 l1d
27 57 0 l1d
14 5 8 l1d
2 43 8 l1d
9 57 7 l1d
11 22 0 l1d
20 55 4 l1d
13 46 8 l1d
7 2 6 l1d
9 18 1 l1d
29 38 6 l1d
11 15 0 l1d
11 22 3 l1d
11 31 5 l1d
16 25 8 l1d
28 23 6 l1d
16 2 6 l1d
16 3 6 l1d
6 35 4 l1d
13 23 3 l1d
7 42 4 l1d
0 43 2 l1d
30 44 6 l1d
16 51 3 l1d
27 20 3 l1d
12 59 0 l1d
10 3 1 l1d
12 50 2 l1d
