15 25 3 l1d
10 44 2 l1d
9 0 3 l1d
14 0 1 l1d
25 24 1 l1d
16 25 6 l1d
3 38 5 l1d
7 27 2 l1d
13 7 0 l1d
31 12 8 l1d
11 16 6 l1d
11 54 1 l1d
24 51 8 l1d
8 47 0 l1d
2 64 0 l1d
25 24 8 l1d
9 54 2 l1d
5 38 8 l1d
20 31 7 l1d
24 52 7 l1d
0 0 3 l1d
15 44 6 l1d
11 53 1 l1d
10 11 4 l1d
17 12 2 l1d
15 24 8 l1d
17 0 5 l1d
20 54 4 l1d
17 28 6 l1d
7 46 7 l1d
17 45 0 l1d
8 43 8 l1d
18 44 8 l1d
30 38 3 l1d
10 54 5 l1d
31 14 0 l1d
31 57 4 l1d
28 56 3 l1d
3 24 6 l1d
3 12 8 l1d
0 52 4 l1d
20 6 5 l1d
13 12 7 l1d
13 18 2 l1d
3 58 8 l1d
29 41 7 l1d
20 45 3 l1d
16 47 3 l1d
16 51 7 l1d
14 55 8 l1d
15 28 0 l1d
31 16 8 l1d
24 55 5 l1d
1 32 0 l1d
20 1 7 l1d
8 4 2 l1d
