11 13 4 l1d
28 33 3 l1d
20 4 5 l1d
10 55 2 l1d
16 30 7 l1d
24 20 6 l1d
10 0 1 l1d
7 3 8 l1d
14 29 5 l1d
21 17 8 l1d
16 24 7 l1d
10 33 8 l1d
16 38 2 l1d
13 3 0 l1d
8 12 0 l1d
16 27 6 l1d
25 32 3 l1d
25 35 1 l1d
27 62 6 l1d
15 14 8 l1d
23 5 7 l1d
3 24 4 l1d
5 34 7 l1d
30 35 6 l1d
18 29 8 l1d
32 43 6 l1d
2 57 2 l1d
2 18 7 l1d
19 55 5 l1d
20 40 6 l1d
4 36 2 l1d
22 36 4 l1d
11 13 6 l1d
16 48 7 l1d
20 29 1 l1d
14 7 6 l1d
22 5 3 l1d
31 59 4 l1d
9 5 1 l1d
0 35 6 l1d
30 28 3 l1d
26 23 1 l1d
22 63 5 l1d
20 25 3 l1d
6 50 3 l1d
24 4 2 l1d
19 42 3 l1d
8 56 6 l1d
2 26 4 l1d
23 41 6 l1d
4 25 7 l1d
11 11 2 l1d
12 2 3 l1d
12 46 1 l1d
9 26 5 l1d
3 27 0 l1d
17 27 8 l1d
28 6 8 l1d
26 22 7 l1d
6 22 5 l1d
9 58 4 l1d
24 17 2 l1d
22 32 4 l1d
18 3 7 l1d
19 31 2 l1d
32 33 5 l1d
4 43 1 l1d
4 61 2 l1d
1 6 0 l1d
9 51 4 l1d
5 52 6 l1d
18 17 1 l1d
14 28 0 l1d
30 9 2 l1d
21 19 4 l1d
30 12 6 l1d
0 59 8 l1d
22 16 5 l1d
18 62 6 l1d
19 40 5 l1d
24 59 0 l1d
8 26 6 l1d
32 38 8 l1d
29 9 8 l1d
16 52 6 l1d
9 51 4 l1d
32 0 8 l1d
18 24 4 l1d
7 9 5 l1d
32 17 4 l1d
6 16 1 l1d
4 13 3 l1d
21 36 8 l1d
12 9 6 l1d
25 33 4 l1d
26 3 0 l1d
5 9 7 l1d
29 19 4 l1d
20 61 6 l1d
14 55 1 l1d
12 0 4 l1d
26 42 1 l1d
8 16 1 l1d
9 57 1 l1d
32 57 5 l1d
29 51 8 l1d
4 29 1 l1d
2 48 0 l1d
19 60 1 l1d
20 53 5 l1d
16 36 3 l1d
22 6 1 l1d
9 26 6 l1d
7 29 4 l1d
14 63 1 l1d
15 18 8 l1d
4 50 2 l1d
17 18 0 l1d
7 49 8 l1d
22 8 3 l1d
12 44 8 l1d
22 51 7 l1d
14 26 4 l1d
12 14 5 l1d
11 8 3 l1d
15 19 7 l1d
25 35 1 l1d
1 0 1 l1d
16 5 8 l1d
21 45 4 l1d
22 21 1 l1d
2 1 7 l1d
23 38 6 l1d
17 31 4 l1d
8 35 8 l1d
13 5 2 l1d
26 11 3 l1d
12 35 3 l1d
24 51 1 l1d
9 44 4 l1d
24 59 8 l1d
18 0 0 l1d
10 4 4 l1d
6 22 4 l1d
0 12 0 l1d
5 8 0 l1d
23 17 7 l1d
2 16 7 l1d
15 11 5 l1d
3 54 8 l1d
