30 30 4 l1d
16 35 0 l1d
28 42 5 l1d
32 41 2 l1d
10 21 5 l1d
2 25 8 l1d
22 37 0 l1d
26 50 6 l1d
20 3 2 l1d
16 52 7 l1d
23 21 1 l1d
9 61 7 l1d
29 25 8 l1d
29 30 2 l1d
11 64 7 l1d
7 11 0 l1d
24 48 7 l1d
7 39 6 l1d
30 1 7 l1d
15 6 1 l1d
32 61 2 l1d
1 35 3 l1d
30 25 0 l1d
8 44 1 l1d
16 44 1 l1d
26 49 4 l1d
32 1 2 l1d
1 14 8 l1d
2 35 2 l1d
10 3 0 l1d
25 32 3 l1d
16 52 5 l1d
8 6 6 l1d
32 44 2 l1d
14 61 0 l1d
31 61 3 l1d
2 33 2 l1d
18 0 1 l1d
21 37 6 l1d
11 33 8 l1d
2 21 3 l1d
25 61 8 l1d
28 5 1 l1d
11 10 1 l1d
22 12 6 l1d
8 62 1 l1d
28 61 6 l1d
1 49 8 l1d
4 0 4 l1d
31 49 4 l1d
6 11 4 l1d
2 49 1 l1d
30 46 1 l1d
22 22 0 l1d
11 12 7 l1d
0 64 7 l1d
21 62 5 l1d
0 29 4 l1d
32 43 4 l1d
1 57 2 l1d
3 23 1 l1d
18 14 1 l1d
29 8 5 l1d
29 9 1 l1d
8 7 0 l1d
21 18 8 l1d
20 62 2 l1d
3 6 5 l1d
5 61 1 l1d
6 45 2 l1d
24 35 5 l1d
32 50 5 l1d
2 50 8 l1d
6 19 1 l1d
8 19 1 l1d
19 64 3 l1d
8 35 7 l1d
19 38 5 l1d
17 56 8 l1d
1 44 3 l1d
26 13 4 l1d
22 29 6 l1d
5 61 8 l1d
7 36 3 l1d
22 13 8 l1d
17 48 3 l1d
29 31 0 l1d
4 47 1 l1d
29 21 4 l1d
21 21 2 l1d
8 50 2 l1d
6 50 0 l1d
2 64 6 l1d
5 22 0 l1d
29 7 3 l1d
26 31 4 l1d
18 17 6 l1d
8 0 0 l1d
