16 3 4 l1d
21 26 7 l1d
16 23 1 l1d
18 47 6 l1d
7 29 5 l1d
25 51 5 l1d
26 49 8 l1d
15 48 2 l1d
1 19 2 l1d
32 46 7 l1d
10 35 4 l1d
26 59 0 l1d
6 33 3 l1d
28 14 6 l1d
12 41 0 l1d
27 3 3 l1d
11 34 5 l1d
22 35 8 l1d
4 7 3 l1d
18 24 3 l1d
23 27 8 l1d
25 52 1 l1d
17 1 7 l1d
21 17 1 l1d
8 41 8 l1d
31 23 6 l1d
18 27 2 l1d
16 16 4 l1d
10 8 0 l1d
9 59 5 l1d
22 59 0 l1d
29 49 3 l1d
29 24 1 l1d
25 57 0 l1d
8 33 3 l1d
4 33 5 l1d
6 50 5 l1d
27 48 8 l1d
12 51 7 l1d
31 38 5 l1d
9 56 5 l1d
14 7 4 l1d
16 32 2 l1d
30 30 2 l1d
9 14 8 l1d
10 16 6 l1d
3 32 1 l1d
31 42 0 l1d
10 47 5 l1d
7 9 1 l1d
2 37 2 l1d
14 10 3 l1d
7 30 5 l1d
0 7 6 l1d
4 17 2 l1d
25 8 8 l1d
10 15 3 l1d
22 60 4 l1d
30 50 7 l1d
5 38 0 l1d
18 57 1 l1d
1 52 7 l1d
11 16 0 l1d
15 11 5 l1d
0 32 0 l1d
4 47 4 l1d
9 43 7 l1d
6 41 1 l1d
30 37 8 l1d
19 37 3 l1d
24 5 7 l1d
21 28 2 l1d
29 40 6 l1d
13 15 1 l1d
12 39 7 l1d
12 27 1 l1d
30 29 0 l1d
31 62 0 l1d
4 59 7 l1d
1 26 6 l1d
19 30 0 l1d
2 63 6 l1d
32 49 2 l1d
13 42 8 l1d
32 16 1 l1d
16 61 6 l1d
