3 58 2 l1d
25 64 8 l1d
25 12 8 l1d
26 33 1 l1d
11 8 6 l1d
22 2 5 l1d
32 52 8 l1d
24 40 6 l1d
26 20 7 l1d
8 6 0 l1d
2 24 7 l1d
17 8 4 l1d
6 6 7 l1d
18 47 2 l1d
18 51 4 l1d
2 20 3 l1d
7 19 4 l1d
14 16 4 l1d
10 52 5 l1d
7 54 7 l1d
13 41 0 l1d
29 25 5 l1d
11 18 8 l1d
11 36 7 l1d
23 55 1 l1d
22 59 8 l1d
3 32 0 l1d
8 11 6 l1d
2 64 8 l1d
23 34 1 l1d
23 36 4 l1d
25 57 7 l1d
17 49 1 l1d
18 44 5 l1d
0 44 3 l1d
15 26 7 l1d
25 5 4 l1d
24 57 8 l1d
0 0 6 l1d
25 25 5 l1d
3 26 2 l1d
22 51 4 l1d
28 22 4 l1d
2 25 3 l1d
26 60 7 l1d
0 38 2 l1d
28 14 3 l1d
29 9 2 l1d
19 37 7 l1d
20 45 0 l1d
13 10 5 l1d
23 59 0 l1d
27 55 1 l1d
11 2 6 l1d
30 63 1 l1d
32 12 5 l1d
13 36 4 l1d
17 59 5 l1d
