19 39 7 l1d
1 33 2 l1d
22 47 1 l1d
24 37 1 l1d
24 12 7 l1d
5 64 5 l1d
12 20 1 l1d
24 55 4 l1d
7 0 3 l1d
9 51 5 l1d
6 57 0 l1d
13 27 2 l1d
18 23 4 l1d
2 18 6 l1d
9 13 4 l1d
31 40 3 l1d
8 20 4 l1d
27 57 7 l1d
11 58 4 l1d
17 22 1 l1d
5 31 1 l1d
10 41 7 l1d
30 22 0 l1d
28 41 0 l1d
12 47 6 l1d
3 45 0 l1d
26 32 4 l1d
8 50 3 l1d
21 22 4 l1d
0 10 7 l1d
22 27 6 l1d
25 36 1 l1d
7 16 7 l1d
4 32 4 l1d
26 36 3 l1d
21 42 6 l1d
29 56 8 l1d
27 61 6 l1d
23 4 8 l1d
13 40 2 l1d
22 9 8 l1d
9 1 1 l1d
22 49 6 l1d
19 55 4 l1d
21 0 7 l1d
15 52 5 l1d
11 27 8 l1d
19 28 1 l1d
21 64 0 l1d
29 25 3 l1d
18 7 4 l1d
32 23 7 l1d
23 38 1 l1d
26 44 4 l1d
5 36 0 l1d
6 58 1 l1d
