17 42 4 l1d
0 27 2 l1d
0 5 5 l1d
28 33 8 l1d
24 13 7 l1d
5 25 8 l1d
18 30 5 l1d
18 8 8 l1d
17 12 8 l1d
32 54 6 l1d
11 62 1 l1d
13 26 2 l1d
22 9 5 l1d
28 23 2 l1d
19 18 5 l1d
9 28 6 l1d
14 64 7 l1d
26 46 7 l1d
5 24 2 l1d
26 7 6 l1d
6 64 2 l1d
31 43 1 l1d
28 7 5 l1d
3 30 5 l1d
17 56 4 l1d
8 33 6 l1d
23 48 3 l1d
32 23 2 l1d
9 54 2 l1d
26 60 7 l1d
16 17 7 l1d
11 53 7 l1d
12 10 2 l1d
15 50 8 l1d
15 40 3 l1d
8 60 4 l1d
0 45 1 l1d
29 64 3 l1d
17 12 5 l1d
2 58 8 l1d
29 63 7 l1d
16 52 4 l1d
13 17 0 l1d
1 35 6 l1d
14 60 7 l1d
25 29 5 l1d
13 58 1 l1d
4 39 7 l1d
4 10 4 l1d
21 22 6 l1d
14 6 2 l1d
28 55 1 l1d
24 39 0 l1d
26 64 7 l1d
12 15 5 l1d
22 37 1 l1d
25 0 6 l1d
20 44 4 l1d
14 60 4 l1d
30 3 5 l1d
5 17 2 l1d
0 64 7 l1d
19 45 3 l1d
12 29 8 l1d
7 45 8 l1d
24 57 4 l1d
6 15 6 l1d
8 35 1 l1d
15 32 8 l1d
12 17 5 l1d
31 55 7 l1d
32 57 6 l1d
19 24 6 l1d
15 27 0 l1d
0 51 8 l1d
25 33 8 l1d
23 42 3 l1d
14 10 8 l1d
7 7 4 l1d
7 9 1 l1d
1 28 5 l1d
16 31 4 l1d
14 22 2 l1d
20 56 5 l1d
0 27 0 l1d
9 47 8 l1d
5 42 3 l1d
24 10 0 l1d
0 54 1 l1d
15 64 0 l1d
24 11 4 l1d
24 31 1 l1d
28 20 0 l1d
6 1 1 l1d
28 41 5 l1d
32 15 0 l1d
2 17 8 l1d
1 62 0 l1d
30 14 4 l1d
25 23 1 l1d
27 51 3 l1d
5 46 8 l1d
0 40 6 l1d
25 23 5 l1d
28 56 0 l1d
6 7 4 l1d
3 27 6 l1d
31 55 5 l1d
10 47 4 l1d
10 4 7 l1d
22 1 7 l1d
31 34 7 l1d
7 33 3 l1d
32 19 1 l1d
4 33 0 l1d
19 45 5 l1d
17 47 5 l1d
12 12 0 l1d
20 41 6 l1d
26 27 6 l1d
28 26 4 l1d
26 58 4 l1d
5 41 6 l1d
15 5 7 l1d
17 27 5 l1d
3 9 8 l1d
4 13 8 l1d
20 33 1 l1d
5 58 4 l1d
8 57 2 l1d
25 36 2 l1d
5 33 7 l1d
23 15 0 l1d
7 20 6 l1d
9 17 3 l1d
30 28 6 l1d
30 15 7 l1d
21 22 8 l1d
28 5 6 l1d
9 10 6 l1d
21 3 4 l1d
0 8 2 l1d
1 49 6 l1d
1 17 3 l1d
6 32 2 l1d
18 43 2 l1d
17 43 0 l1d
16 27 3 l1d
0 32 4 l1d
20 28 6 l1d
16 8 0 l1d
17 43 8 l1d
24 32 1 l1d
4 6 6 l1d
31 5 2 l1d
14 23 5 l1d
0 6 1 l1d
32 19 6 l1d
26 14 7 l1d
15 49 4 l1d
3 29 0 l1d
28 46 6 l1d
0 0 5 l1d
23 54 4 l1d
29 6 3 l1d
29 62 0 l1d
5 15 1 l1d
26 38 7 l1d
16 1 0 l1d
17 1 2 l1d
0 21 8 l1d
8 56 2 l1d
23 52 0 l1d
29 31 8 l1d
11 3 5 l1d
26 43 8 l1d
24 21 1 l1d
22 59 6 l1d
14 49 5 l1d
27 52 0 l1d
9 17 4 l1d
20 48 1 l1d
0 40 5 l1d
32 12 1 l1d
29 26 5 l1d
4 64 6 l1d
2 36 0 l1d
5 28 6 l1d
2 57 2 l1d
19 59 8 l1d
7 57 6 l1d
14 38 7 l1d
9 58 3 l1d
25 0 8 l1d
9 7 2 l1d
16 9 7 l1d
18 36 5 l1d
11 16 7 l1d
29 23 6 l1d
23 23 8 l1d
27 43 1 l1d
32 42 4 l1d
0 11 3 l1d
32 2 5 l1d
13 1 3 l1d
11 12 7 l1d
9 62 7 l1d
32 58 3 l1d
13 0 3 l1d
28 26 5 l1d
18 21 7 l1d
1 61 2 l1d
4 52 4 l1d
15 24 5 l1d
3 12 5 l1d
28 42 4 l1d
27 57 0 l1d
13 3 8 l1d
21 46 0 l1d
16 7 4 l1d
4 42 4 l1d
15 3 5 l1d
4 1 3 l1d
0 56 3 l1d
16 23 5 l1d
23 59 0 l1d
0 37 4 l1d
10 48 7 l1d
0 43 7 l1d
11 33 6 l1d
31 12 4 l1d
31 61 1 l1d
2 59 1 l1d
7 15 7 l1d
15 42 2 l1d
10 25 5 l1d
3 59 1 l1d
15 48 6 l1d
0 25 2 l1d
8 37 0 l1d
21 43 0 l1d
21 62 8 l1d
13 36 6 l1d
3 40 7 l1d
23 27 3 l1d
18 35 5 l1d
8 34 3 l1d
20 42 4 l1d
9 49 8 l1d
1 26 5 l1d
31 50 1 l1d
20 19 0 l1d
16 16 7 l1d
23 31 7 l1d
18 58 8 l1d
14 15 2 l1d
