21 33 6 l1d
15 51 5 l1d
11 23 8 l1d
24 0 3 l1d
3 37 7 l1d
13 7 7 l1d
1 48 6 l1d
22 25 8 l1d
27 47 7 l1d
8 5 3 l1d
28 30 4 l1d
1 19 6 l1d
27 17 3 l1d
9 34 0 l1d
12 4 7 l1d
10 51 4 l1d
5 28 6 l1d
27 24 7 l1d
13 29 8 l1d
5 16 3 l1d
2 61 8 l1d
14 34 6 l1d
9 1 7 l1d
12 56 1 l1d
5 39 4 l1d
12 49 7 l1d
13 19 2 l1d
17 57 5 l1d
20 11 0 l1d
3 59 3 l1d
11 59 8 l1d
24 21 0 l1d
2 33 5 l1d
27 23 8 l1d
3 32 3 l1d
4 26 7 l1d
19 62 8 l1d
8 54 2 l1d
21 20 6 l1d
16 33 8 l1d
5 11 5 l1d
20 41 6 l1d
25 10 0 l1d
6 23 1 l1d
17 5 0 l1d
31 16 5 l1d
4 39 5 l1d
22 24 7 l1d
11 26 1 l1d
11 20 4 l1d
5 58 0 l1d
31 23 4 l1d
21 25 5 l1d
0 21 7 l1d
7 28 7 l1d
23 62 3 l1d
6 20 0 l1d
29 40 1 l1d
18 19 2 l1d
1 50 1 l1d
24 3 4 l1d
19 42 5 l1d
10 5 3 l1d
17 26 3 l1d
4 52 2 l1d
18 22 8 l1d
