10 59 2 l1d
20 7 0 l1d
23 46 7 l1d
28 6 3 l1d
5 24 5 l1d
24 15 6 l1d
1 56 7 l1d
6 15 6 l1d
25 28 8 l1d
27 28 7 l1d
13 46 2 l1d
15 56 5 l1d
23 49 1 l1d
18 12 8 l1d
30 36 2 l1d
9 35 3 l1d
11 57 2 l1d
32 9 0 l1d
26 57 8 l1d
12 9 7 l1d
13 5 3 l1d
11 52 3 l1d
7 52 7 l1d
3 50 2 l1d
0 34 5 l1d
0 41 4 l1d
23 33 5 l1d
29 49 0 l1d
32 56 7 l1d
27 63 8 l1d
15 35 8 l1d
3 35 5 l1d
18 14 4 l1d
9 58 5 l1d
21 29 6 l1d
30 19 4 l1d
18 43 3 l1d
28 0 0 l1d
13 14 7 l1d
25 64 1 l1d
13 51 3 l1d
4 4 4 l1d
7 59 8 l1d
15 27 1 l1d
21 38 0 l1d
8 21 1 l1d
11 44 1 l1d
10 5 1 l1d
29 34 6 l1d
29 15 3 l1d
27 18 0 l1d
19 12 7 l1d
16 13 6 l1d
2 21 0 l1d
1 5 6 l1d
32 63 7 l1d
