16 34 8 l1d
18 46 0 l1d
12 22 0 l1d
17 60 1 l1d
31 49 2 l1d
12 57 2 l1d
20 38 1 l1d
1 64 5 l1d
29 15 1 l1d
12 15 6 l1d
17 42 4 l1d
16 64 1 l1d
13 42 1 l1d
23 16 6 l1d
21 26 3 l1d
17 35 3 l1d
9 19 4 l1d
9 64 5 l1d
8 24 2 l1d
14 64 4 l1d
11 29 7 l1d
15 22 8 l1d
1 11 1 l1d
21 34 2 l1d
4 24 4 l1d
2 61 7 l1d
14 30 6 l1d
31 14 4 l1d
22 47 2 l1d
20 48 4 l1d
27 49 7 l1d
25 49 6 l1d
19 52 5 l1d
4 46 3 l1d
10 27 1 l1d
5 30 0 l1d
7 37 1 l1d
19 7 1 l1d
23 31 5 l1d
9 7 7 l1d
4 17 6 l1d
13 53 7 l1d
2 15 3 l1d
31 33 1 l1d
11 31 6 l1d
2 19 7 l1d
11 44 2 l1d
18 63 4 l1d
12 16 4 l1d
2 48 0 l1d
15 25 8 l1d
7 5 2 l1d
12 37 7 l1d
24 51 6 l1d
11 6 8 l1d
24 16 5 l1d
