7 40 7 l1d
9 56 5 l1d
2 11 5 l1d
11 11 8 l1d
24 29 2 l1d
1 24 2 l1d
12 56 4 l1d
12 13 7 l1d
24 63 0 l1d
31 55 2 l1d
3 64 0 l1d
6 3 7 l1d
19 8 5 l1d
28 49 6 l1d
15 5 7 l1d
26 39 4 l1d
1 15 4 l1d
22 25 1 l1d
7 0 8 l1d
24 12 4 l1d
24 22 3 l1d
17 1 1 l1d
27 2 8 l1d
13 35 3 l1d
22 52 5 l1d
18 50 7 l1d
4 57 7 l1d
2 55 7 l1d
16 4 1 l1d
5 45 7 l1d
3 31 5 l1d
20 16 1 l1d
30 8 5 l1d
20 61 4 l1d
4 3 0 l1d
20 37 1 l1d
14 32 0 l1d
10 31 3 l1d
6 55 8 l1d
30 20 1 l1d
1 15 5 l1d
13 27 0 l1d
7 49 4 l1d
6 48 4 l1d
22 54 1 l1d
4 41 7 l1d
18 5 2 l1d
30 58 0 l1d
4 52 7 l1d
30 54 8 l1d
4 61 7 l1d
18 23 0 l1d
1 55 4 l1d
26 24 7 l1d
27 22 5 l1d
10 63 5 l1d
6 18 0 l1d
26 10 7 l1d
25 40 7 l1d
15 21 1 l1d
18 40 5 l1d
22 8 8 l1d
16 6 4 l1d
17 29 3 l1d
9 23 2 l1d
11 61 2 l1d
21 38 4 l1d
26 2 3 l1d
21 38 0 l1d
29 21 3 l1d
4 33 3 l1d
1 49 4 l1d
12 28 3 l1d
14 10 5 l1d
25 12 0 l1d
2 45 5 l1d
5 52 3 l1d
11 60 5 l1d
3 54 0 l1d
25 59 6 l1d
2 62 2 l1d
22 6 7 l1d
10 23 6 l1d
2 53 8 l1d
20 52 7 l1d
11 2 0 l1d
7 40 7 l1d
31 33 3 l1d
10 30 2 l1d
10 61 7 l1d
22 28 1 l1d
27 2 4 l1d
21 8 1 l1d
23 19 4 l1d
27 62 7 l1d
22 11 5 l1d
