1 14 0 l1d
29 42 1 l1d
6 57 4 l1d
32 55 3 l1d
17 48 8 l1d
12 5 6 l1d
9 57 1 l1d
2 35 5 l1d
29 44 6 l1d
12 8 8 l1d
25 16 4 l1d
23 0 7 l1d
23 63 3 l1d
25 29 1 l1d
20 6 4 l1d
30 22 7 l1d
27 30 4 l1d
20 59 1 l1d
32 60 3 l1d
26 29 3 l1d
10 43 1 l1d
16 15 3 l1d
14 45 2 l1d
31 18 6 l1d
25 50 1 l1d
15 62 8 l1d
2 55 1 l1d
1 19 4 l1d
6 46 2 l1d
28 40 2 l1d
28 17 6 l1d
14 14 7 l1d
17 7 2 l1d
17 1 1 l1d
23 3 5 l1d
5 48 6 l1d
15 5 2 l1d
28 44 1 l1d
0 55 6 l1d
18 18 3 l1d
20 55 8 l1d
22 13 4 l1d
4 11 5 l1d
3 23 4 l1d
