12 60 1 l1d
9 47 6 l1d
17 52 8 l1d
26 61 0 l1d
32 26 4 l1d
18 44 7 l1d
16 51 7 l1d
14 12 5 l1d
5 22 5 l1d
6 5 7 l1d
4 48 4 l1d
0 44 0 l1d
11 11 6 l1d
7 31 3 l1d
2 32 4 l1d
2 23 4 l1d
6 35 2 l1d
1 34 1 l1d
1 34 4 l1d
9 31 2 l1d
28 54 2 l1d
21 15 6 l1d
20 50 7 l1d
27 34 3 l1d
28 51 8 l1d
29 41 8 l1d
12 12 5 l1d
6 14 1 l1d
25 22 6 l1d
4 35 6 l1d
18 47 5 l1d
28 38 6 l1d
16 52 0 l1d
0 0 2 l1d
4 8 3 l1d
31 22 5 l1d
7 54 3 l1d
8 12 4 l1d
32 61 1 l1d
8 22 0 l1d
13 23 5 l1d
5 34 7 l1d
10 47 7 l1d
2 51 5 l1d
23 24 3 l1d
14 47 6 l1d
10 25 8 l1d
14 17 8 l1d
3 17 4 l1d
20 42 0 l1d
0 15 7 l1d
20 57 4 l1d
16 54 6 l1d
25 32 6 l1d
0 0 0 l1d
24 17 5 l1d
13 5 2 l1d
2 16 3 l1d
