30 63 8 l1d
18 56 2 l1d
5 36 7 l1d
0 59 8 l1d
10 59 4 l1d
21 42 0 l1d
20 34 6 l1d
12 20 5 l1d
2 35 6 l1d
28 40 3 l1d
16 0 6 l1d
23 30 1 l1d
3 19 1 l1d
6 8 2 l1d
17 8 1 l1d
10 47 2 l1d
14 44 7 l1d
5 11 8 l1d
19 16 1 l1d
17 23 8 l1d
24 30 2 l1d
30 20 8 l1d
3 25 7 l1d
13 39 2 l1d
14 36 2 l1d
30 7 0 l1d
27 17 7 l1d
24 33 0 l1d
19 35 7 l1d
11 61 8 l1d
11 63 1 l1d
8 40 6 l1d
28 13 7 l1d
26 60 7 l1d
24 47 4 l1d
26 64 2 l1d
9 59 7 l1d
14 1 6 l1d
11 49 4 l1d
0 38 7 l1d
8 44 3 l1d
23 0 6 l1d
5 29 4 l1d
30 20 7 l1d
6 18 3 l1d
13 15 7 l1d
