8 56 6 l1d
24 40 1 l1d
25 48 6 l1d
3 33 7 l1d
1 16 2 l1d
32 51 1 l1d
11 2 4 l1d
14 45 4 l1d
20 32 0 l1d
11 9 7 l1d
7 48 4 l1d
11 35 8 l1d
30 32 8 l1d
18 27 1 l1d
27 63 6 l1d
31 18 6 l1d
20 20 7 l1d
27 24 3 l1d
31 51 6 l1d
4 46 6 l1d
10 50 6 l1d
8 30 8 l1d
13 3 7 l1d
9 20 6 l1d
30 51 1 l1d
0 24 6 l1d
23 20 7 l1d
18 62 4 l1d
28 35 8 l1d
19 34 6 l1d
2 16 8 l1d
5 20 3 l1d
26 31 8 l1d
14 52 6 l1d
23 7 5 l1d
18 22 0 l1d
23 15 5 l1d
21 44 3 l1d
27 20 0 l1d
22 37 7 l1d
23 34 1 l1d
29 34 8 l1d
26 50 7 l1d
7 5 7 l1d
31 45 3 l1d
18 4 2 l1d
21 40 5 l1d
31 24 3 l1d
5 49 1 l1d
28 52 4 l1d
15 61 2 l1d
27 63 1 l1d
13 40 1 l1d
3 29 2 l1d
24 52 4 l1d
14 22 5 l1d
27 6 6 l1d
22 37 7 l1d
23 61 1 l1d
10 60 0 l1d
15 14 5 l1d
13 30 3 l1d
16 25 0 l1d
12 59 5 l1d
