6 57 8 l1d
7 58 7 l1d
20 50 1 l1d
25 46 7 l1d
23 37 7 l1d
30 16 8 l1d
16 55 8 l1d
16 3 5 l1d
27 18 6 l1d
22 38 4 l1d
16 44 2 l1d
14 44 7 l1d
5 24 6 l1d
20 35 3 l1d
4 5 3 l1d
29 20 3 l1d
27 36 5 l1d
10 11 4 l1d
16 41 5 l1d
25 15 0 l1d
23 15 0 l1d
11 32 0 l1d
11 37 2 l1d
4 42 4 l1d
21 24 6 l1d
4 48 1 l1d
3 37 7 l1d
23 24 6 l1d
31 34 5 l1d
30 44 7 l1d
14 21 0 l1d
2 1 0 l1d
22 43 7 l1d
13 61 7 l1d
5 37 5 l1d
9 17 0 l1d
28 27 5 l1d
15 16 3 l1d
6 46 0 l1d
19 28 1 l1d
14 8 5 l1d
22 56 8 l1d
8 43 4 l1d
31 32 2 l1d
24 62 3 l1d
10 21 1 l1d
