22 64 8 l1d
30 45 7 l1d
21 27 3 l1d
14 9 1 l1d
15 17 7 l1d
9 43 4 l1d
4 56 3 l1d
1 64 0 l1d
18 22 2 l1d
17 35 3 l1d
8 13 0 l1d
3 61 7 l1d
11 24 2 l1d
13 20 1 l1d
2 4 2 l1d
18 49 6 l1d
28 43 2 l1d
8 27 8 l1d
25 19 6 l1d
27 18 8 l1d
13 26 4 l1d
5 15 4 l1d
31 10 3 l1d
4 63 0 l1d
13 28 5 l1d
26 34 8 l1d
13 46 4 l1d
26 16 0 l1d
7 34 0 l1d
8 28 4 l1d
31 22 2 l1d
7 34 3 l1d
15 17 1 l1d
18 7 8 l1d
20 7 8 l1d
31 55 5 l1d
16 20 4 l1d
7 45 4 l1d
6 47 0 l1d
26 6 4 l1d
22 11 8 l1d
17 18 1 l1d
26 28 8 l1d
11 22 7 l1d
4 30 3 l1d
24 30 5 l1d
9 54 0 l1d
8 46 5 l1d
11 48 4 l1d
32 12 0 l1d
25 51 1 l1d
13 17 7 l1d
29 3 7 l1d
31 26 4 l1d
27 59 6 l1d
5 12 1 l1d
3 60 0 l1d
25 11 5 l1d
25 2 2 l1d
1 30 3 l1d
25 5 6 l1d
15 3 1 l1d
3 25 7 l1d
4 56 6 l1d
29 58 1 l1d
21 0 7 l1d
27 28 7 l1d
8 44 6 l1d
24 43 8 l1d
29 26 7 l1d
18 17 3 l1d
0 44 3 l1d
21 29 6 l1d
2 19 2 l1d
11 4 7 l1d
8 38 7 l1d
12 15 6 l1d
9 53 6 l1d
9 32 3 l1d
25 8 2 l1d
0 60 0 l1d
21 11 1 l1d
9 26 8 l1d
3 42 7 l1d
27 19 8 l1d
26 19 5 l1d
7 32 6 l1d
25 22 2 l1d
11 51 3 l1d
1 16 4 l1d
14 43 8 l1d
9 16 1 l1d
31 29 6 l1d
25 20 0 l1d
7 18 0 l1d
8 13 1 l1d
20 0 3 l1d
2 46 7 l1d
9 50 8 l1d
30 36 8 l1d
19 54 4 l1d
21 42 1 l1d
25 50 4 l1d
10 48 7 l1d
21 4 0 l1d
31 55 6 l1d
2 33 3 l1d
22 39 2 l1d
17 40 4 l1d
12 53 4 l1d
2 52 6 l1d
7 54 4 l1d
9 34 8 l1d
16 7 1 l1d
24 45 4 l1d
8 27 0 l1d
8 13 3 l1d
21 42 2 l1d
22 63 6 l1d
29 54 2 l1d
1 42 7 l1d
9 49 0 l1d
1 32 2 l1d
32 23 2 l1d
3 51 3 l1d
30 24 5 l1d
27 21 2 l1d
14 64 4 l1d
13 26 2 l1d
10 5 3 l1d
22 53 2 l1d
7 59 1 l1d
20 23 7 l1d
26 16 5 l1d
17 34 3 l1d
0 17 3 l1d
5 37 2 l1d
15 55 3 l1d
14 60 6 l1d
23 52 4 l1d
29 25 6 l1d
13 23 2 l1d
29 18 2 l1d
23 14 4 l1d
16 14 6 l1d
2 6 4 l1d
12 56 8 l1d
16 47 2 l1d
7 16 0 l1d
22 19 6 l1d
