9 9 3 l1d
14 64 1 l1d
13 33 8 l1d
3 41 3 l1d
4 59 0 l1d
15 15 8 l1d
27 55 0 l1d
15 3 6 l1d
12 33 8 l1d
0 60 7 l1d
2 37 4 l1d
17 3 8 l1d
32 50 6 l1d
19 21 4 l1d
27 43 5 l1d
11 7 8 l1d
24 40 2 l1d
16 39 8 l1d
30 35 2 l1d
31 28 5 l1d
4 49 8 l1d
13 56 7 l1d
18 42 4 l1d
8 52 1 l1d
31 8 1 l1d
4 59 7 l1d
6 24 0 l1d
20 20 3 l1d
23 47 5 l1d
15 55 8 l1d
2 10 7 l1d
11 2 1 l1d
10 15 7 l1d
12 12 0 l1d
26 0 3 l1d
20 61 5 l1d
29 19 2 l1d
31 30 0 l1d
17 31 7 l1d
31 15 8 l1d
12 9 8 l1d
5 52 0 l1d
21 5 7 l1d
21 19 2 l1d
17 10 2 l1d
12 32 0 l1d
22 27 6 l1d
3 31 3 l1d
24 51 4 l1d
31 44 4 l1d
27 15 6 l1d
27 1 8 l1d
31 60 5 l1d
24 30 2 l1d
10 29 4 l1d
15 32 7 l1d
2 14 8 l1d
3 62 0 l1d
