27 6 5 l1d
16 34 3 l1d
1 12 0 l1d
22 41 6 l1d
6 15 4 l1d
23 37 8 l1d
19 7 6 l1d
13 7 1 l1d
9 15 5 l1d
23 9 7 l1d
2 51 4 l1d
20 59 8 l1d
32 5 0 l1d
8 19 5 l1d
8 39 1 l1d
4 32 4 l1d
28 37 0 l1d
11 8 7 l1d
16 59 6 l1d
11 46 1 l1d
15 39 8 l1d
14 63 3 l1d
1 46 3 l1d
5 12 4 l1d
25 36 8 l1d
7 46 1 l1d
12 6 6 l1d
10 43 3 l1d
0 43 2 l1d
30 16 0 l1d
13 40 1 l1d
18 26 7 l1d
9 62 6 l1d
9 13 7 l1d
8 53 2 l1d
29 17 6 l1d
17 34 8 l1d
15 18 2 l1d
4 36 6 l1d
12 7 6 l1d
18 31 8 l1d
0 33 4 l1d
8 23 6 l1d
8 31 4 l1d
31 39 2 l1d
20 31 3 l1d
20 4 5 l1d
18 39 5 l1d
10 5 1 l1d
12 7 0 l1d
11 43 0 l1d
13 56 4 l1d
20 44 2 l1d
27 4 2 l1d
3 51 7 l1d
1 55 1 l1d
30 15 8 l1d
15 25 7 l1d
25 63 0 l1d
17 6 4 l1d
14 46 0 l1d
32 49 2 l1d
5 18 7 l1d
4 38 7 l1d
2 53 1 l1d
10 7 6 l1d
9 58 8 l1d
14 35 1 l1d
31 14 7 l1d
24 59 6 l1d
2 44 7 l1d
9 39 0 l1d
21 40 7 l1d
32 34 6 l1d
26 23 8 l1d
20 9 5 l1d
25 10 5 l1d
1 23 5 l1d
28 28 6 l1d
1 5 6 l1d
31 51 4 l1d
28 64 5 l1d
8 20 7 l1d
9 50 7 l1d
2 49 0 l1d
2 39 3 l1d
9 60 6 l1d
14 55 7 l1d
30 62 0 l1d
3 16 4 l1d
6 42 1 l1d
11 9 8 l1d
13 12 6 l1d
27 24 2 l1d
8 51 7 l1d
4 17 5 l1d
1 51 6 l1d
1 7 8 l1d
23 15 7 l1d
24 0 0 l1d
20 54 8 l1d
23 61 4 l1d
19 64 8 l1d
17 13 5 l1d
23 8 3 l1d
22 41 5 l1d
30 43 8 l1d
19 5 8 l1d
7 61 1 l1d
15 38 1 l1d
2 52 7 l1d
25 59 0 l1d
3 16 3 l1d
5 39 3 l1d
0 64 7 l1d
24 23 6 l1d
16 48 6 l1d
29 55 1 l1d
18 21 3 l1d
17 41 1 l1d
24 14 2 l1d
18 59 7 l1d
17 14 5 l1d
26 25 0 l1d
2 38 4 l1d
7 31 4 l1d
25 21 7 l1d
12 54 1 l1d
12 29 5 l1d
21 61 4 l1d
10 36 8 l1d
30 33 6 l1d
4 8 5 l1d
22 21 2 l1d
0 11 3 l1d
27 59 4 l1d
15 57 2 l1d
29 25 2 l1d
28 20 5 l1d
27 63 6 l1d
28 12 7 l1d
14 5 4 l1d
11 14 8 l1d
8 8 5 l1d
18 56 1 l1d
13 20 4 l1d
31 35 1 l1d
13 50 6 l1d
16 22 6 l1d
24 0 6 l1d
16 37 4 l1d
10 25 3 l1d
27 19 5 l1d
20 49 5 l1d
12 25 2 l1d
16 58 7 l1d
1 19 7 l1d
32 30 8 l1d
32 12 6 l1d
26 33 5 l1d
22 0 2 l1d
7 53 3 l1d
0 37 0 l1d
15 20 1 l1d
23 34 1 l1d
3 36 5 l1d
15 5 2 l1d
11 22 4 l1d
25 7 3 l1d
30 47 6 l1d
27 15 6 l1d
16 36 3 l1d
0 30 0 l1d
28 4 3 l1d
7 38 2 l1d
22 16 0 l1d
