4 12 1 l1d
5 43 4 l1d
27 17 0 l1d
26 24 8 l1d
3 47 0 l1d
1 52 3 l1d
27 16 2 l1d
17 23 2 l1d
29 64 7 l1d
30 51 4 l1d
19 20 4 l1d
25 20 7 l1d
15 53 4 l1d
26 43 4 l1d
5 18 6 l1d
8 55 0 l1d
25 1 8 l1d
20 53 1 l1d
8 13 1 l1d
14 47 6 l1d
22 6 3 l1d
6 2 5 l1d
25 34 8 l1d
0 29 5 l1d
1 48 6 l1d
10 22 6 l1d
13 50 7 l1d
8 55 0 l1d
11 41 6 l1d
22 22 0 l1d
31 3 8 l1d
8 4 0 l1d
0 19 2 l1d
19 47 1 l1d
27 38 8 l1d
6 10 6 l1d
20 38 6 l1d
17 8 0 l1d
9 32 2 l1d
23 38 0 l1d
11 61 8 l1d
9 2 8 l1d
20 34 5 l1d
4 11 1 l1d
5 60 7 l1d
6 26 8 l1d
7 56 1 l1d
31 15 5 l1d
7 55 6 l1d
25 38 2 l1d
30 6 3 l1d
22 35 1 l1d
24 27 6 l1d
19 17 3 l1d
