22 23 3 l1d
9 17 0 l1d
17 50 3 l1d
12 54 6 l1d
26 26 5 l1d
30 44 0 l1d
23 62 7 l1d
6 40 6 l1d
3 33 1 l1d
25 1 2 l1d
5 62 8 l1d
20 55 2 l1d
32 8 2 l1d
20 25 6 l1d
17 6 1 l1d
5 20 3 l1d
9 25 1 l1d
10 21 1 l1d
6 5 1 l1d
18 55 0 l1d
6 60 6 l1d
11 23 1 l1d
2 47 6 l1d
15 56 6 l1d
15 10 5 l1d
6 63 2 l1d
5 25 8 l1d
31 62 5 l1d
26 57 8 l1d
24 38 6 l1d
3 59 5 l1d
3 14 7 l1d
19 17 2 l1d
9 46 3 l1d
1 35 6 l1d
31 2 8 l1d
10 11 3 l1d
31 2 2 l1d
2 48 6 l1d
5 23 5 l1d
24 12 2 l1d
4 64 7 l1d
4 23 3 l1d
24 38 3 l1d
8 36 0 l1d
0 45 6 l1d
31 58 3 l1d
26 52 2 l1d
13 11 4 l1d
30 4 5 l1d
1 49 2 l1d
31 41 1 l1d
3 44 4 l1d
19 56 3 l1d
29 31 3 l1d
12 23 2 l1d
18 13 6 l1d
32 13 2 l1d
4 12 1 l1d
16 41 0 l1d
17 22 2 l1d
5 39 5 l1d
13 14 7 l1d
4 55 5 l1d
5 6 5 l1d
16 36 4 l1d
18 19 7 l1d
11 35 1 l1d
30 7 5 l1d
29 39 6 l1d
16 50 5 l1d
2 49 5 l1d
11 45 3 l1d
20 7 2 l1d
17 58 5 l1d
0 51 4 l1d
7 44 7 l1d
17 3 3 l1d
22 12 0 l1d
21 3 2 l1d
6 21 0 l1d
12 58 6 l1d
1 13 0 l1d
21 40 3 l1d
12 19 4 l1d
21 61 5 l1d
4 3 3 l1d
21 44 5 l1d
11 3 5 l1d
6 57 6 l1d
5 33 3 l1d
28 3 5 l1d
1 38 6 l1d
20 8 8 l1d
19 9 3 l1d
9 64 3 l1d
7 37 7 l1d
3 52 2 l1d
17 1 4 l1d
23 11 1 l1d
