11 61 6 l1d
32 54 5 l1d
10 8 2 l1d
16 17 5 l1d
23 17 8 l1d
31 57 5 l1d
14 22 7 l1d
15 25 1 l1d
22 7 6 l1d
19 10 0 l1d
13 22 6 l1d
9 46 0 l1d
2 7 7 l1d
19 6 4 l1d
29 20 1 l1d
15 33 3 l1d
24 32 7 l1d
11 50 5 l1d
17 32 8 l1d
27 59 0 l1d
4 53 5 l1d
10 60 5 l1d
19 36 8 l1d
16 64 2 l1d
19 39 4 l1d
17 9 4 l1d
29 16 1 l1d
15 20 6 l1d
4 0 3 l1d
30 21 7 l1d
3 41 2 l1d
23 59 5 l1d
2 60 5 l1d
29 15 7 l1d
3 34 6 l1d
31 4 5 l1d
14 4 1 l1d
4 13 8 l1d
28 29 2 l1d
17 54 0 l1d
32 62 0 l1d
16 15 7 l1d
7 57 1 l1d
29 35 1 l1d
29 45 3 l1d
31 55 7 l1d
15 46 1 l1d
6 61 7 l1d
9 55 5 l1d
9 54 3 l1d
28 3 2 l1d
26 5 8 l1d
25 39 3 l1d
28 59 6 l1d
7 29 1 l1d
20 3 4 l1d
5 61 8 l1d
23 11 8 l1d
11 13 6 l1d
21 63 5 l1d
25 17 0 l1d
23 24 3 l1d
0 17 7 l1d
15 2 7 l1d
27 54 8 l1d
23 42 4 l1d
30 22 7 l1d
23 21 2 l1d
32 11 7 l1d
3 9 7 l1d
16 48 2 l1d
32 53 5 l1d
9 42 0 l1d
22 0 3 l1d
32 19 1 l1d
32 3 7 l1d
8 6 4 l1d
0 0 7 l1d
28 46 4 l1d
10 47 0 l1d
27 28 6 l1d
19 11 3 l1d
11 16 0 l1d
3 37 6 l1d
24 0 1 l1d
9 18 4 l1d
4 6 3 l1d
3 4 3 l1d
31 49 2 l1d
23 62 5 l1d
13 24 5 l1d
8 1 5 l1d
9 44 5 l1d
24 20 6 l1d
7 51 0 l1d
11 15 4 l1d
