30 42 7 l1d
31 45 1 l1d
29 62 0 l1d
10 50 0 l1d
32 27 7 l1d
32 23 5 l1d
26 29 2 l1d
7 38 8 l1d
21 61 2 l1d
26 10 3 l1d
20 25 7 l1d
10 34 0 l1d
14 4 3 l1d
22 18 6 l1d
21 61 6 l1d
0 31 6 l1d
19 64 6 l1d
23 38 0 l1d
19 53 3 l1d
1 39 2 l1d
20 16 0 l1d
4 3 1 l1d
25 33 0 l1d
18 46 8 l1d
26 18 2 l1d
2 14 1 l1d
28 12 2 l1d
20 55 6 l1d
10 23 7 l1d
18 49 3 l1d
31 13 2 l1d
4 37 2 l1d
26 8 4 l1d
23 11 7 l1d
11 31 2 l1d
5 25 7 l1d
20 61 3 l1d
6 24 0 l1d
21 47 4 l1d
15 16 2 l1d
15 64 8 l1d
19 47 4 l1d
32 24 0 l1d
21 32 2 l1d
16 46 0 l1d
22 53 1 l1d
1 37 1 l1d
1 60 0 l1d
19 18 2 l1d
24 35 1 l1d
2 12 3 l1d
23 19 5 l1d
3 52 4 l1d
18 62 1 l1d
31 15 7 l1d
25 3 4 l1d
17 48 5 l1d
12 55 0 l1d
15 14 8 l1d
18 52 3 l1d
30 21 6 l1d
10 34 6 l1d
32 14 6 l1d
24 12 5 l1d
18 23 6 l1d
29 33 5 l1d
21 10 0 l1d
9 50 5 l1d
1 37 8 l1d
20 59 8 l1d
21 53 5 l1d
6 23 5 l1d
17 62 8 l1d
22 33 0 l1d
22 8 2 l1d
8 64 5 l1d
14 17 4 l1d
27 10 1 l1d
12 0 3 l1d
11 46 4 l1d
9 44 6 l1d
1 0 3 l1d
9 46 6 l1d
8 36 7 l1d
22 27 4 l1d
14 31 8 l1d
28 32 8 l1d
24 17 4 l1d
4 0 8 l1d
16 10 4 l1d
30 23 7 l1d
19 47 1 l1d
26 15 6 l1d
20 52 3 l1d
24 29 1 l1d
0 3 7 l1d
5 47 6 l1d
2 38 0 l1d
26 8 7 l1d
28 63 1 l1d
6 30 2 l1d
26 42 5 l1d
