28 6 1 l1d
30 34 0 l1d
9 64 3 l1d
28 54 4 l1d
30 49 4 l1d
17 41 0 l1d
25 8 1 l1d
4 47 1 l1d
20 3 1 l1d
16 39 3 l1d
31 48 5 l1d
30 41 5 l1d
12 61 2 l1d
15 40 6 l1d
18 50 6 l1d
5 2 3 l1d
14 8 2 l1d
29 63 3 l1d
17 20 2 l1d
17 53 6 l1d
19 34 6 l1d
30 53 6 l1d
18 28 8 l1d
24 20 3 l1d
4 14 8 l1d
8 22 0 l1d
5 28 6 l1d
29 57 6 l1d
10 40 1 l1d
6 21 5 l1d
16 9 4 l1d
4 14 2 l1d
26 58 4 l1d
16 19 5 l1d
15 15 0 l1d
8 23 1 l1d
32 43 0 l1d
11 62 2 l1d
30 41 5 l1d
12 41 3 l1d
22 33 1 l1d
19 26 3 l1d
22 30 4 l1d
6 9 3 l1d
3 15 1 l1d
3 33 2 l1d
8 27 8 l1d
22 49 6 l1d
