8 1 7 l1d
22 24 5 l1d
18 57 2 l1d
13 13 8 l1d
5 6 5 l1d
26 25 4 l1d
31 57 4 l1d
31 56 3 l1d
22 37 5 l1d
24 42 6 l1d
24 40 4 l1d
3 22 1 l1d
2 41 8 l1d
5 49 7 l1d
10 46 8 l1d
32 27 7 l1d
4 16 1 l1d
26 11 6 l1d
12 36 3 l1d
22 20 8 l1d
8 13 1 l1d
5 25 6 l1d
21 33 0 l1d
19 47 3 l1d
14 7 4 l1d
24 61 2 l1d
12 54 8 l1d
3 26 0 l1d
12 49 3 l1d
24 50 6 l1d
18 52 8 l1d
15 20 2 l1d
18 21 3 l1d
17 34 8 l1d
29 63 3 l1d
30 20 2 l1d
4 34 4 l1d
2 32 1 l1d
28 51 5 l1d
32 55 8 l1d
7 16 1 l1d
29 26 4 l1d
6 13 2 l1d
8 5 5 l1d
13 61 2 l1d
10 6 7 l1d
14 31 4 l1d
4 63 0 l1d
32 64 4 l1d
28 4 4 l1d
31 36 7 l1d
13 46 4 l1d
