0 45 4 l1d
18 26 8 l1d
15 40 3 l1d
24 49 0 l1d
11 56 0 l1d
11 5 7 l1d
21 4 1 l1d
19 37 6 l1d
7 47 1 l1d
28 35 8 l1d
19 16 3 l1d
28 19 3 l1d
22 48 0 l1d
32 44 3 l1d
19 19 3 l1d
8 52 2 l1d
3 22 2 l1d
5 11 2 l1d
31 61 3 l1d
19 44 6 l1d
11 28 5 l1d
26 64 6 l1d
18 62 6 l1d
6 41 2 l1d
26 2 4 l1d
17 23 7 l1d
21 46 8 l1d
15 47 7 l1d
23 49 8 l1d
29 55 3 l1d
30 17 6 l1d
32 64 0 l1d
20 54 3 l1d
24 43 3 l1d
6 1 8 l1d
20 26 1 l1d
3 21 6 l1d
18 9 8 l1d
17 12 8 l1d
2 49 3 l1d
18 62 8 l1d
10 2 7 l1d
9 3 5 l1d
24 59 2 l1d
14 58 4 l1d
6 2 2 l1d
19 23 1 l1d
9 56 5 l1d
28 61 4 l1d
26 26 2 l1d
27 35 2 l1d
13 60 1 l1d
19 55 4 l1d
17 24 4 l1d
12 60 1 l1d
20 43 4 l1d
18 31 4 l1d
8 44 4 l1d
11 60 5 l1d
5 34 7 l1d
21 36 6 l1d
9 8 0 l1d
11 56 1 l1d
31 15 5 l1d
7 51 0 l1d
9 6 1 l1d
22 61 5 l1d
28 0 0 l1d
2 48 0 l1d
3 64 2 l1d
27 61 0 l1d
21 35 1 l1d
7 5 2 l1d
17 25 1 l1d
20 30 1 l1d
18 54 8 l1d
