5 5 6 l1d
23 25 4 l1d
14 48 6 l1d
15 8 3 l1d
21 40 4 l1d
15 4 4 l1d
27 11 7 l1d
18 58 0 l1d
22 56 4 l1d
22 46 3 l1d
28 19 5 l1d
1 46 8 l1d
8 29 4 l1d
31 6 2 l1d
20 46 8 l1d
18 18 6 l1d
16 62 5 l1d
4 12 1 l1d
5 15 5 l1d
4 55 1 l1d
25 19 3 l1d
15 27 7 l1d
1 17 2 l1d
7 28 3 l1d
17 10 1 l1d
5 8 5 l1d
11 16 0 l1d
15 52 4 l1d
25 56 2 l1d
9 54 7 l1d
32 23 0 l1d
22 56 2 l1d
5 5 6 l1d
7 41 2 l1d
6 4 6 l1d
14 29 1 l1d
21 20 7 l1d
19 49 1 l1d
11 17 2 l1d
12 28 8 l1d
26 1 0 l1d
19 31 2 l1d
23 2 1 l1d
17 35 0 l1d
1 51 8 l1d
30 19 0 l1d
