4 45 6 l1d
19 56 5 l1d
15 63 2 l1d
11 28 6 l1d
17 50 6 l1d
4 47 5 l1d
2 3 0 l1d
24 20 1 l1d
6 38 3 l1d
31 7 7 l1d
17 45 5 l1d
15 31 7 l1d
3 19 8 l1d
5 31 1 l1d
27 34 7 l1d
29 43 2 l1d
27 4 7 l1d
3 62 2 l1d
23 19 8 l1d
12 12 2 l1d
4 46 3 l1d
25 13 8 l1d
31 57 2 l1d
22 34 0 l1d
25 0 1 l1d
10 13 1 l1d
24 35 0 l1d
17 19 5 l1d
24 12 3 l1d
1 0 6 l1d
19 31 5 l1d
3 37 2 l1d
17 61 3 l1d
18 64 3 l1d
17 57 2 l1d
11 19 8 l1d
15 64 6 l1d
19 18 2 l1d
10 64 8 l1d
4 46 7 l1d
19 3 7 l1d
27 28 8 l1d
21 23 1 l1d
17 13 5 l1d
