31 41 6 l1d
21 21 2 l1d
29 25 5 l1d
24 25 3 l1d
27 27 6 l1d
15 33 6 l1d
0 49 1 l1d
9 30 2 l1d
21 44 6 l1d
10 7 8 l1d
32 24 4 l1d
10 64 0 l1d
14 52 3 l1d
32 49 2 l1d
16 16 7 l1d
0 64 0 l1d
3 64 6 l1d
26 47 4 l1d
5 47 7 l1d
23 6 6 l1d
27 33 5 l1d
1 36 6 l1d
6 51 7 l1d
21 19 1 l1d
11 17 7 l1d
7 17 5 l1d
15 52 7 l1d
11 17 7 l1d
13 23 0 l1d
8 18 3 l1d
9 8 3 l1d
30 30 7 l1d
23 26 7 l1d
10 39 2 l1d
31 41 4 l1d
13 31 1 l1d
12 64 7 l1d
10 51 0 l1d
27 48 7 l1d
21 30 8 l1d
24 30 5 l1d
2 61 4 l1d
18 40 3 l1d
12 29 2 l1d
13 50 3 l1d
0 13 7 l1d
25 58 4 l1d
6 49 2 l1d
