28 16 5 l1d
30 35 3 l1d
4 24 2 l1d
23 38 4 l1d
6 11 2 l1d
3 26 2 l1d
4 24 2 l1d
2 54 8 l1d
12 19 2 l1d
32 64 1 l1d
26 1 3 l1d
30 51 5 l1d
14 26 2 l1d
3 36 3 l1d
11 59 7 l1d
9 53 0 l1d
16 61 7 l1d
9 36 4 l1d
1 33 4 l1d
21 6 0 l1d
14 14 8 l1d
19 48 3 l1d
30 18 4 l1d
31 19 6 l1d
5 60 1 l1d
27 18 5 l1d
3 55 7 l1d
25 48 7 l1d
6 42 7 l1d
18 53 2 l1d
31 4 7 l1d
5 8 1 l1d
9 29 6 l1d
12 10 6 l1d
10 15 4 l1d
15 61 7 l1d
6 41 5 l1d
18 20 3 l1d
3 14 2 l1d
29 42 0 l1d
3 56 8 l1d
26 45 6 l1d
14 4 7 l1d
12 15 4 l1d
32 28 7 l1d
20 54 1 l1d
12 44 8 l1d
22 13 0 l1d
12 47 2 l1d
6 27 0 l1d
18 4 5 l1d
3 47 4 l1d
23 46 0 l1d
20 51 1 l1d
11 16 2 l1d
4 50 1 l1d
1 44 8 l1d
22 0 2 l1d
11 26 1 l1d
27 26 5 l1d
30 38 7 l1d
27 58 2 l1d
2 54 4 l1d
10 7 3 l1d
22 62 8 l1d
5 49 3 l1d
25 50 6 l1d
21 35 6 l1d
0 34 6 l1d
11 1 0 l1d
32 18 0 l1d
5 6 4 l1d
5 49 2 l1d
3 27 1 l1d
9 53 6 l1d
2 7 7 l1d
10 60 3 l1d
30 52 3 l1d
