23 41 1 l1d
3 29 4 l1d
11 35 2 l1d
28 35 8 l1d
13 49 0 l1d
27 46 3 l1d
13 31 1 l1d
11 34 0 l1d
24 55 8 l1d
29 7 6 l1d
4 51 5 l1d
0 64 0 l1d
22 41 5 l1d
20 47 5 l1d
17 13 0 l1d
1 6 0 l1d
10 11 2 l1d
9 47 6 l1d
6 29 6 l1d
3 51 1 l1d
27 39 5 l1d
21 26 4 l1d
23 28 4 l1d
16 40 8 l1d
8 61 2 l1d
32 20 7 l1d
0 7 0 l1d
26 35 7 l1d
4 1 7 l1d
29 8 6 l1d
27 25 8 l1d
0 24 4 l1d
19 44 8 l1d
4 3 3 l1d
21 63 8 l1d
19 11 7 l1d
26 53 7 l1d
2 3 6 l1d
0 45 1 l1d
18 39 4 l1d
6 20 5 l1d
4 45 6 l1d
3 47 6 l1d
30 62 0 l1d
13 55 0 l1d
17 35 8 l1d
0 48 3 l1d
18 29 5 l1d
3 61 2 l1d
18 44 0 l1d
14 36 5 l1d
8 23 7 l1d
6 8 0 l1d
20 19 4 l1d
7 53 6 l1d
27 20 1 l1d
7 43 0 l1d
22 46 7 l1d
12 47 6 l1d
24 60 3 l1d
28 0 5 l1d
0 0 8 l1d
15 33 8 l1d
22 19 7 l1d
