16 34 4 l1d
16 35 4 l1d
16 54 4 l1d
16 55 4 l1d
20 30 4 l1d
20 31 4 l1d
20 54 4 l1d
20 55 4 l1d
20 58 4 l1d
20 59 4 l1d
20 62 4 l1d
20 63 4 l1d
21 22 4 l1d
21 23 4 l1d
21 26 4 l1d
21 27 4 l1d
21 30 4 l1d
21 31 4 l1d
21 34 4 l1d
21 35 4 l1d
21 42 4 l1d
21 43 4 l1d
24 26 4 l1d
24 27 4 l1d
25 22 4 l1d
25 23 4 l1d
25 30 4 l1d
25 31 4 l1d
25 34 4 l1d
25 35 4 l1d
25 42 4 l1d
25 43 4 l1d
25 46 4 l1d
25 47 4 l1d
26 54 4 l1d
26 55 4 l1d
29 30 4 l1d
29 31 4 l1d
30 58 4 l1d
30 59 4 l1d
31 18 4 l1d
31 19 4 l1d
