0 38 8 l1d
15 45 3 l1d
28 43 1 l1d
10 34 3 l1d
10 33 0 l1d
2 19 4 l1d
20 31 5 l1d
21 38 6 l1d
6 60 1 l1d
2 27 0 l1d
26 3 8 l1d
1 19 4 l1d
8 41 6 l1d
10 21 5 l1d
30 1 3 l1d
18 47 7 l1d
27 44 5 l1d
8 51 8 l1d
18 62 3 l1d
20 25 0 l1d
18 59 8 l1d
21 16 5 l1d
17 20 8 l1d
22 43 2 l1d
32 5 6 l1d
13 55 6 l1d
17 9 2 l1d
26 17 1 l1d
13 22 8 l1d
10 64 8 l1d
5 20 3 l1d
5 7 3 l1d
28 46 4 l1d
30 0 6 l1d
1 28 6 l1d
28 56 4 l1d
17 19 5 l1d
30 52 8 l1d
32 27 6 l1d
13 31 4 l1d
4 49 8 l1d
26 35 5 l1d
22 29 2 l1d
3 35 6 l1d
18 53 1 l1d
24 34 3 l1d
15 8 6 l1d
19 57 3 l1d
12 56 7 l1d
29 7 7 l1d
5 33 2 l1d
10 54 2 l1d
2 42 0 l1d
7 21 1 l1d
7 9 4 l1d
5 32 0 l1d
9 50 4 l1d
23 56 7 l1d
3 33 1 l1d
9 43 4 l1d
22 4 0 l1d
14 17 0 l1d
16 1 8 l1d
8 19 3 l1d
29 6 8 l1d
5 59 0 l1d
12 28 3 l1d
18 24 5 l1d
14 33 3 l1d
24 17 0 l1d
21 10 3 l1d
18 8 5 l1d
7 29 3 l1d
23 29 0 l1d
5 5 5 l1d
3 55 5 l1d
27 5 6 l1d
10 49 1 l1d
2 30 8 l1d
3 5 6 l1d
17 57 6 l1d
8 29 3 l1d
30 52 4 l1d
16 45 4 l1d
19 58 4 l1d
16 31 4 l1d
14 17 1 l1d
5 4 4 l1d
14 63 5 l1d
29 29 1 l1d
23 62 1 l1d
6 52 0 l1d
11 28 7 l1d
17 7 3 l1d
3 44 7 l1d
28 13 2 l1d
5 30 6 l1d
7 8 3 l1d
27 1 6 l1d
8 18 7 l1d
24 51 6 l1d
25 12 7 l1d
22 15 2 l1d
22 15 6 l1d
2 9 4 l1d
23 3 2 l1d
16 56 6 l1d
24 9 1 l1d
16 43 1 l1d
19 54 3 l1d
8 34 3 l1d
7 29 7 l1d
24 51 4 l1d
19 12 7 l1d
3 10 4 l1d
10 61 5 l1d
6 0 1 l1d
2 47 3 l1d
20 58 2 l1d
24 25 7 l1d
7 32 5 l1d
15 10 5 l1d
21 17 0 l1d
30 58 3 l1d
6 55 4 l1d
19 51 8 l1d
24 6 8 l1d
7 61 1 l1d
31 28 4 l1d
32 4 1 l1d
13 57 7 l1d
7 5 4 l1d
32 20 4 l1d
17 12 7 l1d
20 18 7 l1d
4 41 1 l1d
6 25 4 l1d
20 29 1 l1d
27 49 7 l1d
24 55 1 l1d
23 56 2 l1d
26 27 0 l1d
11 13 1 l1d
4 7 7 l1d
3 10 6 l1d
15 64 8 l1d
6 10 5 l1d
24 3 1 l1d
31 2 6 l1d
15 6 2 l1d
26 6 8 l1d
19 44 6 l1d
28 38 5 l1d
5 48 6 l1d
2 27 0 l1d
16 28 3 l1d
5 24 5 l1d
11 12 2 l1d
30 6 2 l1d
28 19 4 l1d
32 12 8 l1d
17 62 6 l1d
19 15 3 l1d
22 23 7 l1d
5 17 8 l1d
15 34 1 l1d
8 12 2 l1d
31 15 7 l1d
16 4 7 l1d
7 18 5 l1d
29 55 1 l1d
22 44 3 l1d
32 8 2 l1d
21 4 1 l1d
1 50 3 l1d
20 54 2 l1d
26 20 8 l1d
6 8 0 l1d
28 52 0 l1d
5 9 8 l1d
28 26 3 l1d
13 4 2 l1d
19 31 6 l1d
7 21 7 l1d
19 32 1 l1d
32 56 0 l1d
5 50 1 l1d
10 30 8 l1d
11 55 4 l1d
1 13 6 l1d
4 7 6 l1d
12 33 7 l1d
32 15 1 l1d
21 47 6 l1d
21 30 3 l1d
28 18 0 l1d
30 0 7 l1d
6 57 3 l1d
14 11 0 l1d
6 1 5 l1d
17 30 2 l1d
30 53 4 l1d
20 36 6 l1d
15 60 6 l1d
4 34 7 l1d
6 37 4 l1d
9 58 3 l1d
4 4 5 l1d
19 44 6 l1d
32 26 1 l1d
10 26 0 l1d
28 49 0 l1d
30 56 1 l1d
3 1 5 l1d
15 15 2 l1d
27 27 1 l1d
30 59 6 l1d
4 45 2 l1d
