2 58 3 l1d
4 47 4 l1d
17 10 8 l1d
7 1 0 l1d
8 47 5 l1d
22 64 5 l1d
18 41 6 l1d
28 6 5 l1d
28 49 8 l1d
11 10 3 l1d
5 32 3 l1d
29 13 1 l1d
32 49 1 l1d
31 55 5 l1d
14 2 0 l1d
27 41 3 l1d
16 25 8 l1d
10 22 3 l1d
1 46 0 l1d
29 2 8 l1d
30 62 3 l1d
10 17 0 l1d
23 32 5 l1d
12 55 2 l1d
31 41 8 l1d
17 46 0 l1d
13 60 6 l1d
19 25 0 l1d
31 19 4 l1d
11 3 2 l1d
25 52 3 l1d
17 8 4 l1d
31 28 8 l1d
4 50 5 l1d
1 54 2 l1d
21 50 6 l1d
11 60 5 l1d
14 26 8 l1d
31 53 4 l1d
10 3 6 l1d
23 62 8 l1d
24 23 2 l1d
19 31 1 l1d
18 28 4 l1d
27 43 2 l1d
19 45 4 l1d
21 20 7 l1d
4 52 7 l1d
9 57 7 l1d
2 52 1 l1d
12 8 8 l1d
30 56 2 l1d
6 57 6 l1d
14 32 4 l1d
21 25 5 l1d
22 58 1 l1d
15 21 0 l1d
6 38 1 l1d
17 45 4 l1d
25 25 7 l1d
32 34 6 l1d
14 56 8 l1d
8 4 1 l1d
21 17 7 l1d
31 26 2 l1d
24 60 0 l1d
18 43 0 l1d
16 53 1 l1d
13 15 3 l1d
21 15 3 l1d
22 29 4 l1d
13 31 1 l1d
19 49 4 l1d
22 17 4 l1d
12 43 3 l1d
14 61 4 l1d
24 47 3 l1d
22 56 8 l1d
2 44 5 l1d
5 18 1 l1d
25 7 2 l1d
15 62 6 l1d
21 58 4 l1d
18 60 5 l1d
19 60 0 l1d
9 22 1 l1d
12 33 7 l1d
12 1 7 l1d
5 6 5 l1d
22 27 5 l1d
26 5 0 l1d
27 42 4 l1d
23 22 7 l1d
25 25 1 l1d
30 56 8 l1d
2 14 4 l1d
31 18 8 l1d
13 16 3 l1d
