20 3 1 l1d
15 20 0 l1d
20 29 4 l1d
2 20 7 l1d
11 4 1 l1d
14 10 2 l1d
25 26 1 l1d
15 40 4 l1d
23 14 4 l1d
25 4 4 l1d
23 52 7 l1d
20 9 2 l1d
19 23 5 l1d
12 19 1 l1d
2 59 3 l1d
26 7 7 l1d
4 59 8 l1d
14 5 1 l1d
14 34 0 l1d
28 19 0 l1d
2 4 8 l1d
15 10 7 l1d
16 10 6 l1d
30 23 6 l1d
26 30 5 l1d
24 61 0 l1d
24 42 0 l1d
11 6 0 l1d
23 25 4 l1d
31 44 2 l1d
16 9 2 l1d
13 6 8 l1d
24 38 1 l1d
0 16 1 l1d
1 1 6 l1d
21 48 8 l1d
30 44 3 l1d
4 46 5 l1d
19 56 8 l1d
9 45 6 l1d
16 33 4 l1d
31 54 1 l1d
13 47 7 l1d
17 37 5 l1d
30 20 5 l1d
5 44 8 l1d
17 60 8 l1d
21 52 5 l1d
1 43 0 l1d
25 20 5 l1d
30 5 6 l1d
7 35 7 l1d
3 52 8 l1d
8 52 5 l1d
14 47 2 l1d
12 46 3 l1d
9 19 4 l1d
32 40 2 l1d
12 3 8 l1d
31 27 7 l1d
1 48 4 l1d
17 62 4 l1d
8 16 7 l1d
23 15 8 l1d
