31 48 4 l1d
2 26 4 l1d
26 34 6 l1d
25 38 5 l1d
21 13 4 l1d
12 42 3 l1d
19 30 7 l1d
18 33 4 l1d
31 63 1 l1d
9 53 6 l1d
13 20 0 l1d
15 45 8 l1d
16 29 4 l1d
17 44 5 l1d
21 1 4 l1d
13 20 0 l1d
2 47 2 l1d
11 15 8 l1d
27 3 1 l1d
11 22 0 l1d
5 44 8 l1d
26 59 3 l1d
10 36 6 l1d
27 11 4 l1d
31 1 4 l1d
10 44 1 l1d
3 5 8 l1d
4 23 8 l1d
19 10 7 l1d
16 28 2 l1d
6 2 5 l1d
17 52 2 l1d
21 32 7 l1d
3 22 8 l1d
11 4 7 l1d
0 48 0 l1d
11 63 4 l1d
24 12 5 l1d
2 14 1 l1d
7 43 4 l1d
29 18 2 l1d
0 2 7 l1d
31 18 2 l1d
13 39 0 l1d
23 2 0 l1d
22 12 4 l1d
9 53 7 l1d
7 2 8 l1d
29 58 7 l1d
2 19 8 l1d
30 54 1 l1d
29 59 1 l1d
1 55 3 l1d
31 32 2 l1d
7 46 3 l1d
0 50 4 l1d
26 63 6 l1d
16 35 0 l1d
30 1 2 l1d
20 30 3 l1d
18 25 6 l1d
0 1 6 l1d
4 25 0 l1d
13 38 4 l1d
20 38 5 l1d
0 49 2 l1d
10 41 8 l1d
7 34 5 l1d
28 18 2 l1d
14 63 6 l1d
15 51 2 l1d
25 30 7 l1d
27 53 2 l1d
31 1 3 l1d
13 17 6 l1d
22 11 2 l1d
13 25 3 l1d
18 14 8 l1d
1 32 3 l1d
14 64 3 l1d
17 5 3 l1d
2 14 2 l1d
10 52 2 l1d
20 40 8 l1d
8 50 6 l1d
30 61 6 l1d
10 33 6 l1d
28 20 5 l1d
17 25 7 l1d
1 57 0 l1d
