28 21 1 l1d
31 18 7 l1d
29 44 5 l1d
28 35 7 l1d
30 18 4 l1d
9 1 3 l1d
1 29 5 l1d
20 51 4 l1d
6 12 1 l1d
28 63 4 l1d
6 52 0 l1d
25 15 7 l1d
6 61 3 l1d
16 23 1 l1d
5 63 8 l1d
15 41 0 l1d
22 49 0 l1d
17 39 5 l1d
25 9 5 l1d
7 47 2 l1d
20 32 7 l1d
16 0 5 l1d
1 43 0 l1d
28 26 6 l1d
14 61 6 l1d
26 5 1 l1d
32 52 5 l1d
23 20 0 l1d
28 38 8 l1d
0 15 5 l1d
32 44 3 l1d
17 24 2 l1d
0 59 3 l1d
11 29 3 l1d
24 52 8 l1d
29 52 2 l1d
9 28 3 l1d
14 34 6 l1d
13 45 0 l1d
8 51 6 l1d
10 0 1 l1d
27 20 5 l1d
22 46 6 l1d
19 1 8 l1d
8 5 1 l1d
28 52 7 l1d
14 39 1 l1d
9 59 7 l1d
15 8 3 l1d
3 29 1 l1d
10 47 2 l1d
31 44 2 l1d
31 42 0 l1d
2 29 8 l1d
28 26 4 l1d
15 33 7 l1d
