17 6 1 l1d
5 55 8 l1d
26 60 3 l1d
19 21 0 l1d
22 37 1 l1d
8 29 1 l1d
11 38 1 l1d
0 23 2 l1d
30 58 3 l1d
6 9 3 l1d
9 28 8 l1d
0 32 1 l1d
21 40 7 l1d
29 32 4 l1d
17 64 1 l1d
32 1 8 l1d
0 28 2 l1d
12 33 1 l1d
11 16 5 l1d
0 13 7 l1d
27 43 1 l1d
30 47 0 l1d
10 48 4 l1d
20 10 4 l1d
22 24 3 l1d
14 7 2 l1d
26 44 4 l1d
3 29 7 l1d
0 46 6 l1d
23 37 4 l1d
8 30 5 l1d
18 37 2 l1d
12 60 2 l1d
7 1 5 l1d
12 64 3 l1d
3 57 1 l1d
21 53 8 l1d
19 11 1 l1d
29 53 7 l1d
16 25 4 l1d
23 20 0 l1d
5 20 3 l1d
30 37 4 l1d
24 36 4 l1d
30 44 8 l1d
12 41 0 l1d
8 39 0 l1d
12 50 2 l1d
12 41 0 l1d
26 24 1 l1d
19 11 4 l1d
20 51 2 l1d
9 35 7 l1d
6 4 8 l1d
24 38 0 l1d
9 19 7 l1d
