20 10 4 l1d
6 31 7 l1d
28 15 2 l1d
5 52 2 l1d
11 27 1 l1d
11 34 4 l1d
10 22 5 l1d
17 4 8 l1d
16 12 2 l1d
6 13 3 l1d
31 7 6 l1d
20 56 3 l1d
9 8 7 l1d
17 44 2 l1d
21 26 6 l1d
16 44 5 l1d
30 21 2 l1d
29 14 7 l1d
3 9 0 l1d
32 40 1 l1d
27 54 7 l1d
30 14 7 l1d
25 30 6 l1d
26 17 0 l1d
14 58 1 l1d
28 20 0 l1d
22 51 0 l1d
8 27 0 l1d
14 44 7 l1d
9 64 3 l1d
0 20 0 l1d
15 31 4 l1d
23 56 7 l1d
7 56 0 l1d
6 63 3 l1d
11 60 7 l1d
0 2 0 l1d
7 47 7 l1d
24 9 4 l1d
2 44 0 l1d
3 7 8 l1d
19 2 1 l1d
19 63 1 l1d
6 53 4 l1d
21 57 7 l1d
17 18 2 l1d
19 1 5 l1d
28 50 4 l1d
2 25 0 l1d
25 35 0 l1d
1 39 6 l1d
25 6 1 l1d
26 42 6 l1d
12 38 4 l1d
27 57 6 l1d
0 5 0 l1d
32 7 5 l1d
22 62 2 l1d
8 19 4 l1d
12 34 0 l1d
30 43 7 l1d
28 14 1 l1d
15 28 6 l1d
19 39 2 l1d
16 8 7 l1d
18 50 8 l1d
28 58 3 l1d
12 6 0 l1d
