25 27 2 l1d
18 28 0 l1d
23 20 3 l1d
0 44 1 l1d
20 19 0 l1d
12 51 2 l1d
12 48 7 l1d
30 15 6 l1d
16 44 2 l1d
13 44 6 l1d
17 3 2 l1d
6 39 6 l1d
0 15 1 l1d
2 13 0 l1d
27 56 0 l1d
7 5 4 l1d
21 41 0 l1d
7 21 3 l1d
26 16 0 l1d
15 46 2 l1d
27 4 6 l1d
15 19 5 l1d
15 59 4 l1d
11 20 7 l1d
4 2 5 l1d
17 28 3 l1d
5 22 0 l1d
10 62 3 l1d
26 44 8 l1d
9 49 3 l1d
17 29 5 l1d
14 41 6 l1d
25 53 2 l1d
23 46 0 l1d
23 43 7 l1d
4 60 6 l1d
28 5 1 l1d
21 13 3 l1d
10 34 3 l1d
27 40 7 l1d
28 63 7 l1d
0 60 4 l1d
16 4 4 l1d
31 50 0 l1d
18 24 2 l1d
28 19 2 l1d
28 53 7 l1d
18 60 3 l1d
2 26 6 l1d
12 20 2 l1d
13 33 4 l1d
24 18 2 l1d
22 63 3 l1d
24 30 1 l1d
16 41 6 l1d
8 63 7 l1d
19 52 5 l1d
16 4 2 l1d
6 2 1 l1d
30 52 5 l1d
1 56 7 l1d
0 63 7 l1d
14 41 2 l1d
9 36 4 l1d
14 17 1 l1d
25 29 5 l1d
19 23 1 l1d
0 50 7 l1d
19 24 7 l1d
24 64 7 l1d
3 55 4 l1d
3 20 1 l1d
0 55 1 l1d
10 2 1 l1d
12 56 8 l1d
18 33 8 l1d
30 36 4 l1d
5 22 4 l1d
16 0 6 l1d
32 46 8 l1d
18 60 4 l1d
26 61 7 l1d
10 13 3 l1d
1 4 2 l1d
21 34 1 l1d
16 18 2 l1d
11 34 1 l1d
4 64 0 l1d
23 41 3 l1d
20 3 1 l1d
2 40 5 l1d
13 51 4 l1d
0 30 2 l1d
24 30 6 l1d
32 35 6 l1d
15 47 8 l1d
26 33 5 l1d
3 54 1 l1d
8 12 3 l1d
19 45 3 l1d
16 26 2 l1d
26 62 0 l1d
17 27 2 l1d
25 36 4 l1d
13 34 1 l1d
32 35 3 l1d
10 11 4 l1d
12 16 8 l1d
18 35 8 l1d
14 46 3 l1d
10 14 8 l1d
27 7 4 l1d
12 45 6 l1d
29 27 5 l1d
5 62 5 l1d
27 60 4 l1d
32 42 0 l1d
22 46 5 l1d
3 7 0 l1d
5 42 5 l1d
22 49 2 l1d
14 45 1 l1d
8 55 6 l1d
15 60 5 l1d
13 47 6 l1d
10 48 1 l1d
2 27 8 l1d
17 40 3 l1d
6 61 3 l1d
24 35 5 l1d
31 20 6 l1d
27 17 8 l1d
20 64 8 l1d
1 0 2 l1d
30 39 6 l1d
17 4 5 l1d
5 53 2 l1d
30 39 8 l1d
32 46 3 l1d
27 56 2 l1d
7 60 8 l1d
31 56 8 l1d
0 31 5 l1d
1 30 2 l1d
8 55 2 l1d
24 62 2 l1d
13 35 6 l1d
28 12 8 l1d
22 53 2 l1d
5 21 3 l1d
19 61 3 l1d
14 60 4 l1d
13 36 5 l1d
24 30 8 l1d
26 54 7 l1d
19 4 8 l1d
6 0 2 l1d
13 6 7 l1d
24 11 4 l1d
0 31 3 l1d
14 18 8 l1d
8 23 0 l1d
5 64 6 l1d
17 52 1 l1d
27 5 2 l1d
23 2 0 l1d
25 21 4 l1d
22 46 6 l1d
15 24 4 l1d
26 3 6 l1d
1 64 5 l1d
22 40 7 l1d
16 60 4 l1d
15 63 2 l1d
24 16 1 l1d
14 30 0 l1d
25 21 0 l1d
0 15 2 l1d
24 26 8 l1d
21 58 3 l1d
11 16 2 l1d
13 49 8 l1d
7 42 7 l1d
10 51 7 l1d
9 20 1 l1d
2 3 7 l1d
20 26 3 l1d
0 51 6 l1d
0 6 8 l1d
21 40 1 l1d
8 32 7 l1d
24 46 6 l1d
24 27 0 l1d
21 48 4 l1d
10 11 1 l1d
26 3 7 l1d
32 42 0 l1d
28 53 6 l1d
23 39 0 l1d
5 34 7 l1d
24 13 7 l1d
16 35 5 l1d
23 29 4 l1d
10 10 2 l1d
3 19 8 l1d
13 43 2 l1d
3 20 2 l1d
15 19 8 l1d
16 48 6 l1d
15 26 0 l1d
13 19 5 l1d
32 55 5 l1d
29 50 6 l1d
3 47 5 l1d
17 30 5 l1d
16 59 5 l1d
26 50 5 l1d
14 7 1 l1d
11 11 8 l1d
32 58 2 l1d
1 21 7 l1d
14 24 6 l1d
9 7 0 l1d
24 40 8 l1d
22 13 5 l1d
17 57 8 l1d
7 13 8 l1d
28 46 0 l1d
12 34 7 l1d
6 50 2 l1d
10 31 7 l1d
30 17 1 l1d
20 61 4 l1d
2 15 0 l1d
15 31 0 l1d
7 22 0 l1d
9 15 3 l1d
11 63 8 l1d
4 37 7 l1d
8 27 1 l1d
14 33 1 l1d
3 20 5 l1d
32 7 2 l1d
7 3 4 l1d
20 21 0 l1d
29 4 2 l1d
17 63 0 l1d
2 45 4 l1d
28 11 0 l1d
6 63 7 l1d
26 14 0 l1d
5 40 5 l1d
32 39 7 l1d
19 38 4 l1d
14 38 5 l1d
25 56 5 l1d
14 45 4 l1d
16 59 2 l1d
31 30 8 l1d
32 32 2 l1d
15 33 0 l1d
7 52 1 l1d
0 45 5 l1d
22 16 3 l1d
9 5 3 l1d
26 31 8 l1d
31 57 2 l1d
23 48 8 l1d
22 10 4 l1d
18 39 1 l1d
19 57 0 l1d
21 64 0 l1d
20 15 1 l1d
11 27 8 l1d
16 25 6 l1d
19 32 1 l1d
13 64 1 l1d
14 25 0 l1d
0 37 7 l1d
4 38 1 l1d
27 43 7 l1d
11 25 8 l1d
6 11 3 l1d
8 0 5 l1d
17 2 7 l1d
10 40 5 l1d
16 20 8 l1d
5 4 5 l1d
10 1 4 l1d
30 39 2 l1d
9 53 8 l1d
15 47 7 l1d
6 29 4 l1d
32 39 6 l1d
30 34 7 l1d
4 2 6 l1d
26 58 8 l1d
21 44 0 l1d
3 19 4 l1d
19 34 8 l1d
19 17 3 l1d
16 3 0 l1d
2 2 6 l1d
25 1 8 l1d
27 3 7 l1d
26 38 4 l1d
30 46 7 l1d
14 63 5 l1d
23 32 7 l1d
10 35 6 l1d
9 6 4 l1d
31 54 3 l1d
4 15 4 l1d
20 32 1 l1d
13 5 2 l1d
27 21 6 l1d
26 52 6 l1d
1 63 1 l1d
12 26 6 l1d
22 37 6 l1d
23 23 6 l1d
1 32 5 l1d
24 3 2 l1d
5 31 6 l1d
18 53 8 l1d
19 46 0 l1d
13 38 4 l1d
24 44 6 l1d
32 42 8 l1d
22 52 0 l1d
6 16 8 l1d
2 8 4 l1d
11 5 6 l1d
14 39 0 l1d
8 60 3 l1d
14 56 3 l1d
18 19 5 l1d
10 11 8 l1d
4 16 4 l1d
25 52 7 l1d
8 16 4 l1d
21 63 1 l1d
30 45 2 l1d
23 18 6 l1d
13 10 4 l1d
5 38 2 l1d
28 28 5 l1d
12 22 0 l1d
3 16 8 l1d
4 4 3 l1d
28 21 5 l1d
27 0 7 l1d
15 9 8 l1d
31 15 5 l1d
30 49 8 l1d
11 6 4 l1d
13 39 4 l1d
23 7 0 l1d
18 47 4 l1d
28 29 7 l1d
23 49 3 l1d
23 29 0 l1d
0 33 5 l1d
9 40 1 l1d
28 23 6 l1d
9 64 3 l1d
24 63 3 l1d
32 49 0 l1d
23 3 2 l1d
21 11 5 l1d
0 39 7 l1d
31 13 6 l1d
15 5 5 l1d
30 5 2 l1d
26 47 2 l1d
18 28 3 l1d
23 29 6 l1d
15 63 2 l1d
18 15 0 l1d
1 9 2 l1d
14 15 8 l1d
1 63 0 l1d
30 14 2 l1d
6 36 6 l1d
30 9 6 l1d
25 29 3 l1d
24 8 0 l1d
6 49 3 l1d
31 29 7 l1d
9 46 1 l1d
3 42 7 l1d
22 62 7 l1d
2 34 2 l1d
6 44 2 l1d
10 12 4 l1d
23 33 7 l1d
18 28 6 l1d
28 16 5 l1d
3 19 7 l1d
6 36 7 l1d
9 49 6 l1d
27 3 4 l1d
1 59 8 l1d
6 39 5 l1d
24 48 4 l1d
26 50 4 l1d
28 51 3 l1d
26 3 0 l1d
23 56 5 l1d
25 16 5 l1d
10 35 8 l1d
16 28 7 l1d
5 11 7 l1d
24 64 0 l1d
14 23 7 l1d
28 32 8 l1d
7 52 2 l1d
2 47 7 l1d
23 45 5 l1d
26 0 0 l1d
10 40 8 l1d
0 26 7 l1d
5 45 3 l1d
12 27 6 l1d
23 28 1 l1d
32 39 7 l1d
8 41 1 l1d
17 1 8 l1d
5 46 4 l1d
17 27 7 l1d
19 41 1 l1d
13 8 3 l1d
12 44 8 l1d
12 1 0 l1d
5 38 3 l1d
25 28 7 l1d
11 62 5 l1d
8 32 0 l1d
10 11 5 l1d
6 1 0 l1d
15 2 3 l1d
20 52 3 l1d
13 23 2 l1d
31 60 2 l1d
19 51 6 l1d
21 7 7 l1d
3 51 0 l1d
0 7 2 l1d
17 16 4 l1d
3 11 1 l1d
17 0 6 l1d
26 60 1 l1d
2 39 6 l1d
5 3 8 l1d
12 3 6 l1d
7 18 0 l1d
12 53 4 l1d
6 30 1 l1d
30 11 4 l1d
23 50 8 l1d
3 62 1 l1d
0 53 2 l1d
3 64 2 l1d
32 38 7 l1d
20 24 7 l1d
2 13 8 l1d
16 46 3 l1d
10 23 6 l1d
29 30 0 l1d
1 51 2 l1d
3 14 2 l1d
7 8 2 l1d
21 47 7 l1d
27 40 4 l1d
6 61 5 l1d
0 24 8 l1d
4 57 8 l1d
28 55 4 l1d
8 54 2 l1d
27 45 6 l1d
30 64 8 l1d
17 15 3 l1d
14 11 4 l1d
27 0 7 l1d
22 49 4 l1d
5 44 8 l1d
2 26 6 l1d
23 30 4 l1d
14 1 1 l1d
13 5 7 l1d
14 52 8 l1d
2 63 3 l1d
28 48 6 l1d
5 6 8 l1d
16 12 2 l1d
12 31 4 l1d
9 55 6 l1d
13 24 3 l1d
1 60 0 l1d
9 14 7 l1d
13 44 0 l1d
11 19 0 l1d
11 0 8 l1d
12 7 0 l1d
5 60 7 l1d
25 63 3 l1d
20 56 1 l1d
10 21 5 l1d
16 0 5 l1d
15 59 4 l1d
0 59 3 l1d
22 41 2 l1d
21 10 1 l1d
17 23 2 l1d
25 11 6 l1d
11 20 0 l1d
12 16 4 l1d
6 34 0 l1d
31 64 2 l1d
5 15 5 l1d
13 28 5 l1d
32 51 3 l1d
18 26 4 l1d
5 58 7 l1d
15 10 1 l1d
29 3 5 l1d
22 61 8 l1d
3 51 8 l1d
26 19 7 l1d
7 50 7 l1d
19 23 1 l1d
1 13 4 l1d
14 54 3 l1d
9 6 1 l1d
5 5 0 l1d
16 37 3 l1d
4 33 0 l1d
4 62 1 l1d
28 32 7 l1d
10 44 4 l1d
24 31 1 l1d
14 8 3 l1d
11 8 2 l1d
29 10 4 l1d
13 0 8 l1d
10 1 7 l1d
22 56 4 l1d
26 18 3 l1d
6 23 5 l1d
16 44 3 l1d
5 56 3 l1d
25 41 6 l1d
19 26 1 l1d
25 16 5 l1d
29 45 1 l1d
12 19 8 l1d
18 58 3 l1d
6 41 5 l1d
24 34 6 l1d
29 28 7 l1d
24 5 6 l1d
6 33 2 l1d
21 24 4 l1d
10 52 4 l1d
16 24 4 l1d
23 29 2 l1d
3 4 0 l1d
14 56 0 l1d
26 12 7 l1d
15 34 5 l1d
22 38 4 l1d
12 21 8 l1d
28 24 5 l1d
3 59 7 l1d
5 10 1 l1d
19 15 1 l1d
16 40 1 l1d
20 39 1 l1d
7 21 4 l1d
18 21 0 l1d
21 58 7 l1d
3 44 5 l1d
9 61 0 l1d
22 31 1 l1d
14 20 6 l1d
18 52 7 l1d
11 46 1 l1d
3 55 2 l1d
