20 60 2 l1d
17 51 5 l1d
12 17 5 l1d
24 31 5 l1d
7 35 0 l1d
32 24 7 l1d
7 36 0 l1d
26 26 8 l1d
30 33 3 l1d
23 46 5 l1d
31 16 5 l1d
29 42 5 l1d
0 48 3 l1d
12 33 7 l1d
1 32 2 l1d
8 44 6 l1d
30 53 7 l1d
30 54 7 l1d
16 2 1 l1d
10 18 8 l1d
30 38 7 l1d
13 7 3 l1d
13 56 1 l1d
2 23 2 l1d
31 34 5 l1d
1 34 2 l1d
4 23 8 l1d
13 38 0 l1d
13 2 2 l1d
22 58 6 l1d
10 4 8 l1d
10 51 4 l1d
31 21 7 l1d
20 9 4 l1d
19 48 5 l1d
32 37 4 l1d
0 0 3 l1d
14 43 0 l1d
1 12 2 l1d
10 38 3 l1d
17 57 3 l1d
9 20 7 l1d
5 28 5 l1d
31 58 3 l1d
1 24 1 l1d
4 45 6 l1d
23 29 5 l1d
29 48 3 l1d
32 19 3 l1d
16 37 3 l1d
4 21 7 l1d
27 17 0 l1d
14 41 4 l1d
26 19 1 l1d
4 62 2 l1d
16 4 4 l1d
9 63 0 l1d
4 10 1 l1d
30 21 3 l1d
4 38 4 l1d
0 4 6 l1d
27 58 6 l1d
2 57 4 l1d
14 29 3 l1d
1 32 8 l1d
8 15 1 l1d
20 11 1 l1d
11 38 1 l1d
22 53 1 l1d
32 44 5 l1d
2 9 7 l1d
27 3 6 l1d
24 8 7 l1d
10 24 3 l1d
21 33 8 l1d
30 35 7 l1d
9 2 2 l1d
23 28 0 l1d
22 3 0 l1d
25 5 5 l1d
12 22 4 l1d
6 47 6 l1d
13 60 6 l1d
22 30 6 l1d
