30 17 6 l1d
16 44 6 l1d
30 40 4 l1d
18 39 1 l1d
19 15 7 l1d
23 18 0 l1d
4 49 1 l1d
21 23 4 l1d
10 64 2 l1d
28 23 2 l1d
3 54 6 l1d
6 15 5 l1d
13 27 7 l1d
5 0 0 l1d
8 18 2 l1d
9 43 5 l1d
3 5 5 l1d
24 21 7 l1d
23 40 0 l1d
8 2 7 l1d
32 45 2 l1d
12 50 8 l1d
6 31 8 l1d
4 38 0 l1d
20 40 1 l1d
10 22 6 l1d
17 37 5 l1d
22 42 7 l1d
28 62 1 l1d
11 1 0 l1d
29 54 8 l1d
3 6 6 l1d
27 15 3 l1d
10 61 5 l1d
22 42 6 l1d
10 6 1 l1d
0 39 1 l1d
16 24 8 l1d
4 24 6 l1d
28 62 3 l1d
6 44 6 l1d
20 26 2 l1d
8 53 4 l1d
25 54 7 l1d
1 33 6 l1d
20 6 8 l1d
28 44 2 l1d
20 57 8 l1d
3 23 3 l1d
0 20 5 l1d
7 56 6 l1d
24 20 5 l1d
13 42 4 l1d
32 55 0 l1d
22 59 8 l1d
9 16 4 l1d
15 27 7 l1d
14 54 8 l1d
26 9 2 l1d
9 35 6 l1d
