2 6 5 l1d
28 2 3 l1d
24 47 8 l1d
0 10 5 l1d
30 51 4 l1d
10 23 2 l1d
14 32 7 l1d
7 25 2 l1d
21 45 8 l1d
12 36 7 l1d
9 11 8 l1d
27 6 4 l1d
19 59 5 l1d
16 2 1 l1d
26 55 8 l1d
0 11 8 l1d
2 55 6 l1d
29 48 3 l1d
22 21 2 l1d
13 37 3 l1d
13 32 4 l1d
29 3 1 l1d
10 64 8 l1d
6 63 1 l1d
16 28 5 l1d
12 58 3 l1d
7 29 4 l1d
28 52 3 l1d
20 3 8 l1d
31 22 0 l1d
16 42 8 l1d
9 38 0 l1d
4 43 8 l1d
1 29 7 l1d
2 24 6 l1d
10 16 4 l1d
23 7 8 l1d
21 36 6 l1d
5 20 8 l1d
10 52 0 l1d
31 53 0 l1d
26 54 5 l1d
12 64 2 l1d
29 14 5 l1d
13 38 0 l1d
8 23 4 l1d
6 28 7 l1d
9 52 3 l1d
9 27 5 l1d
26 16 1 l1d
10 37 7 l1d
29 27 5 l1d
21 38 1 l1d
10 41 8 l1d
18 7 5 l1d
22 13 2 l1d
7 47 0 l1d
3 39 6 l1d
19 23 4 l1d
9 14 7 l1d
29 6 7 l1d
28 35 1 l1d
9 20 3 l1d
11 11 5 l1d
6 10 4 l1d
0 42 4 l1d
0 36 2 l1d
25 7 8 l1d
6 26 3 l1d
22 42 6 l1d
0 13 7 l1d
21 18 2 l1d
11 55 6 l1d
6 47 5 l1d
20 20 2 l1d
19 37 2 l1d
15 0 6 l1d
24 35 0 l1d
12 63 0 l1d
32 25 4 l1d
25 39 2 l1d
11 60 6 l1d
4 64 6 l1d
20 8 6 l1d
24 63 3 l1d
24 47 7 l1d
31 0 4 l1d
32 54 6 l1d
1 2 1 l1d
23 46 1 l1d
9 29 4 l1d
14 6 3 l1d
31 17 0 l1d
29 19 3 l1d
17 18 4 l1d
16 11 4 l1d
29 52 6 l1d
24 59 7 l1d
16 38 7 l1d
19 21 2 l1d
29 32 2 l1d
10 7 1 l1d
28 19 8 l1d
21 53 3 l1d
11 3 5 l1d
8 63 5 l1d
31 46 5 l1d
21 20 7 l1d
25 26 8 l1d
20 54 3 l1d
4 23 5 l1d
26 61 2 l1d
11 8 1 l1d
14 33 7 l1d
29 8 8 l1d
18 55 1 l1d
27 12 8 l1d
7 51 0 l1d
4 30 3 l1d
17 46 6 l1d
28 29 5 l1d
8 33 5 l1d
15 21 0 l1d
3 16 7 l1d
4 15 2 l1d
11 60 1 l1d
18 7 2 l1d
19 2 6 l1d
23 46 4 l1d
13 48 6 l1d
8 59 5 l1d
8 15 0 l1d
4 60 8 l1d
21 46 1 l1d
27 34 8 l1d
24 2 3 l1d
9 4 2 l1d
3 6 6 l1d
14 16 1 l1d
14 6 6 l1d
8 52 4 l1d
8 7 1 l1d
16 11 8 l1d
22 61 0 l1d
1 3 2 l1d
23 49 1 l1d
20 47 2 l1d
0 45 4 l1d
