10 63 7 l1d
13 54 1 l1d
7 46 5 l1d
30 62 0 l1d
29 54 4 l1d
18 44 5 l1d
27 49 8 l1d
16 40 1 l1d
10 48 6 l1d
18 3 4 l1d
27 62 1 l1d
9 46 2 l1d
20 54 8 l1d
30 60 1 l1d
1 15 6 l1d
6 34 7 l1d
12 24 3 l1d
19 23 0 l1d
12 36 4 l1d
2 25 2 l1d
27 52 0 l1d
6 45 6 l1d
4 43 4 l1d
10 39 3 l1d
26 11 2 l1d
4 15 2 l1d
30 26 1 l1d
29 53 7 l1d
7 9 4 l1d
19 58 4 l1d
17 44 8 l1d
27 20 1 l1d
14 50 4 l1d
20 44 5 l1d
15 43 5 l1d
23 41 1 l1d
26 8 7 l1d
6 56 7 l1d
5 41 5 l1d
6 4 5 l1d
25 30 5 l1d
24 62 5 l1d
16 59 0 l1d
11 16 8 l1d
16 57 5 l1d
13 26 7 l1d
16 59 2 l1d
28 47 4 l1d
24 62 3 l1d
4 32 1 l1d
26 12 6 l1d
1 19 0 l1d
8 46 3 l1d
24 14 5 l1d
4 48 0 l1d
32 16 3 l1d
20 11 0 l1d
30 41 4 l1d
13 16 7 l1d
16 55 5 l1d
0 29 7 l1d
5 51 8 l1d
27 39 2 l1d
20 29 4 l1d
13 36 7 l1d
23 55 8 l1d
9 14 7 l1d
16 55 5 l1d
21 4 1 l1d
15 3 3 l1d
12 58 6 l1d
31 27 6 l1d
8 17 5 l1d
21 57 3 l1d
18 15 5 l1d
5 29 1 l1d
11 55 0 l1d
24 35 5 l1d
18 13 4 l1d
31 35 4 l1d
26 4 3 l1d
5 33 1 l1d
16 54 3 l1d
13 38 3 l1d
27 22 5 l1d
22 16 1 l1d
23 55 5 l1d
16 26 4 l1d
18 45 4 l1d
16 34 7 l1d
11 54 3 l1d
13 9 7 l1d
31 41 8 l1d
14 55 6 l1d
29 28 8 l1d
9 7 1 l1d
25 33 3 l1d
30 13 8 l1d
