2 55 6 l1d
23 9 5 l1d
5 30 3 l1d
20 37 5 l1d
6 9 2 l1d
25 5 1 l1d
21 5 0 l1d
2 9 0 l1d
16 47 5 l1d
10 44 8 l1d
31 43 5 l1d
29 26 1 l1d
12 22 5 l1d
11 15 4 l1d
29 24 6 l1d
27 25 8 l1d
31 53 0 l1d
13 24 2 l1d
16 35 5 l1d
21 26 8 l1d
4 56 3 l1d
10 53 8 l1d
5 8 1 l1d
30 30 6 l1d
19 23 3 l1d
25 36 8 l1d
23 20 3 l1d
30 22 6 l1d
0 55 8 l1d
4 54 7 l1d
15 39 0 l1d
25 46 2 l1d
1 35 7 l1d
20 3 2 l1d
18 36 5 l1d
20 32 1 l1d
12 61 2 l1d
10 11 7 l1d
31 47 4 l1d
32 31 4 l1d
3 62 3 l1d
1 12 7 l1d
32 61 3 l1d
7 11 3 l1d
22 41 0 l1d
20 47 6 l1d
23 39 3 l1d
14 44 0 l1d
23 36 5 l1d
8 12 8 l1d
16 54 0 l1d
0 31 4 l1d
18 9 7 l1d
28 29 3 l1d
12 30 0 l1d
6 39 3 l1d
