11 11 6 l1d
3 36 1 l1d
10 40 4 l1d
28 19 0 l1d
3 39 7 l1d
11 58 3 l1d
16 10 1 l1d
22 28 3 l1d
27 64 5 l1d
15 2 8 l1d
22 39 8 l1d
0 6 7 l1d
23 50 3 l1d
2 63 0 l1d
26 47 3 l1d
26 44 8 l1d
0 32 8 l1d
7 41 7 l1d
29 0 7 l1d
8 15 7 l1d
28 29 8 l1d
22 6 1 l1d
29 57 5 l1d
25 24 1 l1d
5 19 7 l1d
13 1 4 l1d
1 42 3 l1d
27 40 2 l1d
24 40 7 l1d
15 10 0 l1d
26 15 4 l1d
16 9 1 l1d
4 21 4 l1d
24 36 3 l1d
24 52 2 l1d
16 6 3 l1d
19 36 8 l1d
31 52 1 l1d
21 9 0 l1d
26 53 2 l1d
18 53 8 l1d
31 40 2 l1d
18 20 2 l1d
29 10 1 l1d
20 31 8 l1d
23 50 8 l1d
22 39 1 l1d
24 21 8 l1d
16 62 7 l1d
23 44 4 l1d
19 21 5 l1d
3 3 8 l1d
28 46 8 l1d
28 64 8 l1d
22 11 1 l1d
1 63 5 l1d
2 58 4 l1d
24 54 6 l1d
3 64 8 l1d
14 7 3 l1d
0 35 4 l1d
12 30 8 l1d
28 3 6 l1d
2 44 0 l1d
24 3 1 l1d
30 45 6 l1d
32 16 5 l1d
13 1 6 l1d
31 54 3 l1d
1 47 8 l1d
24 20 0 l1d
23 32 8 l1d
6 17 1 l1d
15 37 5 l1d
32 5 3 l1d
7 45 1 l1d
20 6 5 l1d
25 33 3 l1d
28 5 7 l1d
22 22 6 l1d
10 29 0 l1d
22 28 7 l1d
25 20 4 l1d
14 63 6 l1d
29 21 0 l1d
12 6 1 l1d
14 17 3 l1d
28 26 7 l1d
20 23 0 l1d
8 42 8 l1d
7 30 2 l1d
5 17 3 l1d
32 47 7 l1d
8 51 7 l1d
15 16 4 l1d
17 35 4 l1d
24 3 5 l1d
9 59 2 l1d
28 58 1 l1d
7 46 0 l1d
8 27 4 l1d
11 18 7 l1d
3 26 6 l1d
10 8 0 l1d
31 4 6 l1d
3 13 3 l1d
14 11 3 l1d
31 34 5 l1d
22 30 6 l1d
26 21 8 l1d
19 28 4 l1d
9 64 7 l1d
25 6 3 l1d
26 58 2 l1d
7 56 7 l1d
4 24 5 l1d
22 8 3 l1d
19 28 4 l1d
4 32 8 l1d
19 59 4 l1d
6 35 7 l1d
3 10 7 l1d
23 34 5 l1d
19 41 5 l1d
30 43 6 l1d
16 35 6 l1d
15 0 4 l1d
23 48 1 l1d
24 51 5 l1d
21 37 4 l1d
29 44 2 l1d
30 16 5 l1d
23 39 0 l1d
19 0 7 l1d
3 19 2 l1d
3 30 1 l1d
13 23 5 l1d
31 12 3 l1d
19 2 4 l1d
21 37 8 l1d
19 24 3 l1d
23 34 6 l1d
13 41 0 l1d
8 55 5 l1d
30 61 3 l1d
8 16 8 l1d
23 54 7 l1d
23 61 3 l1d
31 27 2 l1d
14 7 0 l1d
29 17 6 l1d
18 16 6 l1d
30 12 0 l1d
8 20 4 l1d
14 24 7 l1d
32 50 0 l1d
6 26 5 l1d
24 30 4 l1d
27 6 8 l1d
7 12 5 l1d
25 24 3 l1d
23 34 8 l1d
6 35 1 l1d
32 63 2 l1d
25 43 1 l1d
4 52 0 l1d
32 26 5 l1d
8 2 7 l1d
27 21 7 l1d
22 36 7 l1d
28 55 3 l1d
25 41 3 l1d
12 50 0 l1d
23 35 1 l1d
9 57 6 l1d
8 53 8 l1d
31 46 0 l1d
19 44 3 l1d
24 29 4 l1d
31 48 8 l1d
0 42 5 l1d
5 19 3 l1d
12 56 7 l1d
27 17 2 l1d
31 52 7 l1d
0 39 3 l1d
0 19 6 l1d
17 51 2 l1d
22 0 2 l1d
7 16 7 l1d
20 30 7 l1d
22 59 6 l1d
21 24 0 l1d
20 36 2 l1d
5 25 2 l1d
29 57 2 l1d
14 7 3 l1d
30 14 7 l1d
30 50 1 l1d
27 19 2 l1d
9 61 6 l1d
9 47 8 l1d
21 25 8 l1d
3 32 0 l1d
0 10 3 l1d
24 44 4 l1d
6 18 3 l1d
28 30 8 l1d
25 19 7 l1d
15 38 7 l1d
5 11 7 l1d
18 57 4 l1d
22 23 0 l1d
28 29 6 l1d
29 41 8 l1d
4 33 1 l1d
32 31 3 l1d
17 11 1 l1d
10 63 0 l1d
1 29 3 l1d
29 27 1 l1d
5 21 2 l1d
25 8 0 l1d
2 28 8 l1d
21 63 0 l1d
10 48 0 l1d
1 41 8 l1d
22 5 6 l1d
15 42 5 l1d
22 12 7 l1d
8 30 5 l1d
10 45 6 l1d
11 52 0 l1d
29 52 1 l1d
2 5 8 l1d
1 39 2 l1d
18 29 3 l1d
8 32 7 l1d
32 64 2 l1d
0 45 1 l1d
9 27 8 l1d
10 20 5 l1d
21 23 4 l1d
14 50 6 l1d
8 39 5 l1d
10 60 1 l1d
2 41 0 l1d
17 19 1 l1d
20 34 0 l1d
32 13 7 l1d
14 53 4 l1d
27 0 4 l1d
12 14 3 l1d
21 29 0 l1d
30 27 2 l1d
30 34 2 l1d
24 24 8 l1d
11 24 2 l1d
3 17 1 l1d
30 17 7 l1d
10 36 1 l1d
4 31 6 l1d
26 46 2 l1d
25 33 3 l1d
28 42 7 l1d
25 49 0 l1d
1 17 2 l1d
1 63 3 l1d
23 22 3 l1d
27 13 0 l1d
9 13 1 l1d
26 6 5 l1d
20 4 8 l1d
19 25 5 l1d
17 49 8 l1d
11 4 2 l1d
14 53 7 l1d
18 40 5 l1d
20 35 5 l1d
22 9 1 l1d
26 5 4 l1d
16 63 0 l1d
7 22 4 l1d
17 19 2 l1d
27 54 4 l1d
21 36 7 l1d
24 0 5 l1d
5 28 5 l1d
20 0 6 l1d
15 29 7 l1d
20 4 0 l1d
1 30 7 l1d
14 52 5 l1d
9 13 8 l1d
1 14 6 l1d
24 60 7 l1d
1 34 4 l1d
19 18 8 l1d
30 24 0 l1d
6 25 0 l1d
32 61 3 l1d
11 58 1 l1d
27 2 2 l1d
31 32 2 l1d
12 46 3 l1d
31 24 2 l1d
28 3 6 l1d
26 49 1 l1d
25 26 2 l1d
15 38 4 l1d
30 20 0 l1d
24 9 5 l1d
15 20 8 l1d
14 11 0 l1d
22 25 0 l1d
3 4 5 l1d
9 59 7 l1d
1 31 1 l1d
31 28 8 l1d
3 0 2 l1d
27 2 2 l1d
18 48 4 l1d
22 21 6 l1d
8 5 2 l1d
16 14 6 l1d
30 5 4 l1d
28 53 1 l1d
17 52 8 l1d
20 14 3 l1d
22 4 3 l1d
5 3 7 l1d
6 58 8 l1d
14 59 0 l1d
13 55 3 l1d
22 13 5 l1d
28 53 5 l1d
2 11 8 l1d
18 30 2 l1d
11 30 2 l1d
21 45 0 l1d
25 42 8 l1d
13 27 5 l1d
23 20 1 l1d
14 13 5 l1d
21 44 0 l1d
1 32 0 l1d
32 12 7 l1d
14 40 2 l1d
28 2 7 l1d
31 41 3 l1d
0 5 3 l1d
27 50 3 l1d
24 7 7 l1d
14 25 4 l1d
3 61 1 l1d
26 19 5 l1d
29 10 8 l1d
30 52 0 l1d
28 13 5 l1d
10 62 0 l1d
16 14 5 l1d
5 31 8 l1d
6 3 3 l1d
25 18 1 l1d
21 40 7 l1d
28 25 6 l1d
21 15 4 l1d
15 24 2 l1d
12 30 7 l1d
32 49 7 l1d
4 28 1 l1d
26 37 6 l1d
28 39 6 l1d
31 32 2 l1d
29 38 2 l1d
3 34 5 l1d
14 61 4 l1d
16 53 8 l1d
7 59 4 l1d
10 54 8 l1d
7 60 7 l1d
10 58 6 l1d
0 30 2 l1d
7 33 8 l1d
18 46 1 l1d
28 51 3 l1d
20 29 7 l1d
1 34 2 l1d
0 32 5 l1d
19 16 0 l1d
15 42 7 l1d
8 9 5 l1d
26 57 3 l1d
12 17 2 l1d
23 54 3 l1d
31 16 6 l1d
19 52 6 l1d
5 25 8 l1d
32 36 4 l1d
3 59 8 l1d
14 4 8 l1d
3 44 1 l1d
29 57 5 l1d
12 16 5 l1d
27 1 1 l1d
5 48 5 l1d
9 6 1 l1d
1 6 5 l1d
2 36 8 l1d
28 37 0 l1d
10 30 8 l1d
18 23 3 l1d
23 63 3 l1d
19 7 4 l1d
14 2 3 l1d
27 47 5 l1d
26 49 2 l1d
0 58 4 l1d
31 50 7 l1d
0 38 0 l1d
4 52 5 l1d
4 22 2 l1d
13 54 5 l1d
2 19 1 l1d
2 33 4 l1d
22 20 4 l1d
22 17 3 l1d
30 13 6 l1d
9 19 3 l1d
20 23 4 l1d
3 2 3 l1d
11 3 5 l1d
