5 61 3 l1d
12 33 8 l1d
21 61 0 l1d
15 32 6 l1d
5 3 5 l1d
7 48 1 l1d
28 21 1 l1d
26 22 5 l1d
8 1 2 l1d
4 37 2 l1d
21 11 8 l1d
2 35 8 l1d
21 55 8 l1d
15 14 1 l1d
21 64 5 l1d
10 55 7 l1d
15 10 7 l1d
0 12 5 l1d
9 32 0 l1d
9 3 1 l1d
32 44 4 l1d
25 46 7 l1d
31 19 4 l1d
12 52 8 l1d
5 16 1 l1d
7 58 0 l1d
31 16 8 l1d
14 54 4 l1d
4 63 2 l1d
20 26 0 l1d
32 20 7 l1d
24 42 1 l1d
0 29 4 l1d
19 10 3 l1d
17 56 2 l1d
29 47 6 l1d
17 11 7 l1d
16 19 6 l1d
12 52 8 l1d
6 35 6 l1d
29 39 8 l1d
29 13 3 l1d
32 12 5 l1d
12 4 4 l1d
29 16 5 l1d
14 7 2 l1d
28 27 2 l1d
29 26 1 l1d
15 32 8 l1d
3 29 7 l1d
4 34 7 l1d
13 24 5 l1d
7 5 1 l1d
27 25 0 l1d
11 23 4 l1d
3 27 4 l1d
4 62 2 l1d
3 60 2 l1d
1 2 5 l1d
28 21 4 l1d
7 26 5 l1d
8 26 0 l1d
30 45 2 l1d
7 16 3 l1d
14 63 5 l1d
2 22 8 l1d
32 20 8 l1d
25 30 7 l1d
0 3 7 l1d
6 18 2 l1d
32 3 5 l1d
19 9 2 l1d
12 50 6 l1d
24 57 5 l1d
9 9 7 l1d
31 48 8 l1d
17 30 8 l1d
6 58 0 l1d
19 53 4 l1d
16 41 0 l1d
21 31 4 l1d
25 18 5 l1d
2 41 4 l1d
23 35 4 l1d
0 55 8 l1d
9 28 0 l1d
27 21 1 l1d
14 5 2 l1d
22 61 1 l1d
5 17 1 l1d
10 10 6 l1d
29 54 1 l1d
