13 17 2 l1d
10 39 0 l1d
20 7 5 l1d
7 37 5 l1d
3 22 4 l1d
26 44 4 l1d
26 23 8 l1d
12 27 1 l1d
24 42 4 l1d
27 59 8 l1d
9 49 4 l1d
15 6 3 l1d
3 23 5 l1d
31 3 3 l1d
18 35 3 l1d
3 14 3 l1d
16 48 7 l1d
16 63 6 l1d
1 34 3 l1d
2 10 2 l1d
12 20 1 l1d
13 27 4 l1d
21 2 0 l1d
19 35 6 l1d
31 32 1 l1d
20 31 7 l1d
14 16 7 l1d
28 15 2 l1d
9 20 1 l1d
11 40 6 l1d
2 23 6 l1d
1 28 8 l1d
30 10 5 l1d
0 36 6 l1d
13 50 0 l1d
12 38 1 l1d
24 37 8 l1d
4 45 8 l1d
22 50 5 l1d
18 23 0 l1d
14 39 1 l1d
24 2 3 l1d
21 18 2 l1d
29 52 7 l1d
14 61 2 l1d
32 22 6 l1d
11 2 4 l1d
30 6 4 l1d
16 12 3 l1d
31 2 4 l1d
13 51 4 l1d
15 40 0 l1d
24 21 1 l1d
19 31 3 l1d
11 59 0 l1d
9 34 3 l1d
14 58 6 l1d
7 40 5 l1d
23 41 4 l1d
23 60 8 l1d
28 2 7 l1d
14 38 2 l1d
17 59 3 l1d
25 24 5 l1d
8 4 0 l1d
7 34 1 l1d
23 18 8 l1d
21 34 7 l1d
23 19 8 l1d
13 55 8 l1d
13 5 7 l1d
31 30 1 l1d
20 9 3 l1d
17 14 2 l1d
32 0 8 l1d
18 30 5 l1d
14 39 1 l1d
16 34 5 l1d
13 27 2 l1d
21 54 1 l1d
8 35 4 l1d
6 48 6 l1d
6 3 6 l1d
19 41 4 l1d
32 15 2 l1d
7 4 8 l1d
18 8 0 l1d
12 13 6 l1d
26 16 7 l1d
27 8 1 l1d
24 11 2 l1d
8 17 1 l1d
21 44 4 l1d
22 41 3 l1d
27 27 5 l1d
20 64 5 l1d
12 63 7 l1d
11 9 2 l1d
8 30 5 l1d
30 10 3 l1d
17 48 0 l1d
16 21 8 l1d
2 44 0 l1d
4 11 1 l1d
19 36 1 l1d
4 59 5 l1d
10 5 8 l1d
30 39 7 l1d
16 17 5 l1d
10 56 8 l1d
