9 20 4 l1d
32 38 0 l1d
27 22 8 l1d
9 34 2 l1d
14 63 4 l1d
30 24 6 l1d
13 33 1 l1d
12 9 8 l1d
17 17 4 l1d
3 14 8 l1d
9 53 1 l1d
15 21 8 l1d
5 57 0 l1d
6 63 8 l1d
13 19 1 l1d
27 33 7 l1d
12 29 6 l1d
28 27 8 l1d
20 60 8 l1d
20 55 2 l1d
3 49 5 l1d
6 53 4 l1d
24 62 8 l1d
13 14 2 l1d
4 0 1 l1d
9 52 4 l1d
15 6 4 l1d
0 46 3 l1d
24 54 6 l1d
23 41 3 l1d
29 22 7 l1d
9 13 6 l1d
13 55 1 l1d
16 57 8 l1d
17 47 1 l1d
29 42 1 l1d
24 40 3 l1d
26 63 2 l1d
3 61 0 l1d
6 55 8 l1d
24 24 7 l1d
20 1 1 l1d
22 25 1 l1d
3 31 1 l1d
17 41 8 l1d
31 44 0 l1d
12 47 5 l1d
4 7 4 l1d
12 53 4 l1d
31 33 6 l1d
23 16 1 l1d
15 46 7 l1d
20 57 8 l1d
17 53 5 l1d
4 8 7 l1d
9 14 3 l1d
19 47 5 l1d
25 9 2 l1d
3 40 3 l1d
31 27 4 l1d
31 61 2 l1d
21 8 2 l1d
29 49 0 l1d
26 5 7 l1d
19 63 2 l1d
0 5 0 l1d
32 15 1 l1d
30 53 5 l1d
4 62 6 l1d
15 35 8 l1d
3 59 5 l1d
22 28 8 l1d
15 48 8 l1d
2 54 5 l1d
24 62 2 l1d
22 14 2 l1d
11 36 6 l1d
4 8 6 l1d
28 52 2 l1d
11 64 4 l1d
18 42 1 l1d
9 62 6 l1d
20 9 5 l1d
21 31 2 l1d
24 31 0 l1d
28 30 3 l1d
3 56 0 l1d
21 39 7 l1d
30 4 4 l1d
14 5 2 l1d
17 49 3 l1d
7 2 1 l1d
1 61 6 l1d
17 43 7 l1d
3 41 5 l1d
15 42 0 l1d
31 43 8 l1d
7 0 2 l1d
22 56 1 l1d
22 35 4 l1d
5 57 5 l1d
3 22 1 l1d
13 10 0 l1d
18 27 1 l1d
9 8 0 l1d
24 41 3 l1d
23 59 1 l1d
17 43 1 l1d
18 40 5 l1d
17 22 8 l1d
12 23 3 l1d
3 35 6 l1d
30 48 7 l1d
7 25 0 l1d
6 63 1 l1d
22 6 0 l1d
4 0 8 l1d
30 18 2 l1d
27 3 2 l1d
16 36 8 l1d
27 49 8 l1d
4 21 1 l1d
22 60 8 l1d
3 22 5 l1d
0 64 6 l1d
22 33 7 l1d
18 1 5 l1d
23 41 8 l1d
28 10 3 l1d
14 21 7 l1d
12 50 4 l1d
2 61 2 l1d
12 34 8 l1d
1 25 3 l1d
22 16 6 l1d
29 2 4 l1d
2 33 6 l1d
30 36 7 l1d
14 32 0 l1d
3 31 5 l1d
10 0 4 l1d
32 10 3 l1d
28 28 5 l1d
2 5 6 l1d
17 59 2 l1d
15 42 5 l1d
25 64 4 l1d
30 3 8 l1d
12 18 1 l1d
21 44 0 l1d
28 16 1 l1d
6 43 6 l1d
24 34 7 l1d
28 4 8 l1d
22 59 4 l1d
28 64 5 l1d
13 44 8 l1d
15 47 7 l1d
7 49 2 l1d
29 1 5 l1d
11 36 3 l1d
11 58 1 l1d
