20 60 4 l1d
22 44 3 l1d
13 31 5 l1d
0 20 0 l1d
3 32 2 l1d
17 27 2 l1d
30 13 8 l1d
32 16 3 l1d
29 17 3 l1d
31 54 7 l1d
9 34 3 l1d
5 37 5 l1d
2 22 5 l1d
14 7 8 l1d
6 50 8 l1d
0 16 7 l1d
11 45 6 l1d
29 56 6 l1d
30 4 2 l1d
31 24 1 l1d
28 16 2 l1d
15 50 6 l1d
4 24 8 l1d
27 62 6 l1d
8 63 8 l1d
19 15 8 l1d
25 13 3 l1d
16 1 5 l1d
31 8 7 l1d
18 8 0 l1d
11 62 7 l1d
7 61 0 l1d
8 33 0 l1d
14 36 8 l1d
8 39 2 l1d
6 15 7 l1d
28 64 3 l1d
20 50 1 l1d
15 16 7 l1d
1 43 3 l1d
23 64 3 l1d
10 0 0 l1d
9 33 6 l1d
32 56 3 l1d
5 33 1 l1d
22 61 1 l1d
10 0 8 l1d
24 36 8 l1d
