19 37 5 l1d
29 27 8 l1d
19 12 6 l1d
21 51 0 l1d
20 61 2 l1d
0 11 0 l1d
15 0 4 l1d
20 24 4 l1d
9 23 1 l1d
9 46 3 l1d
23 3 8 l1d
6 64 2 l1d
9 9 2 l1d
32 44 4 l1d
2 62 4 l1d
28 5 0 l1d
5 60 5 l1d
8 27 6 l1d
1 48 7 l1d
24 63 5 l1d
23 28 4 l1d
2 59 3 l1d
2 54 4 l1d
10 59 7 l1d
6 53 5 l1d
8 53 8 l1d
4 44 7 l1d
22 35 0 l1d
6 28 4 l1d
1 57 3 l1d
18 59 6 l1d
27 61 7 l1d
28 52 5 l1d
6 5 3 l1d
30 51 8 l1d
2 29 8 l1d
16 19 6 l1d
28 14 7 l1d
26 12 8 l1d
22 60 4 l1d
20 23 8 l1d
8 55 7 l1d
3 48 7 l1d
15 8 2 l1d
