13 59 8 l1d
8 35 1 l1d
18 46 4 l1d
21 3 8 l1d
1 6 1 l1d
10 35 7 l1d
11 25 8 l1d
31 33 2 l1d
4 53 8 l1d
12 58 4 l1d
32 61 4 l1d
0 24 5 l1d
27 36 5 l1d
29 58 0 l1d
31 62 0 l1d
17 8 3 l1d
29 30 8 l1d
29 30 0 l1d
11 47 8 l1d
7 14 1 l1d
4 10 7 l1d
4 10 1 l1d
13 49 7 l1d
4 20 7 l1d
9 60 6 l1d
26 44 7 l1d
18 39 7 l1d
22 2 7 l1d
16 39 4 l1d
31 21 1 l1d
27 8 8 l1d
24 8 4 l1d
16 30 1 l1d
10 6 6 l1d
29 1 6 l1d
11 7 7 l1d
8 39 4 l1d
5 61 0 l1d
9 43 7 l1d
24 10 6 l1d
18 50 7 l1d
21 4 7 l1d
31 20 1 l1d
23 35 5 l1d
22 36 0 l1d
2 26 5 l1d
32 45 7 l1d
18 25 6 l1d
23 45 1 l1d
19 8 5 l1d
20 45 4 l1d
10 50 1 l1d
5 13 8 l1d
13 51 0 l1d
31 17 8 l1d
10 22 0 l1d
12 3 2 l1d
10 47 5 l1d
12 20 0 l1d
31 38 3 l1d
26 42 7 l1d
29 24 8 l1d
4 23 8 l1d
20 29 6 l1d
30 21 0 l1d
6 15 3 l1d
8 38 2 l1d
23 1 5 l1d
32 46 6 l1d
32 18 1 l1d
27 14 1 l1d
17 46 2 l1d
17 41 2 l1d
19 29 2 l1d
2 20 3 l1d
4 31 5 l1d
14 61 6 l1d
22 55 6 l1d
12 38 8 l1d
11 56 5 l1d
23 56 2 l1d
0 27 7 l1d
19 62 7 l1d
25 55 8 l1d
6 58 3 l1d
10 40 5 l1d
32 60 2 l1d
15 47 8 l1d
11 64 2 l1d
14 55 7 l1d
12 44 6 l1d
17 47 1 l1d
5 35 8 l1d
8 26 8 l1d
19 52 2 l1d
27 63 6 l1d
32 18 7 l1d
30 24 3 l1d
14 64 1 l1d
26 14 8 l1d
21 2 4 l1d
9 58 6 l1d
29 38 7 l1d
18 31 5 l1d
27 14 2 l1d
16 21 5 l1d
14 40 3 l1d
21 5 8 l1d
16 55 5 l1d
28 61 4 l1d
30 22 3 l1d
13 38 5 l1d
19 1 7 l1d
2 28 3 l1d
2 20 1 l1d
15 16 8 l1d
25 16 1 l1d
10 35 7 l1d
22 52 8 l1d
13 22 5 l1d
21 29 4 l1d
3 59 5 l1d
11 46 6 l1d
11 30 8 l1d
22 58 0 l1d
23 33 6 l1d
18 57 4 l1d
12 58 3 l1d
19 33 0 l1d
0 47 7 l1d
24 43 6 l1d
32 62 3 l1d
