21 35 2 l1d
17 21 6 l1d
4 62 3 l1d
10 22 8 l1d
31 37 1 l1d
2 6 7 l1d
23 9 7 l1d
8 23 5 l1d
21 53 5 l1d
6 43 3 l1d
22 50 5 l1d
2 21 1 l1d
20 0 6 l1d
22 62 8 l1d
16 55 6 l1d
21 5 3 l1d
29 6 7 l1d
28 19 2 l1d
8 44 7 l1d
21 8 0 l1d
31 29 6 l1d
19 61 5 l1d
2 10 3 l1d
14 20 0 l1d
20 25 3 l1d
18 47 1 l1d
8 45 4 l1d
24 61 3 l1d
1 39 4 l1d
12 20 3 l1d
12 61 0 l1d
20 23 1 l1d
4 5 4 l1d
10 7 5 l1d
30 2 6 l1d
25 5 5 l1d
7 61 5 l1d
0 19 8 l1d
26 18 0 l1d
27 64 5 l1d
19 43 3 l1d
3 20 7 l1d
18 57 3 l1d
30 26 5 l1d
10 18 2 l1d
9 31 2 l1d
