10 34 2 l1d
17 59 7 l1d
14 33 4 l1d
14 27 3 l1d
32 6 4 l1d
13 59 4 l1d
3 33 2 l1d
21 36 4 l1d
23 5 8 l1d
21 50 6 l1d
20 45 0 l1d
20 9 8 l1d
1 26 1 l1d
10 28 1 l1d
19 39 7 l1d
14 62 7 l1d
0 4 2 l1d
4 2 4 l1d
0 57 1 l1d
30 47 5 l1d
18 60 6 l1d
14 41 6 l1d
17 40 8 l1d
17 35 3 l1d
32 9 5 l1d
27 8 6 l1d
32 38 1 l1d
1 9 3 l1d
4 15 8 l1d
30 2 5 l1d
4 58 3 l1d
0 56 3 l1d
24 48 3 l1d
0 17 8 l1d
3 24 3 l1d
14 23 7 l1d
31 12 4 l1d
31 21 7 l1d
13 52 6 l1d
23 15 1 l1d
18 4 4 l1d
6 33 0 l1d
17 26 1 l1d
2 52 1 l1d
19 48 1 l1d
1 24 4 l1d
