26 18 3 l1d
11 22 3 l1d
3 59 1 l1d
28 49 8 l1d
12 64 5 l1d
9 62 0 l1d
30 29 6 l1d
10 42 1 l1d
23 41 1 l1d
17 48 8 l1d
18 5 3 l1d
32 25 3 l1d
18 27 6 l1d
18 13 3 l1d
27 35 5 l1d
21 62 7 l1d
30 13 5 l1d
19 20 7 l1d
6 53 3 l1d
1 56 5 l1d
10 43 3 l1d
16 14 1 l1d
2 29 8 l1d
18 35 1 l1d
24 33 4 l1d
4 1 3 l1d
19 52 1 l1d
13 28 8 l1d
11 35 6 l1d
16 18 6 l1d
18 35 4 l1d
14 23 0 l1d
21 6 5 l1d
16 34 3 l1d
31 44 0 l1d
25 13 0 l1d
24 61 6 l1d
18 34 7 l1d
31 54 2 l1d
26 34 6 l1d
30 0 8 l1d
10 23 3 l1d
19 4 6 l1d
15 62 0 l1d
8 55 6 l1d
10 53 2 l1d
6 61 0 l1d
21 47 8 l1d
21 44 2 l1d
9 52 6 l1d
25 22 7 l1d
10 36 1 l1d
3 32 4 l1d
30 11 0 l1d
24 30 8 l1d
11 15 3 l1d
22 16 4 l1d
28 33 3 l1d
22 7 8 l1d
10 13 4 l1d
26 49 8 l1d
1 16 0 l1d
20 38 8 l1d
17 51 2 l1d
4 64 3 l1d
20 62 0 l1d
23 58 6 l1d
30 30 2 l1d
