11 57 2 l1d
10 52 2 l1d
6 53 6 l1d
21 51 2 l1d
9 27 4 l1d
1 29 1 l1d
16 33 5 l1d
11 32 1 l1d
7 50 7 l1d
4 44 4 l1d
7 11 1 l1d
27 2 6 l1d
12 56 4 l1d
17 40 1 l1d
0 9 5 l1d
29 21 0 l1d
15 31 4 l1d
10 41 6 l1d
30 35 3 l1d
18 12 1 l1d
4 59 6 l1d
17 55 2 l1d
11 5 3 l1d
4 7 8 l1d
27 31 3 l1d
4 5 1 l1d
9 59 8 l1d
5 43 7 l1d
10 55 8 l1d
28 38 6 l1d
5 6 8 l1d
19 0 6 l1d
29 16 4 l1d
19 44 2 l1d
25 31 6 l1d
2 30 6 l1d
26 42 3 l1d
13 14 4 l1d
14 11 4 l1d
24 46 0 l1d
27 35 4 l1d
17 23 8 l1d
10 48 0 l1d
32 36 0 l1d
1 11 1 l1d
6 45 3 l1d
2 9 5 l1d
22 54 5 l1d
0 44 1 l1d
18 24 7 l1d
32 25 8 l1d
29 47 2 l1d
18 39 7 l1d
29 10 8 l1d
27 16 3 l1d
4 1 3 l1d
2 47 1 l1d
5 37 4 l1d
15 1 0 l1d
19 36 4 l1d
4 49 7 l1d
9 33 8 l1d
9 40 2 l1d
2 6 0 l1d
18 23 2 l1d
8 53 7 l1d
24 42 8 l1d
1 53 3 l1d
30 38 6 l1d
1 0 1 l1d
32 58 8 l1d
13 56 2 l1d
3 22 4 l1d
15 26 0 l1d
22 24 3 l1d
24 24 1 l1d
31 38 5 l1d
22 18 0 l1d
23 57 4 l1d
14 4 0 l1d
26 47 3 l1d
29 28 2 l1d
12 16 2 l1d
22 6 6 l1d
18 48 2 l1d
25 63 2 l1d
25 55 6 l1d
30 46 5 l1d
27 26 1 l1d
18 15 2 l1d
18 35 7 l1d
25 50 2 l1d
16 50 4 l1d
3 8 2 l1d
4 51 4 l1d
28 6 8 l1d
8 56 0 l1d
4 54 7 l1d
17 10 6 l1d
24 61 8 l1d
5 22 3 l1d
16 44 5 l1d
28 46 5 l1d
24 62 6 l1d
4 59 6 l1d
10 64 6 l1d
30 57 7 l1d
4 60 0 l1d
28 18 5 l1d
31 23 0 l1d
31 62 5 l1d
27 8 0 l1d
21 13 6 l1d
24 10 6 l1d
31 32 2 l1d
11 25 4 l1d
0 47 4 l1d
4 16 8 l1d
8 26 0 l1d
5 22 0 l1d
12 28 8 l1d
11 50 5 l1d
