3 56 4 l1d
28 55 7 l1d
13 53 6 l1d
22 7 0 l1d
29 52 0 l1d
10 17 1 l1d
4 40 5 l1d
11 3 6 l1d
22 56 4 l1d
15 63 2 l1d
9 45 3 l1d
24 1 3 l1d
16 5 6 l1d
21 14 7 l1d
16 40 0 l1d
24 31 2 l1d
27 6 2 l1d
23 23 5 l1d
12 33 6 l1d
27 62 3 l1d
18 60 6 l1d
21 10 2 l1d
23 58 2 l1d
11 61 6 l1d
25 22 7 l1d
25 43 0 l1d
19 2 0 l1d
21 34 1 l1d
29 21 8 l1d
16 14 6 l1d
17 60 0 l1d
24 7 2 l1d
6 40 6 l1d
0 49 1 l1d
2 27 3 l1d
26 3 1 l1d
26 50 3 l1d
10 16 1 l1d
24 19 2 l1d
3 15 1 l1d
26 4 8 l1d
25 4 8 l1d
20 1 7 l1d
30 22 6 l1d
27 57 6 l1d
13 58 5 l1d
29 47 5 l1d
18 36 7 l1d
28 54 6 l1d
21 8 5 l1d
29 22 2 l1d
12 3 5 l1d
5 46 0 l1d
15 2 3 l1d
6 51 2 l1d
5 12 6 l1d
11 46 5 l1d
13 63 2 l1d
29 28 0 l1d
26 61 7 l1d
10 12 1 l1d
32 40 4 l1d
0 59 2 l1d
11 19 2 l1d
1 51 8 l1d
11 10 3 l1d
19 11 6 l1d
16 34 8 l1d
18 2 4 l1d
9 57 0 l1d
11 23 7 l1d
26 32 1 l1d
15 30 1 l1d
17 6 6 l1d
32 8 4 l1d
30 29 4 l1d
6 12 6 l1d
13 30 2 l1d
15 22 1 l1d
21 38 3 l1d
1 29 4 l1d
1 18 3 l1d
