2 37 2 l1d
32 32 0 l1d
3 5 1 l1d
7 64 6 l1d
0 2 6 l1d
15 31 8 l1d
12 7 8 l1d
0 29 3 l1d
13 34 7 l1d
11 31 3 l1d
31 5 8 l1d
25 20 3 l1d
14 19 7 l1d
30 64 1 l1d
3 20 6 l1d
22 40 3 l1d
2 36 4 l1d
0 44 6 l1d
18 24 2 l1d
9 49 3 l1d
16 42 3 l1d
25 1 2 l1d
11 34 3 l1d
17 34 1 l1d
4 38 4 l1d
27 33 3 l1d
28 23 8 l1d
10 30 1 l1d
24 55 0 l1d
29 51 0 l1d
19 51 4 l1d
15 22 8 l1d
30 39 1 l1d
25 48 0 l1d
11 48 6 l1d
0 38 4 l1d
12 27 3 l1d
9 56 2 l1d
18 41 4 l1d
5 11 7 l1d
32 10 7 l1d
19 25 1 l1d
31 32 7 l1d
20 45 7 l1d
5 16 0 l1d
27 27 6 l1d
0 3 1 l1d
4 4 1 l1d
24 56 6 l1d
28 38 4 l1d
21 10 7 l1d
7 44 2 l1d
21 51 1 l1d
1 46 2 l1d
12 55 0 l1d
15 26 4 l1d
11 31 0 l1d
2 63 3 l1d
30 25 7 l1d
32 14 2 l1d
16 39 6 l1d
6 0 0 l1d
26 9 1 l1d
18 56 1 l1d
3 1 1 l1d
11 3 8 l1d
26 6 3 l1d
19 10 0 l1d
2 39 8 l1d
10 1 8 l1d
22 47 7 l1d
7 18 6 l1d
27 59 3 l1d
4 45 1 l1d
32 31 6 l1d
32 8 3 l1d
7 17 5 l1d
16 64 6 l1d
27 42 5 l1d
24 42 8 l1d
2 22 8 l1d
2 12 2 l1d
7 40 3 l1d
28 52 1 l1d
0 9 7 l1d
6 62 7 l1d
9 34 3 l1d
30 11 7 l1d
30 7 7 l1d
15 57 0 l1d
25 41 1 l1d
5 40 8 l1d
31 51 4 l1d
14 23 0 l1d
15 52 0 l1d
22 6 3 l1d
12 50 3 l1d
30 22 0 l1d
