29 60 3 l1d
28 62 6 l1d
14 26 4 l1d
14 27 6 l1d
30 13 0 l1d
0 61 5 l1d
17 53 2 l1d
14 45 8 l1d
28 23 3 l1d
28 31 5 l1d
13 15 1 l1d
32 47 3 l1d
24 49 8 l1d
10 30 7 l1d
30 9 0 l1d
23 33 6 l1d
7 63 4 l1d
11 5 2 l1d
22 28 0 l1d
20 10 6 l1d
6 42 4 l1d
10 7 8 l1d
1 47 5 l1d
19 59 0 l1d
20 36 2 l1d
26 34 0 l1d
27 25 7 l1d
5 33 1 l1d
16 20 0 l1d
25 26 2 l1d
14 22 8 l1d
29 46 1 l1d
14 48 4 l1d
6 39 3 l1d
11 28 7 l1d
29 51 6 l1d
10 55 2 l1d
16 39 6 l1d
29 8 4 l1d
21 5 3 l1d
6 10 2 l1d
1 62 2 l1d
21 34 3 l1d
26 40 6 l1d
15 20 8 l1d
5 1 7 l1d
31 12 7 l1d
7 21 3 l1d
29 34 8 l1d
5 11 6 l1d
29 47 2 l1d
26 40 1 l1d
4 30 2 l1d
12 31 5 l1d
11 52 8 l1d
7 50 5 l1d
19 4 2 l1d
10 50 4 l1d
13 5 1 l1d
3 13 0 l1d
32 42 8 l1d
11 26 5 l1d
16 45 8 l1d
3 35 3 l1d
17 15 2 l1d
26 23 5 l1d
26 61 8 l1d
5 26 1 l1d
28 38 3 l1d
5 13 2 l1d
19 14 0 l1d
24 23 4 l1d
14 34 7 l1d
19 46 7 l1d
21 12 0 l1d
8 16 0 l1d
11 29 0 l1d
17 25 3 l1d
20 6 4 l1d
14 0 0 l1d
32 45 4 l1d
19 32 8 l1d
26 0 4 l1d
3 17 6 l1d
30 3 0 l1d
14 35 4 l1d
8 23 3 l1d
24 49 6 l1d
1 44 3 l1d
28 36 1 l1d
27 52 0 l1d
9 21 4 l1d
8 17 3 l1d
8 26 8 l1d
21 40 6 l1d
29 14 3 l1d
25 6 8 l1d
16 2 6 l1d
13 31 7 l1d
16 31 6 l1d
23 40 7 l1d
28 15 3 l1d
22 46 8 l1d
9 28 6 l1d
10 4 4 l1d
4 3 6 l1d
16 57 8 l1d
14 52 3 l1d
15 25 4 l1d
6 31 8 l1d
4 24 4 l1d
24 61 4 l1d
2 60 7 l1d
22 44 7 l1d
10 11 4 l1d
23 14 6 l1d
26 20 1 l1d
15 8 3 l1d
5 30 5 l1d
5 34 1 l1d
17 23 5 l1d
27 50 6 l1d
2 45 6 l1d
11 9 6 l1d
11 23 7 l1d
18 63 0 l1d
31 34 8 l1d
22 48 1 l1d
28 55 0 l1d
1 47 1 l1d
7 45 6 l1d
8 8 7 l1d
0 31 0 l1d
15 35 3 l1d
29 33 6 l1d
2 57 6 l1d
32 12 3 l1d
24 2 5 l1d
11 49 0 l1d
3 64 1 l1d
12 5 6 l1d
8 25 2 l1d
11 5 1 l1d
7 60 1 l1d
22 10 3 l1d
21 20 3 l1d
31 52 0 l1d
4 6 8 l1d
21 24 1 l1d
9 38 8 l1d
26 21 7 l1d
29 44 1 l1d
11 4 4 l1d
2 13 7 l1d
20 60 2 l1d
32 39 8 l1d
10 51 8 l1d
18 55 5 l1d
11 54 6 l1d
9 43 2 l1d
4 42 4 l1d
28 12 3 l1d
19 1 0 l1d
1 62 5 l1d
