1 3 0 l1d
11 52 5 l1d
7 26 6 l1d
19 43 6 l1d
14 41 4 l1d
19 63 3 l1d
10 32 7 l1d
31 58 3 l1d
16 42 7 l1d
7 21 4 l1d
30 36 0 l1d
7 14 1 l1d
2 31 5 l1d
20 24 1 l1d
4 26 8 l1d
8 8 4 l1d
27 50 7 l1d
5 8 0 l1d
29 11 0 l1d
13 31 4 l1d
3 7 8 l1d
16 43 8 l1d
14 29 6 l1d
3 28 8 l1d
26 1 8 l1d
26 33 0 l1d
11 61 0 l1d
11 56 6 l1d
9 55 3 l1d
3 48 1 l1d
10 28 1 l1d
18 18 1 l1d
9 23 4 l1d
27 25 2 l1d
24 62 3 l1d
2 23 4 l1d
5 59 8 l1d
1 11 5 l1d
1 30 7 l1d
24 54 0 l1d
19 41 8 l1d
6 28 1 l1d
24 35 7 l1d
15 58 2 l1d
3 7 8 l1d
6 9 1 l1d
0 37 4 l1d
16 24 0 l1d
11 57 1 l1d
22 54 3 l1d
20 28 4 l1d
25 37 8 l1d
28 34 8 l1d
5 25 3 l1d
11 54 8 l1d
21 8 4 l1d
0 42 8 l1d
4 30 6 l1d
13 41 1 l1d
17 35 0 l1d
12 21 0 l1d
2 49 1 l1d
18 39 5 l1d
29 26 6 l1d
25 50 1 l1d
26 27 0 l1d
1 26 7 l1d
24 43 7 l1d
12 55 1 l1d
4 19 6 l1d
27 29 4 l1d
4 6 2 l1d
7 45 6 l1d
12 2 6 l1d
6 15 5 l1d
17 63 6 l1d
14 7 8 l1d
28 40 3 l1d
17 49 5 l1d
10 18 1 l1d
28 16 4 l1d
27 13 2 l1d
1 41 4 l1d
15 40 4 l1d
21 12 3 l1d
13 18 5 l1d
5 14 4 l1d
32 19 3 l1d
18 30 3 l1d
8 51 0 l1d
22 60 3 l1d
8 24 5 l1d
