15 56 3 l1d
26 20 7 l1d
17 56 4 l1d
12 32 8 l1d
3 11 6 l1d
29 29 5 l1d
1 14 5 l1d
28 11 7 l1d
29 39 2 l1d
22 58 1 l1d
9 20 7 l1d
15 0 0 l1d
18 55 3 l1d
24 31 7 l1d
22 23 6 l1d
7 49 8 l1d
14 45 6 l1d
8 57 3 l1d
4 22 1 l1d
16 24 1 l1d
19 64 4 l1d
8 26 8 l1d
15 21 8 l1d
11 36 6 l1d
26 41 1 l1d
16 64 2 l1d
17 23 2 l1d
28 58 5 l1d
21 38 6 l1d
23 60 3 l1d
3 58 0 l1d
25 0 1 l1d
19 47 6 l1d
13 10 8 l1d
19 32 6 l1d
24 21 1 l1d
18 14 8 l1d
11 41 2 l1d
5 41 2 l1d
29 46 5 l1d
19 4 7 l1d
2 53 4 l1d
3 45 8 l1d
8 2 3 l1d
12 44 4 l1d
23 60 0 l1d
29 54 8 l1d
26 2 6 l1d
32 57 3 l1d
23 23 3 l1d
12 47 6 l1d
13 49 4 l1d
0 38 8 l1d
3 23 5 l1d
29 23 4 l1d
6 1 6 l1d
2 34 2 l1d
26 30 0 l1d
2 26 6 l1d
22 33 1 l1d
7 0 2 l1d
28 62 2 l1d
20 61 6 l1d
23 64 0 l1d
25 28 3 l1d
5 11 1 l1d
19 1 0 l1d
10 59 4 l1d
9 53 7 l1d
6 63 2 l1d
14 8 4 l1d
2 23 7 l1d
26 60 1 l1d
18 28 7 l1d
31 32 6 l1d
30 35 0 l1d
19 15 4 l1d
25 59 8 l1d
29 20 0 l1d
1 43 0 l1d
5 49 2 l1d
26 19 0 l1d
12 38 2 l1d
27 4 8 l1d
2 2 5 l1d
2 37 5 l1d
20 26 6 l1d
23 47 2 l1d
