12 24 3 l1d
6 6 7 l1d
4 42 4 l1d
19 36 1 l1d
19 64 6 l1d
27 63 6 l1d
28 19 3 l1d
15 46 0 l1d
12 37 3 l1d
9 39 7 l1d
12 30 8 l1d
31 4 1 l1d
9 49 0 l1d
7 40 1 l1d
32 22 0 l1d
30 34 8 l1d
29 29 7 l1d
10 19 4 l1d
6 41 3 l1d
13 2 4 l1d
3 63 4 l1d
27 51 0 l1d
23 23 1 l1d
14 22 4 l1d
19 6 4 l1d
30 38 5 l1d
6 40 3 l1d
24 5 0 l1d
32 8 0 l1d
28 32 4 l1d
9 49 6 l1d
26 35 1 l1d
12 25 8 l1d
21 34 2 l1d
0 56 4 l1d
31 27 3 l1d
1 5 4 l1d
7 53 1 l1d
30 35 6 l1d
9 20 8 l1d
4 16 8 l1d
11 8 0 l1d
12 39 2 l1d
2 59 0 l1d
28 41 7 l1d
25 46 4 l1d
5 60 7 l1d
6 16 8 l1d
6 27 3 l1d
11 11 6 l1d
25 35 5 l1d
2 48 2 l1d
7 46 7 l1d
11 58 1 l1d
7 62 3 l1d
11 60 2 l1d
32 32 1 l1d
30 35 3 l1d
30 55 5 l1d
20 51 5 l1d
4 30 0 l1d
25 62 6 l1d
21 4 1 l1d
0 9 8 l1d
5 24 1 l1d
30 43 6 l1d
14 32 4 l1d
2 24 8 l1d
0 33 6 l1d
7 10 3 l1d
0 20 1 l1d
5 63 2 l1d
18 17 4 l1d
9 6 1 l1d
3 7 7 l1d
32 0 1 l1d
13 5 4 l1d
4 55 8 l1d
25 43 0 l1d
10 58 8 l1d
12 33 1 l1d
0 30 4 l1d
23 11 6 l1d
19 9 8 l1d
16 21 2 l1d
28 34 1 l1d
20 34 0 l1d
20 17 1 l1d
7 7 5 l1d
11 62 7 l1d
30 57 0 l1d
17 63 3 l1d
17 24 5 l1d
27 63 7 l1d
4 45 4 l1d
20 61 1 l1d
8 38 7 l1d
7 50 1 l1d
25 42 6 l1d
21 45 2 l1d
8 7 4 l1d
26 44 4 l1d
4 34 6 l1d
3 29 8 l1d
14 59 5 l1d
22 22 4 l1d
21 52 5 l1d
29 4 4 l1d
32 32 6 l1d
10 61 5 l1d
19 11 4 l1d
7 58 0 l1d
0 51 2 l1d
14 0 5 l1d
16 9 0 l1d
32 6 6 l1d
2 48 6 l1d
14 31 6 l1d
26 43 0 l1d
28 2 4 l1d
32 45 3 l1d
6 6 7 l1d
19 38 3 l1d
15 64 4 l1d
3 25 2 l1d
31 18 1 l1d
1 28 8 l1d
21 63 4 l1d
4 42 0 l1d
11 22 1 l1d
7 26 1 l1d
14 58 6 l1d
8 18 7 l1d
17 42 0 l1d
1 17 8 l1d
7 18 1 l1d
