2 45 0 l1d
30 5 8 l1d
17 50 8 l1d
12 7 8 l1d
31 41 6 l1d
5 18 1 l1d
22 47 3 l1d
32 2 8 l1d
5 13 8 l1d
10 20 6 l1d
20 51 5 l1d
20 22 3 l1d
11 24 2 l1d
2 62 2 l1d
1 2 2 l1d
13 9 4 l1d
9 14 6 l1d
5 21 4 l1d
7 8 0 l1d
4 32 1 l1d
24 29 8 l1d
2 59 5 l1d
29 30 8 l1d
7 44 1 l1d
25 57 1 l1d
11 39 3 l1d
21 1 5 l1d
6 15 7 l1d
5 22 2 l1d
17 17 7 l1d
7 13 5 l1d
17 52 6 l1d
27 57 8 l1d
11 3 5 l1d
20 41 0 l1d
14 4 3 l1d
23 12 1 l1d
22 13 1 l1d
29 46 7 l1d
11 37 0 l1d
7 29 8 l1d
21 15 8 l1d
1 46 1 l1d
31 51 0 l1d
24 54 8 l1d
18 29 5 l1d
25 42 1 l1d
15 25 0 l1d
