6 22 2 l1d
8 37 8 l1d
11 4 6 l1d
9 43 8 l1d
6 39 4 l1d
14 18 3 l1d
1 52 7 l1d
30 45 7 l1d
25 17 6 l1d
32 45 0 l1d
28 63 3 l1d
31 43 0 l1d
30 11 0 l1d
25 34 4 l1d
18 26 5 l1d
6 28 5 l1d
4 12 5 l1d
32 44 3 l1d
32 33 5 l1d
16 1 0 l1d
7 38 1 l1d
13 48 4 l1d
25 58 2 l1d
27 60 5 l1d
21 10 1 l1d
27 42 6 l1d
30 5 2 l1d
14 59 1 l1d
2 44 8 l1d
2 35 7 l1d
5 0 3 l1d
4 64 0 l1d
15 52 6 l1d
31 49 1 l1d
15 4 3 l1d
24 6 4 l1d
32 32 5 l1d
23 47 5 l1d
20 0 8 l1d
10 59 6 l1d
11 4 2 l1d
26 27 0 l1d
28 54 7 l1d
13 34 7 l1d
10 23 3 l1d
8 4 0 l1d
0 9 2 l1d
12 15 6 l1d
28 38 3 l1d
9 0 2 l1d
2 2 5 l1d
14 16 5 l1d
1 5 6 l1d
15 19 3 l1d
26 5 1 l1d
0 21 7 l1d
11 40 8 l1d
19 36 0 l1d
12 1 6 l1d
5 53 6 l1d
5 34 5 l1d
13 41 8 l1d
28 56 4 l1d
19 64 6 l1d
32 61 8 l1d
21 58 0 l1d
3 43 0 l1d
4 13 7 l1d
20 3 7 l1d
6 58 6 l1d
16 29 7 l1d
17 45 5 l1d
7 37 6 l1d
18 46 4 l1d
8 18 0 l1d
26 57 3 l1d
21 15 8 l1d
20 40 0 l1d
7 39 7 l1d
22 9 3 l1d
20 29 1 l1d
1 50 5 l1d
22 55 8 l1d
5 21 8 l1d
29 44 5 l1d
13 46 1 l1d
13 23 8 l1d
9 25 7 l1d
31 42 1 l1d
28 19 4 l1d
22 33 4 l1d
2 18 6 l1d
21 9 6 l1d
22 4 7 l1d
10 51 7 l1d
20 36 0 l1d
25 30 4 l1d
16 45 1 l1d
13 46 3 l1d
3 52 8 l1d
25 12 2 l1d
17 45 4 l1d
4 5 4 l1d
2 0 0 l1d
1 12 3 l1d
4 2 8 l1d
15 0 2 l1d
20 30 1 l1d
5 27 8 l1d
6 52 8 l1d
13 20 5 l1d
5 37 8 l1d
1 23 5 l1d
9 27 1 l1d
2 0 7 l1d
29 47 5 l1d
4 55 5 l1d
14 45 0 l1d
11 33 5 l1d
4 58 1 l1d
31 41 2 l1d
4 36 2 l1d
11 21 6 l1d
0 1 5 l1d
27 12 0 l1d
0 63 6 l1d
21 53 7 l1d
30 40 5 l1d
3 45 8 l1d
18 10 5 l1d
9 59 4 l1d
25 41 2 l1d
18 31 5 l1d
4 54 1 l1d
28 29 0 l1d
26 39 4 l1d
28 22 2 l1d
11 13 6 l1d
16 24 0 l1d
1 48 4 l1d
24 4 4 l1d
24 31 4 l1d
21 42 8 l1d
10 63 4 l1d
20 41 7 l1d
24 2 5 l1d
13 34 7 l1d
5 23 1 l1d
16 40 7 l1d
7 20 0 l1d
6 16 4 l1d
29 46 5 l1d
23 29 6 l1d
11 43 8 l1d
8 38 3 l1d
6 39 2 l1d
30 60 3 l1d
7 2 5 l1d
1 49 5 l1d
1 52 3 l1d
17 8 4 l1d
0 50 7 l1d
25 8 7 l1d
23 49 2 l1d
12 9 2 l1d
30 48 1 l1d
5 56 7 l1d
32 18 0 l1d
12 13 1 l1d
19 25 2 l1d
30 59 1 l1d
17 12 4 l1d
32 46 6 l1d
30 18 5 l1d
1 17 8 l1d
17 10 5 l1d
11 27 0 l1d
24 24 7 l1d
