10 37 3 l1d
25 10 5 l1d
18 3 7 l1d
18 3 8 l1d
22 40 7 l1d
1 51 7 l1d
28 52 2 l1d
18 62 3 l1d
25 17 7 l1d
12 46 0 l1d
9 1 5 l1d
6 37 2 l1d
7 63 2 l1d
13 26 7 l1d
10 50 4 l1d
20 52 4 l1d
5 30 6 l1d
25 29 7 l1d
24 56 3 l1d
20 56 5 l1d
24 43 5 l1d
10 23 4 l1d
4 43 0 l1d
10 25 1 l1d
10 20 1 l1d
11 51 4 l1d
27 61 1 l1d
7 45 8 l1d
14 52 6 l1d
29 17 0 l1d
3 25 8 l1d
3 60 5 l1d
9 60 2 l1d
27 42 4 l1d
13 20 4 l1d
13 32 2 l1d
11 13 1 l1d
3 43 8 l1d
22 20 0 l1d
8 62 2 l1d
17 51 0 l1d
5 64 4 l1d
3 36 3 l1d
24 27 7 l1d
32 11 3 l1d
23 23 8 l1d
23 48 2 l1d
29 8 4 l1d
5 51 1 l1d
21 52 5 l1d
30 56 5 l1d
25 2 0 l1d
26 15 7 l1d
4 9 7 l1d
32 1 6 l1d
2 39 2 l1d
15 37 6 l1d
0 61 3 l1d
7 61 0 l1d
11 9 6 l1d
18 3 7 l1d
0 57 1 l1d
27 13 2 l1d
17 38 3 l1d
29 62 6 l1d
5 62 3 l1d
31 43 8 l1d
12 22 6 l1d
14 27 7 l1d
4 6 8 l1d
9 46 2 l1d
31 5 3 l1d
1 8 5 l1d
14 41 2 l1d
20 34 8 l1d
15 53 4 l1d
17 51 2 l1d
21 35 7 l1d
1 33 0 l1d
1 56 3 l1d
26 10 2 l1d
0 28 8 l1d
31 61 4 l1d
16 58 5 l1d
19 15 0 l1d
26 9 6 l1d
14 56 4 l1d
27 5 6 l1d
20 4 0 l1d
28 34 4 l1d
16 19 8 l1d
7 46 2 l1d
22 26 5 l1d
1 59 6 l1d
22 30 3 l1d
19 6 5 l1d
16 40 0 l1d
13 26 2 l1d
4 19 7 l1d
14 59 2 l1d
8 26 7 l1d
0 1 0 l1d
9 64 2 l1d
20 44 6 l1d
18 50 1 l1d
27 21 1 l1d
18 23 2 l1d
12 7 3 l1d
25 64 5 l1d
0 56 6 l1d
1 3 6 l1d
27 44 7 l1d
27 52 2 l1d
14 7 1 l1d
24 56 7 l1d
8 16 2 l1d
17 5 3 l1d
15 43 2 l1d
