2 35 1 l1d
10 6 0 l1d
10 16 2 l1d
23 38 5 l1d
14 55 2 l1d
24 56 7 l1d
11 36 3 l1d
29 29 5 l1d
18 19 5 l1d
13 48 7 l1d
7 10 8 l1d
26 10 6 l1d
7 54 3 l1d
4 32 5 l1d
19 14 2 l1d
20 52 2 l1d
16 46 2 l1d
1 59 1 l1d
32 62 2 l1d
1 13 1 l1d
30 59 4 l1d
27 29 0 l1d
16 15 2 l1d
12 22 4 l1d
28 46 8 l1d
13 39 6 l1d
14 16 5 l1d
9 35 1 l1d
5 51 8 l1d
8 58 2 l1d
2 45 1 l1d
22 15 4 l1d
8 63 4 l1d
16 49 8 l1d
2 36 3 l1d
32 17 7 l1d
9 43 3 l1d
3 46 6 l1d
25 43 3 l1d
4 39 5 l1d
14 21 7 l1d
5 12 7 l1d
4 3 8 l1d
29 2 2 l1d
13 31 2 l1d
19 56 2 l1d
5 62 4 l1d
23 55 4 l1d
17 2 7 l1d
14 5 8 l1d
15 63 1 l1d
17 25 8 l1d
31 35 5 l1d
0 55 6 l1d
4 0 7 l1d
8 40 3 l1d
25 27 5 l1d
3 40 7 l1d
32 33 4 l1d
25 39 6 l1d
30 19 8 l1d
8 32 7 l1d
23 5 5 l1d
19 12 3 l1d
2 39 4 l1d
8 54 2 l1d
18 8 7 l1d
30 12 6 l1d
0 63 3 l1d
18 31 8 l1d
6 29 3 l1d
23 33 6 l1d
6 37 2 l1d
31 57 4 l1d
10 10 3 l1d
21 60 4 l1d
3 43 7 l1d
9 22 2 l1d
5 28 8 l1d
2 34 3 l1d
0 58 2 l1d
19 44 8 l1d
30 27 6 l1d
7 24 2 l1d
19 44 3 l1d
1 14 7 l1d
21 20 6 l1d
32 15 6 l1d
