2 50 0 l1d
21 51 8 l1d
6 50 6 l1d
9 49 4 l1d
15 25 7 l1d
25 26 8 l1d
5 23 0 l1d
27 18 3 l1d
1 18 3 l1d
19 3 2 l1d
19 34 3 l1d
29 23 5 l1d
9 28 6 l1d
13 47 6 l1d
18 1 4 l1d
24 48 0 l1d
2 63 0 l1d
7 42 8 l1d
23 16 4 l1d
5 28 6 l1d
9 60 6 l1d
16 52 2 l1d
6 26 3 l1d
22 29 2 l1d
10 34 1 l1d
22 22 3 l1d
1 49 4 l1d
7 37 0 l1d
32 3 3 l1d
0 58 5 l1d
27 53 3 l1d
6 29 2 l1d
20 7 1 l1d
14 62 1 l1d
19 56 0 l1d
15 60 4 l1d
23 32 7 l1d
0 55 7 l1d
21 54 2 l1d
19 15 0 l1d
21 23 0 l1d
17 13 1 l1d
10 41 5 l1d
17 49 6 l1d
11 15 3 l1d
32 52 5 l1d
15 19 0 l1d
9 7 4 l1d
0 8 2 l1d
22 9 4 l1d
32 9 3 l1d
16 29 2 l1d
5 18 7 l1d
22 11 6 l1d
