10 5 2 l1d
21 12 6 l1d
28 48 3 l1d
27 44 6 l1d
27 62 4 l1d
25 6 5 l1d
14 31 8 l1d
1 29 0 l1d
30 1 0 l1d
2 9 7 l1d
24 56 7 l1d
9 14 0 l1d
7 14 8 l1d
13 0 7 l1d
2 13 2 l1d
21 34 4 l1d
30 0 7 l1d
28 63 0 l1d
15 31 2 l1d
12 46 5 l1d
30 43 4 l1d
3 29 8 l1d
30 17 0 l1d
0 3 0 l1d
22 11 6 l1d
0 19 2 l1d
19 46 6 l1d
9 33 7 l1d
14 47 3 l1d
5 14 6 l1d
17 54 1 l1d
27 54 5 l1d
8 36 1 l1d
2 23 7 l1d
27 27 3 l1d
18 50 2 l1d
16 52 5 l1d
7 55 1 l1d
27 42 4 l1d
30 48 0 l1d
19 51 3 l1d
16 62 2 l1d
14 18 5 l1d
13 52 1 l1d
32 23 3 l1d
9 12 8 l1d
10 10 1 l1d
5 9 1 l1d
15 52 8 l1d
31 6 4 l1d
0 50 5 l1d
6 3 3 l1d
3 8 5 l1d
26 50 6 l1d
9 14 0 l1d
18 22 5 l1d
9 6 5 l1d
22 50 6 l1d
12 8 0 l1d
26 29 8 l1d
22 52 8 l1d
5 35 6 l1d
5 12 4 l1d
30 16 3 l1d
29 37 3 l1d
28 7 7 l1d
8 30 6 l1d
1 4 1 l1d
4 23 3 l1d
2 53 7 l1d
19 8 6 l1d
27 20 1 l1d
25 31 2 l1d
0 5 5 l1d
27 50 2 l1d
3 13 1 l1d
12 49 3 l1d
30 10 5 l1d
8 17 6 l1d
31 57 1 l1d
17 36 8 l1d
17 4 3 l1d
15 11 2 l1d
3 46 0 l1d
24 59 6 l1d
18 40 5 l1d
11 58 1 l1d
4 6 2 l1d
26 3 6 l1d
20 6 5 l1d
0 40 1 l1d
27 17 3 l1d
22 1 2 l1d
2 2 2 l1d
31 37 2 l1d
16 15 4 l1d
25 40 2 l1d
15 58 7 l1d
5 47 0 l1d
8 24 1 l1d
28 60 5 l1d
26 36 5 l1d
12 40 4 l1d
3 44 5 l1d
22 63 6 l1d
14 7 0 l1d
12 26 6 l1d
15 11 0 l1d
24 54 7 l1d
3 54 0 l1d
17 9 1 l1d
20 33 2 l1d
2 23 4 l1d
23 10 4 l1d
4 30 0 l1d
0 26 0 l1d
0 19 1 l1d
31 41 8 l1d
31 14 1 l1d
8 60 0 l1d
31 37 6 l1d
26 60 0 l1d
7 12 2 l1d
32 43 1 l1d
27 2 4 l1d
7 34 1 l1d
15 33 3 l1d
16 16 5 l1d
29 11 2 l1d
31 1 7 l1d
15 21 6 l1d
6 62 2 l1d
19 15 1 l1d
5 22 5 l1d
19 43 3 l1d
22 60 1 l1d
32 28 3 l1d
10 54 6 l1d
18 6 3 l1d
5 38 4 l1d
