26 9 3 l1d
5 61 0 l1d
6 29 6 l1d
14 11 7 l1d
7 35 0 l1d
1 7 5 l1d
9 53 4 l1d
11 29 4 l1d
22 57 2 l1d
14 60 6 l1d
18 30 5 l1d
23 39 3 l1d
15 17 5 l1d
26 12 0 l1d
12 59 7 l1d
20 1 0 l1d
15 13 3 l1d
9 48 1 l1d
4 23 3 l1d
4 46 2 l1d
32 38 1 l1d
5 32 5 l1d
10 30 0 l1d
9 17 5 l1d
17 53 8 l1d
8 2 0 l1d
15 8 1 l1d
13 62 4 l1d
23 9 6 l1d
24 42 3 l1d
1 58 5 l1d
10 23 6 l1d
24 43 5 l1d
17 31 4 l1d
20 14 8 l1d
26 62 8 l1d
23 57 5 l1d
24 7 6 l1d
30 9 8 l1d
3 20 4 l1d
1 21 6 l1d
22 34 4 l1d
25 3 6 l1d
7 28 6 l1d
32 26 6 l1d
26 47 7 l1d
24 13 6 l1d
9 45 7 l1d
28 46 0 l1d
5 62 5 l1d
5 14 7 l1d
29 6 8 l1d
19 9 7 l1d
31 42 5 l1d
4 12 2 l1d
13 13 5 l1d
18 30 0 l1d
11 63 3 l1d
20 45 2 l1d
9 26 0 l1d
12 43 1 l1d
16 42 0 l1d
17 5 0 l1d
0 59 2 l1d
18 54 7 l1d
19 21 5 l1d
29 26 1 l1d
32 32 5 l1d
8 14 3 l1d
25 38 8 l1d
12 9 6 l1d
23 51 2 l1d
5 30 8 l1d
18 7 1 l1d
10 62 5 l1d
20 42 3 l1d
18 64 2 l1d
7 45 0 l1d
2 61 2 l1d
7 42 8 l1d
2 54 8 l1d
10 61 3 l1d
25 51 0 l1d
30 38 6 l1d
19 27 2 l1d
26 41 5 l1d
25 34 7 l1d
20 47 4 l1d
7 56 1 l1d
23 11 2 l1d
