2 2 7 l1d
15 37 8 l1d
14 10 5 l1d
28 8 4 l1d
28 22 5 l1d
23 63 8 l1d
27 51 3 l1d
16 15 0 l1d
18 21 7 l1d
23 11 8 l1d
9 28 4 l1d
13 0 2 l1d
19 59 3 l1d
14 50 1 l1d
25 45 7 l1d
1 24 5 l1d
27 23 0 l1d
1 12 4 l1d
16 43 4 l1d
24 37 0 l1d
19 27 8 l1d
31 46 7 l1d
6 58 6 l1d
8 38 3 l1d
19 14 8 l1d
3 33 0 l1d
8 47 3 l1d
26 60 8 l1d
31 51 8 l1d
11 5 1 l1d
31 23 2 l1d
15 50 8 l1d
32 5 8 l1d
12 18 5 l1d
26 62 2 l1d
18 18 3 l1d
29 40 7 l1d
7 41 5 l1d
29 3 6 l1d
31 16 6 l1d
21 48 6 l1d
10 15 4 l1d
17 55 7 l1d
22 64 7 l1d
2 35 3 l1d
11 63 3 l1d
21 64 8 l1d
5 24 4 l1d
30 61 3 l1d
23 9 8 l1d
8 13 5 l1d
5 51 0 l1d
9 15 8 l1d
12 1 1 l1d
5 55 5 l1d
31 15 5 l1d
18 54 0 l1d
11 35 5 l1d
4 64 2 l1d
28 2 6 l1d
19 23 3 l1d
27 11 5 l1d
11 45 3 l1d
0 44 0 l1d
3 25 7 l1d
23 5 5 l1d
20 27 6 l1d
17 3 2 l1d
20 45 7 l1d
18 10 8 l1d
11 52 1 l1d
23 14 2 l1d
31 23 0 l1d
5 43 0 l1d
24 64 5 l1d
25 13 4 l1d
8 33 4 l1d
27 34 1 l1d
30 43 3 l1d
20 48 2 l1d
2 28 5 l1d
31 64 1 l1d
5 46 0 l1d
13 13 2 l1d
20 17 0 l1d
6 29 0 l1d
26 56 4 l1d
13 35 0 l1d
25 1 5 l1d
16 41 5 l1d
11 45 3 l1d
16 41 5 l1d
14 38 4 l1d
4 28 8 l1d
4 46 4 l1d
6 28 0 l1d
32 35 1 l1d
26 21 7 l1d
25 18 4 l1d
13 0 3 l1d
32 29 2 l1d
24 34 4 l1d
21 59 8 l1d
32 27 3 l1d
14 13 1 l1d
21 5 3 l1d
32 28 7 l1d
13 33 5 l1d
25 10 8 l1d
24 53 8 l1d
22 48 4 l1d
5 15 4 l1d
17 5 4 l1d
24 46 6 l1d
1 23 1 l1d
27 22 8 l1d
6 24 5 l1d
26 7 7 l1d
20 13 6 l1d
28 57 6 l1d
23 40 3 l1d
24 20 6 l1d
27 18 8 l1d
25 14 4 l1d
30 36 1 l1d
2 28 0 l1d
10 19 6 l1d
31 35 7 l1d
5 42 4 l1d
18 27 1 l1d
29 57 5 l1d
27 1 6 l1d
10 15 7 l1d
22 45 4 l1d
6 9 5 l1d
6 46 5 l1d
27 33 7 l1d
3 44 7 l1d
17 45 6 l1d
3 8 4 l1d
14 32 1 l1d
5 54 2 l1d
2 50 3 l1d
22 22 8 l1d
18 26 2 l1d
16 13 0 l1d
13 57 3 l1d
24 18 0 l1d
8 54 1 l1d
8 38 0 l1d
7 4 3 l1d
8 46 0 l1d
14 45 7 l1d
4 41 6 l1d
0 44 3 l1d
0 17 6 l1d
10 51 3 l1d
7 47 3 l1d
1 5 7 l1d
0 26 7 l1d
17 37 4 l1d
24 3 4 l1d
26 52 0 l1d
19 39 8 l1d
3 60 3 l1d
29 3 0 l1d
11 41 0 l1d
28 8 3 l1d
16 52 5 l1d
14 54 8 l1d
11 57 1 l1d
19 54 7 l1d
32 55 2 l1d
9 33 8 l1d
12 6 6 l1d
29 36 8 l1d
2 12 8 l1d
10 44 7 l1d
13 1 5 l1d
4 6 2 l1d
