0 34 4 l1d
24 64 1 l1d
30 9 6 l1d
13 15 0 l1d
12 46 4 l1d
30 31 8 l1d
23 44 3 l1d
28 24 3 l1d
9 37 7 l1d
4 24 4 l1d
3 24 4 l1d
3 41 4 l1d
17 57 0 l1d
6 22 2 l1d
11 3 3 l1d
16 7 3 l1d
10 22 4 l1d
7 32 7 l1d
8 59 4 l1d
8 48 5 l1d
10 37 3 l1d
14 49 0 l1d
9 45 0 l1d
3 28 8 l1d
0 36 0 l1d
21 24 6 l1d
7 37 5 l1d
13 45 0 l1d
16 51 3 l1d
31 33 2 l1d
30 37 4 l1d
30 27 0 l1d
5 30 5 l1d
7 35 8 l1d
20 21 6 l1d
26 22 0 l1d
18 57 6 l1d
0 37 3 l1d
7 49 7 l1d
31 22 2 l1d
13 44 4 l1d
17 39 2 l1d
27 52 2 l1d
11 32 8 l1d
28 17 6 l1d
29 38 0 l1d
5 58 2 l1d
25 6 8 l1d
22 2 7 l1d
16 29 6 l1d
28 45 3 l1d
9 25 1 l1d
28 0 6 l1d
12 38 2 l1d
10 8 4 l1d
16 34 2 l1d
18 55 2 l1d
9 30 8 l1d
10 52 6 l1d
27 0 4 l1d
3 7 1 l1d
6 21 3 l1d
17 17 4 l1d
2 1 6 l1d
15 29 1 l1d
28 7 8 l1d
17 45 0 l1d
19 44 1 l1d
15 55 5 l1d
1 57 6 l1d
6 16 7 l1d
25 34 6 l1d
15 48 8 l1d
16 19 8 l1d
11 8 8 l1d
13 11 4 l1d
13 61 3 l1d
29 32 0 l1d
6 50 6 l1d
20 1 4 l1d
26 19 8 l1d
8 55 6 l1d
12 4 3 l1d
19 63 3 l1d
10 29 1 l1d
21 4 0 l1d
9 57 6 l1d
13 39 7 l1d
31 43 1 l1d
18 12 1 l1d
16 16 2 l1d
17 18 4 l1d
3 53 5 l1d
19 52 2 l1d
13 30 6 l1d
28 34 3 l1d
21 26 2 l1d
3 32 0 l1d
16 63 3 l1d
4 17 1 l1d
9 61 6 l1d
26 29 5 l1d
7 53 1 l1d
21 17 3 l1d
9 4 7 l1d
9 11 8 l1d
31 62 4 l1d
20 9 8 l1d
21 23 0 l1d
26 8 7 l1d
10 22 2 l1d
29 33 2 l1d
28 26 0 l1d
8 34 4 l1d
4 41 7 l1d
17 59 0 l1d
15 56 5 l1d
27 33 6 l1d
