25 25 7 l1d
2 3 2 l1d
28 61 0 l1d
2 40 7 l1d
29 59 0 l1d
2 21 8 l1d
13 2 4 l1d
0 19 6 l1d
21 52 4 l1d
25 58 1 l1d
2 46 6 l1d
30 44 8 l1d
24 2 0 l1d
8 60 7 l1d
8 1 4 l1d
10 40 6 l1d
5 15 0 l1d
29 29 1 l1d
4 2 6 l1d
23 60 1 l1d
7 22 4 l1d
20 6 7 l1d
23 17 1 l1d
25 16 5 l1d
32 39 8 l1d
23 19 3 l1d
12 53 7 l1d
30 11 8 l1d
21 20 1 l1d
13 5 3 l1d
19 0 1 l1d
3 15 1 l1d
25 28 6 l1d
4 27 3 l1d
3 53 3 l1d
28 46 8 l1d
14 32 5 l1d
29 34 6 l1d
14 49 3 l1d
13 45 4 l1d
26 7 0 l1d
22 0 0 l1d
20 19 0 l1d
22 58 0 l1d
18 16 8 l1d
24 32 7 l1d
13 47 6 l1d
4 47 6 l1d
19 14 1 l1d
22 52 7 l1d
4 25 0 l1d
21 62 4 l1d
1 19 0 l1d
22 21 5 l1d
20 26 1 l1d
21 49 5 l1d
18 2 0 l1d
15 28 7 l1d
16 20 0 l1d
6 37 3 l1d
26 51 4 l1d
6 14 7 l1d
25 29 5 l1d
15 63 8 l1d
7 36 0 l1d
9 3 7 l1d
30 2 8 l1d
6 46 8 l1d
5 32 2 l1d
31 10 7 l1d
3 53 4 l1d
6 43 1 l1d
11 10 3 l1d
24 64 0 l1d
27 53 4 l1d
21 41 2 l1d
0 18 0 l1d
23 17 6 l1d
12 5 0 l1d
20 11 8 l1d
27 14 0 l1d
10 18 1 l1d
