22 7 0 l1d
29 14 0 l1d
8 41 3 l1d
29 17 8 l1d
16 17 4 l1d
6 36 2 l1d
27 43 5 l1d
14 30 8 l1d
20 27 4 l1d
5 9 2 l1d
28 21 1 l1d
26 61 5 l1d
11 34 5 l1d
31 16 4 l1d
0 36 5 l1d
20 18 2 l1d
12 62 1 l1d
6 53 1 l1d
20 30 7 l1d
9 19 2 l1d
7 15 1 l1d
12 32 0 l1d
32 10 3 l1d
32 29 5 l1d
32 21 4 l1d
28 61 3 l1d
14 49 2 l1d
20 21 3 l1d
26 38 1 l1d
23 44 6 l1d
27 54 2 l1d
4 12 2 l1d
5 15 3 l1d
24 45 2 l1d
1 27 6 l1d
10 13 4 l1d
25 28 5 l1d
2 53 8 l1d
2 48 1 l1d
1 58 1 l1d
23 42 0 l1d
20 28 3 l1d
11 62 0 l1d
31 44 8 l1d
9 17 4 l1d
31 60 8 l1d
29 2 3 l1d
16 54 8 l1d
24 14 2 l1d
12 45 5 l1d
