7 46 6 l1d
29 15 7 l1d
25 22 0 l1d
29 31 2 l1d
27 3 4 l1d
27 19 5 l1d
26 57 7 l1d
31 26 4 l1d
30 12 5 l1d
3 54 0 l1d
8 15 3 l1d
20 63 2 l1d
8 17 3 l1d
7 63 8 l1d
29 64 3 l1d
3 14 0 l1d
27 57 3 l1d
24 22 0 l1d
10 20 7 l1d
27 33 1 l1d
3 10 8 l1d
9 2 4 l1d
3 47 4 l1d
3 51 6 l1d
7 52 1 l1d
11 35 7 l1d
31 10 3 l1d
3 29 6 l1d
29 0 6 l1d
0 42 5 l1d
2 3 0 l1d
27 36 2 l1d
7 14 8 l1d
10 56 2 l1d
8 4 3 l1d
3 53 3 l1d
22 26 4 l1d
18 53 8 l1d
4 42 8 l1d
1 45 0 l1d
10 48 8 l1d
7 52 3 l1d
2 59 3 l1d
29 35 3 l1d
18 64 1 l1d
13 56 8 l1d
1 39 4 l1d
4 47 8 l1d
23 60 4 l1d
8 13 0 l1d
14 15 0 l1d
7 18 4 l1d
14 17 0 l1d
25 21 3 l1d
28 52 7 l1d
28 53 1 l1d
22 23 1 l1d
31 2 4 l1d
6 41 8 l1d
8 35 6 l1d
20 56 6 l1d
21 49 8 l1d
21 64 6 l1d
10 57 7 l1d
24 50 0 l1d
7 9 6 l1d
