27 12 2 l1d
3 22 5 l1d
24 29 7 l1d
21 14 7 l1d
32 57 6 l1d
20 58 8 l1d
3 6 7 l1d
3 57 4 l1d
32 31 2 l1d
1 2 2 l1d
15 19 2 l1d
7 59 0 l1d
10 59 3 l1d
21 51 4 l1d
24 17 6 l1d
27 26 2 l1d
1 20 1 l1d
5 58 2 l1d
2 42 0 l1d
26 41 3 l1d
24 14 8 l1d
20 51 8 l1d
13 35 6 l1d
14 13 4 l1d
3 14 5 l1d
24 8 5 l1d
6 31 5 l1d
22 31 3 l1d
12 27 2 l1d
17 52 0 l1d
24 64 6 l1d
27 43 4 l1d
32 35 5 l1d
18 39 5 l1d
20 4 8 l1d
7 47 6 l1d
23 3 5 l1d
18 1 1 l1d
25 42 8 l1d
1 25 8 l1d
1 48 3 l1d
5 19 4 l1d
7 12 4 l1d
10 13 1 l1d
30 0 2 l1d
21 18 4 l1d
5 61 0 l1d
30 28 6 l1d
24 53 1 l1d
1 58 3 l1d
13 33 2 l1d
7 48 7 l1d
9 0 2 l1d
30 25 0 l1d
28 43 4 l1d
21 15 4 l1d
22 18 0 l1d
19 14 2 l1d
16 4 4 l1d
4 32 4 l1d
23 11 2 l1d
18 1 5 l1d
22 20 3 l1d
21 42 5 l1d
11 19 7 l1d
2 11 2 l1d
26 47 0 l1d
20 20 1 l1d
24 21 0 l1d
23 54 1 l1d
1 51 7 l1d
3 8 6 l1d
28 39 7 l1d
7 9 5 l1d
25 24 3 l1d
22 22 6 l1d
23 34 8 l1d
28 12 3 l1d
3 16 7 l1d
16 36 6 l1d
21 58 2 l1d
0 42 1 l1d
28 13 0 l1d
10 55 8 l1d
12 53 1 l1d
11 26 2 l1d
7 48 1 l1d
26 10 7 l1d
7 26 4 l1d
23 10 0 l1d
12 56 0 l1d
13 9 4 l1d
30 35 6 l1d
29 48 1 l1d
32 12 1 l1d
22 51 5 l1d
6 50 6 l1d
6 0 1 l1d
5 4 3 l1d
11 17 5 l1d
17 5 3 l1d
0 20 2 l1d
3 55 0 l1d
0 41 6 l1d
22 42 1 l1d
23 32 0 l1d
29 52 8 l1d
9 14 5 l1d
2 39 0 l1d
7 46 8 l1d
23 51 2 l1d
27 13 7 l1d
6 0 0 l1d
20 8 7 l1d
19 48 2 l1d
8 17 6 l1d
24 24 8 l1d
5 12 1 l1d
20 55 4 l1d
27 19 2 l1d
25 48 2 l1d
1 21 2 l1d
6 53 7 l1d
6 13 8 l1d
20 6 6 l1d
8 26 4 l1d
12 54 5 l1d
18 17 0 l1d
21 56 4 l1d
5 10 8 l1d
17 45 3 l1d
17 24 0 l1d
16 14 0 l1d
27 48 6 l1d
2 20 8 l1d
22 22 4 l1d
19 9 3 l1d
26 61 6 l1d
18 38 6 l1d
13 23 6 l1d
24 6 0 l1d
2 11 3 l1d
18 36 2 l1d
18 62 4 l1d
6 16 8 l1d
8 12 7 l1d
21 28 1 l1d
9 49 0 l1d
