27 55 7 l1d
16 21 5 l1d
21 23 2 l1d
1 44 2 l1d
10 34 1 l1d
3 28 5 l1d
27 25 0 l1d
20 58 1 l1d
1 2 0 l1d
20 40 6 l1d
14 12 7 l1d
25 3 6 l1d
5 40 8 l1d
27 15 1 l1d
31 15 8 l1d
23 25 3 l1d
31 15 8 l1d
32 17 2 l1d
18 2 7 l1d
0 56 8 l1d
24 0 1 l1d
2 64 4 l1d
15 12 7 l1d
12 34 8 l1d
18 55 5 l1d
13 7 3 l1d
22 6 3 l1d
6 63 6 l1d
17 42 1 l1d
4 51 7 l1d
28 25 5 l1d
25 50 1 l1d
10 29 3 l1d
0 61 4 l1d
21 27 8 l1d
25 22 7 l1d
11 35 7 l1d
15 13 6 l1d
13 17 2 l1d
1 52 1 l1d
5 19 0 l1d
28 57 8 l1d
8 47 1 l1d
17 42 4 l1d
23 8 8 l1d
11 23 5 l1d
21 61 0 l1d
0 13 2 l1d
