32 38 6 l1d
7 30 1 l1d
18 44 0 l1d
16 39 6 l1d
4 22 4 l1d
30 1 7 l1d
31 27 2 l1d
25 31 1 l1d
24 32 5 l1d
3 12 4 l1d
6 4 5 l1d
4 38 5 l1d
26 33 2 l1d
15 32 3 l1d
25 59 7 l1d
32 40 3 l1d
6 5 4 l1d
24 23 2 l1d
8 52 5 l1d
14 1 2 l1d
4 59 8 l1d
12 64 0 l1d
26 37 0 l1d
2 56 2 l1d
14 17 1 l1d
10 59 8 l1d
8 4 4 l1d
29 61 4 l1d
32 14 1 l1d
27 24 6 l1d
14 24 8 l1d
17 14 0 l1d
19 52 5 l1d
3 46 4 l1d
29 11 7 l1d
15 27 7 l1d
8 4 7 l1d
2 8 8 l1d
15 22 4 l1d
8 11 2 l1d
24 7 4 l1d
22 23 2 l1d
3 14 4 l1d
19 28 0 l1d
12 50 5 l1d
25 48 1 l1d
29 39 4 l1d
29 41 0 l1d
32 52 4 l1d
9 20 1 l1d
24 25 4 l1d
10 25 4 l1d
30 36 3 l1d
20 44 7 l1d
8 14 2 l1d
0 56 3 l1d
14 59 1 l1d
26 14 8 l1d
5 18 5 l1d
24 64 0 l1d
15 31 5 l1d
25 46 6 l1d
14 15 3 l1d
3 35 4 l1d
14 61 8 l1d
3 34 1 l1d
19 14 8 l1d
8 46 1 l1d
8 35 2 l1d
32 53 5 l1d
24 32 1 l1d
18 23 0 l1d
29 26 4 l1d
14 60 0 l1d
27 12 6 l1d
10 34 7 l1d
30 64 8 l1d
19 39 4 l1d
31 22 3 l1d
30 0 2 l1d
18 46 4 l1d
15 57 1 l1d
20 9 6 l1d
0 27 3 l1d
21 29 5 l1d
23 20 6 l1d
27 40 0 l1d
30 2 7 l1d
22 27 6 l1d
31 8 3 l1d
8 10 0 l1d
18 39 0 l1d
25 63 4 l1d
28 10 4 l1d
27 23 1 l1d
32 49 5 l1d
12 41 6 l1d
22 15 4 l1d
28 27 5 l1d
12 12 7 l1d
7 32 6 l1d
16 13 3 l1d
19 29 5 l1d
0 39 0 l1d
10 1 7 l1d
16 60 1 l1d
30 22 2 l1d
22 14 3 l1d
27 28 5 l1d
13 11 5 l1d
