8 12 4 l1d
30 57 8 l1d
12 10 6 l1d
32 61 2 l1d
4 14 2 l1d
6 41 6 l1d
17 24 7 l1d
3 28 3 l1d
28 33 7 l1d
20 13 5 l1d
14 2 2 l1d
32 1 6 l1d
17 58 1 l1d
10 52 5 l1d
10 44 0 l1d
12 33 5 l1d
32 62 5 l1d
22 48 8 l1d
22 59 0 l1d
12 42 4 l1d
5 38 1 l1d
15 48 7 l1d
15 4 1 l1d
8 62 5 l1d
0 37 1 l1d
3 45 4 l1d
21 34 6 l1d
12 58 2 l1d
20 31 8 l1d
27 60 8 l1d
7 44 1 l1d
8 46 5 l1d
31 29 8 l1d
21 2 5 l1d
0 60 3 l1d
29 56 4 l1d
6 52 2 l1d
11 12 4 l1d
20 57 3 l1d
6 28 7 l1d
7 7 2 l1d
12 39 8 l1d
26 39 4 l1d
32 52 3 l1d
2 42 3 l1d
30 42 8 l1d
22 5 1 l1d
26 40 4 l1d
2 17 3 l1d
23 42 3 l1d
22 49 5 l1d
29 41 6 l1d
11 8 7 l1d
31 33 1 l1d
6 4 2 l1d
22 16 3 l1d
7 33 0 l1d
10 20 0 l1d
7 11 7 l1d
6 22 8 l1d
27 15 6 l1d
25 62 8 l1d
29 13 3 l1d
21 23 2 l1d
31 19 4 l1d
24 45 0 l1d
29 54 0 l1d
1 22 5 l1d
22 6 7 l1d
21 18 8 l1d
12 0 2 l1d
11 29 2 l1d
6 34 8 l1d
9 23 6 l1d
20 12 4 l1d
3 64 3 l1d
15 41 2 l1d
31 6 4 l1d
13 37 7 l1d
16 10 2 l1d
16 25 1 l1d
1 51 6 l1d
8 53 2 l1d
18 1 5 l1d
1 28 3 l1d
32 2 0 l1d
26 30 4 l1d
1 17 2 l1d
27 19 2 l1d
21 53 6 l1d
12 62 7 l1d
6 25 0 l1d
17 48 5 l1d
0 22 0 l1d
1 20 0 l1d
31 59 3 l1d
5 4 6 l1d
2 53 7 l1d
