26 0 2 l1d
32 64 4 l1d
4 27 3 l1d
13 29 7 l1d
22 41 5 l1d
20 22 6 l1d
31 22 0 l1d
5 33 7 l1d
24 35 5 l1d
1 31 4 l1d
12 49 5 l1d
8 52 1 l1d
30 6 1 l1d
9 59 7 l1d
19 16 3 l1d
21 59 5 l1d
5 43 7 l1d
14 34 6 l1d
31 18 1 l1d
22 15 3 l1d
1 63 0 l1d
20 17 8 l1d
29 0 7 l1d
2 54 8 l1d
16 31 0 l1d
30 46 3 l1d
32 20 5 l1d
32 11 4 l1d
11 52 1 l1d
5 7 4 l1d
16 23 2 l1d
16 23 0 l1d
24 55 1 l1d
30 12 2 l1d
30 64 3 l1d
9 23 7 l1d
22 22 8 l1d
14 49 5 l1d
26 63 8 l1d
27 20 0 l1d
10 45 6 l1d
7 58 8 l1d
28 34 2 l1d
20 28 5 l1d
23 40 7 l1d
17 58 0 l1d
22 16 6 l1d
8 47 4 l1d
27 17 7 l1d
32 64 3 l1d
21 2 1 l1d
25 35 1 l1d
0 32 7 l1d
12 50 3 l1d
18 36 1 l1d
29 47 1 l1d
19 12 5 l1d
20 31 7 l1d
14 41 0 l1d
23 15 1 l1d
26 41 6 l1d
24 46 8 l1d
8 51 1 l1d
27 8 6 l1d
2 8 0 l1d
6 60 3 l1d
7 57 7 l1d
11 37 4 l1d
26 62 7 l1d
16 1 1 l1d
14 6 1 l1d
21 0 0 l1d
6 45 5 l1d
19 30 6 l1d
7 58 4 l1d
17 54 8 l1d
27 34 1 l1d
27 25 7 l1d
0 55 1 l1d
9 18 0 l1d
24 33 1 l1d
4 43 3 l1d
13 46 0 l1d
23 38 4 l1d
23 34 6 l1d
24 39 6 l1d
3 12 6 l1d
1 54 5 l1d
32 64 6 l1d
21 1 3 l1d
22 14 0 l1d
19 28 1 l1d
12 63 4 l1d
5 34 5 l1d
17 54 2 l1d
31 58 5 l1d
7 40 7 l1d
19 49 5 l1d
1 25 0 l1d
32 17 5 l1d
7 26 5 l1d
6 26 4 l1d
18 58 3 l1d
13 46 6 l1d
10 43 6 l1d
1 60 2 l1d
15 59 1 l1d
20 54 0 l1d
27 50 0 l1d
16 23 6 l1d
