30 2 1 l1d
1 9 4 l1d
29 8 2 l1d
5 51 2 l1d
1 45 5 l1d
18 48 5 l1d
9 61 5 l1d
22 38 0 l1d
21 31 5 l1d
1 28 4 l1d
19 33 2 l1d
5 32 4 l1d
4 26 7 l1d
1 37 2 l1d
25 30 3 l1d
28 50 6 l1d
25 2 3 l1d
28 53 8 l1d
21 39 8 l1d
26 42 3 l1d
7 19 1 l1d
9 58 5 l1d
22 22 8 l1d
11 33 3 l1d
21 39 6 l1d
7 48 2 l1d
28 17 3 l1d
12 10 5 l1d
29 4 6 l1d
11 31 0 l1d
4 26 4 l1d
32 45 4 l1d
21 2 0 l1d
7 34 6 l1d
16 4 1 l1d
30 35 2 l1d
27 31 2 l1d
24 16 8 l1d
28 34 8 l1d
29 5 1 l1d
11 63 2 l1d
8 47 6 l1d
25 2 2 l1d
24 60 4 l1d
21 9 2 l1d
8 28 6 l1d
