23 51 0 l1d
3 43 1 l1d
2 30 6 l1d
32 4 3 l1d
7 58 7 l1d
5 9 6 l1d
16 24 1 l1d
3 0 8 l1d
24 6 0 l1d
13 23 5 l1d
11 3 0 l1d
28 23 0 l1d
10 48 4 l1d
15 51 0 l1d
30 30 8 l1d
10 30 2 l1d
4 29 1 l1d
4 5 1 l1d
7 44 7 l1d
24 0 8 l1d
10 6 3 l1d
23 17 7 l1d
7 1 8 l1d
8 14 2 l1d
29 17 6 l1d
10 7 0 l1d
9 11 0 l1d
16 29 7 l1d
12 60 5 l1d
0 17 7 l1d
19 40 4 l1d
3 21 3 l1d
0 12 4 l1d
29 3 1 l1d
18 27 4 l1d
29 44 0 l1d
12 23 1 l1d
28 11 0 l1d
12 6 1 l1d
27 63 6 l1d
10 11 0 l1d
27 37 6 l1d
1 28 2 l1d
15 17 8 l1d
