16 6 6 l1d
3 38 8 l1d
1 36 2 l1d
22 57 4 l1d
19 53 4 l1d
20 33 4 l1d
27 48 2 l1d
23 42 2 l1d
26 48 5 l1d
29 15 8 l1d
16 53 8 l1d
7 38 6 l1d
19 38 6 l1d
1 20 6 l1d
32 32 3 l1d
20 44 3 l1d
2 40 4 l1d
24 64 6 l1d
3 14 3 l1d
28 20 4 l1d
23 48 5 l1d
7 57 1 l1d
0 54 0 l1d
30 37 8 l1d
10 53 2 l1d
26 55 5 l1d
22 0 8 l1d
5 53 8 l1d
6 18 3 l1d
5 3 3 l1d
24 30 3 l1d
19 62 7 l1d
8 43 5 l1d
13 41 5 l1d
18 51 8 l1d
13 57 8 l1d
14 44 3 l1d
30 43 1 l1d
12 20 8 l1d
28 8 1 l1d
27 25 0 l1d
9 32 5 l1d
0 30 6 l1d
11 58 8 l1d
22 58 6 l1d
17 6 4 l1d
18 23 6 l1d
28 9 6 l1d
14 63 5 l1d
31 11 5 l1d
8 56 2 l1d
5 19 1 l1d
17 44 0 l1d
32 35 8 l1d
24 10 4 l1d
24 21 6 l1d
6 48 4 l1d
0 54 5 l1d
0 9 1 l1d
7 54 2 l1d
24 21 2 l1d
30 64 2 l1d
14 21 5 l1d
16 64 2 l1d
25 46 8 l1d
29 7 5 l1d
10 21 7 l1d
25 31 5 l1d
27 61 5 l1d
15 19 8 l1d
30 54 5 l1d
12 5 0 l1d
7 56 4 l1d
32 7 0 l1d
2 32 1 l1d
2 21 6 l1d
5 2 5 l1d
4 30 8 l1d
15 6 1 l1d
2 27 2 l1d
