31 20 4 l1d
12 47 2 l1d
20 55 5 l1d
15 3 6 l1d
27 45 3 l1d
17 59 7 l1d
2 1 7 l1d
28 21 0 l1d
7 54 0 l1d
2 62 1 l1d
31 3 6 l1d
10 44 1 l1d
13 45 0 l1d
5 31 3 l1d
27 45 2 l1d
14 7 1 l1d
25 62 5 l1d
17 47 4 l1d
31 25 6 l1d
25 29 2 l1d
0 48 8 l1d
25 17 2 l1d
19 7 7 l1d
32 9 1 l1d
5 3 3 l1d
8 7 3 l1d
19 5 2 l1d
5 43 1 l1d
30 28 6 l1d
18 45 5 l1d
12 34 4 l1d
3 58 6 l1d
4 5 2 l1d
8 33 0 l1d
8 47 7 l1d
2 18 8 l1d
13 10 3 l1d
22 11 2 l1d
27 47 7 l1d
11 62 0 l1d
24 64 6 l1d
3 57 6 l1d
25 64 1 l1d
15 3 5 l1d
32 34 3 l1d
27 47 4 l1d
16 53 4 l1d
26 48 7 l1d
3 21 7 l1d
18 7 6 l1d
31 10 0 l1d
10 10 7 l1d
24 25 5 l1d
17 37 4 l1d
17 18 4 l1d
6 15 6 l1d
17 63 0 l1d
31 30 5 l1d
21 12 8 l1d
19 3 8 l1d
25 52 6 l1d
23 61 0 l1d
13 0 7 l1d
6 4 6 l1d
29 48 8 l1d
21 38 8 l1d
2 52 4 l1d
21 3 0 l1d
17 53 3 l1d
4 52 1 l1d
30 24 1 l1d
1 41 0 l1d
9 1 7 l1d
28 50 3 l1d
0 33 4 l1d
13 23 0 l1d
13 20 4 l1d
22 36 7 l1d
21 30 0 l1d
3 22 0 l1d
2 14 2 l1d
10 6 1 l1d
2 28 8 l1d
17 0 6 l1d
32 38 0 l1d
14 49 6 l1d
28 38 8 l1d
26 50 3 l1d
14 64 0 l1d
31 20 5 l1d
21 63 6 l1d
27 44 8 l1d
16 29 7 l1d
25 14 8 l1d
14 7 0 l1d
5 18 8 l1d
29 58 7 l1d
15 41 8 l1d
17 40 8 l1d
18 32 0 l1d
15 29 4 l1d
8 1 2 l1d
29 6 2 l1d
18 48 0 l1d
6 39 5 l1d
18 58 8 l1d
11 36 8 l1d
22 35 5 l1d
16 45 0 l1d
32 27 2 l1d
12 18 5 l1d
10 28 0 l1d
32 50 5 l1d
26 6 4 l1d
22 40 5 l1d
11 33 1 l1d
30 21 0 l1d
29 5 0 l1d
3 60 5 l1d
32 33 6 l1d
31 62 2 l1d
0 43 7 l1d
5 32 6 l1d
11 13 1 l1d
25 35 1 l1d
19 50 8 l1d
19 9 3 l1d
8 45 6 l1d
32 17 8 l1d
20 40 1 l1d
28 39 1 l1d
23 50 4 l1d
13 39 5 l1d
31 16 2 l1d
31 6 8 l1d
0 13 8 l1d
12 45 5 l1d
18 5 3 l1d
12 12 3 l1d
13 28 5 l1d
11 27 0 l1d
7 18 3 l1d
4 0 0 l1d
14 63 6 l1d
0 19 3 l1d
1 33 1 l1d
20 59 6 l1d
10 63 5 l1d
4 44 4 l1d
7 30 8 l1d
6 38 6 l1d
14 5 1 l1d
7 27 6 l1d
28 57 4 l1d
2 43 6 l1d
25 16 5 l1d
32 43 2 l1d
3 18 0 l1d
21 35 7 l1d
17 23 4 l1d
23 44 3 l1d
2 25 0 l1d
2 49 4 l1d
18 44 6 l1d
16 48 7 l1d
28 19 1 l1d
28 18 2 l1d
29 53 2 l1d
4 35 7 l1d
30 51 1 l1d
31 22 0 l1d
32 45 8 l1d
19 24 0 l1d
0 36 8 l1d
14 7 1 l1d
9 9 3 l1d
28 3 8 l1d
25 19 8 l1d
31 55 6 l1d
26 33 8 l1d
16 47 4 l1d
10 38 5 l1d
23 20 5 l1d
1 44 5 l1d
8 41 0 l1d
32 41 6 l1d
31 31 1 l1d
4 60 7 l1d
32 56 3 l1d
32 36 5 l1d
26 42 6 l1d
32 29 7 l1d
12 34 1 l1d
9 10 8 l1d
12 52 0 l1d
6 25 3 l1d
18 17 5 l1d
3 35 4 l1d
27 52 4 l1d
6 2 4 l1d
6 55 6 l1d
6 36 4 l1d
28 27 2 l1d
14 57 7 l1d
22 25 0 l1d
14 28 6 l1d
0 57 0 l1d
23 17 0 l1d
9 31 8 l1d
13 26 7 l1d
23 10 8 l1d
28 60 3 l1d
23 9 8 l1d
21 23 4 l1d
11 14 1 l1d
8 33 5 l1d
23 47 6 l1d
21 38 8 l1d
19 8 7 l1d
22 43 6 l1d
4 57 8 l1d
16 60 8 l1d
9 60 7 l1d
13 23 0 l1d
18 31 3 l1d
29 36 0 l1d
0 9 8 l1d
20 50 6 l1d
4 4 2 l1d
0 1 0 l1d
5 14 1 l1d
28 39 2 l1d
20 33 2 l1d
18 60 7 l1d
6 39 0 l1d
20 39 5 l1d
14 34 4 l1d
11 31 0 l1d
21 63 4 l1d
17 29 1 l1d
14 60 6 l1d
0 33 5 l1d
11 59 4 l1d
30 24 4 l1d
31 42 8 l1d
24 59 7 l1d
17 46 8 l1d
21 6 8 l1d
30 0 3 l1d
5 2 3 l1d
21 45 6 l1d
22 49 3 l1d
20 64 7 l1d
17 51 8 l1d
0 18 7 l1d
16 53 5 l1d
2 64 2 l1d
0 44 0 l1d
2 61 0 l1d
2 25 5 l1d
12 32 2 l1d
10 34 2 l1d
0 27 5 l1d
8 38 7 l1d
9 13 5 l1d
4 4 6 l1d
15 17 1 l1d
18 23 4 l1d
3 51 4 l1d
23 16 4 l1d
0 47 0 l1d
4 38 4 l1d
4 53 5 l1d
13 36 8 l1d
12 59 3 l1d
14 27 3 l1d
24 52 2 l1d
32 21 8 l1d
0 44 8 l1d
0 26 8 l1d
19 6 6 l1d
28 44 7 l1d
11 17 8 l1d
26 48 1 l1d
22 10 1 l1d
14 50 2 l1d
21 25 3 l1d
4 46 5 l1d
12 45 1 l1d
8 54 7 l1d
12 0 8 l1d
16 46 1 l1d
30 57 7 l1d
22 28 8 l1d
30 57 4 l1d
26 30 2 l1d
