24 27 8 l1d
20 48 6 l1d
31 49 1 l1d
22 8 4 l1d
15 63 0 l1d
24 63 8 l1d
18 47 2 l1d
11 60 8 l1d
0 19 3 l1d
3 64 6 l1d
19 10 7 l1d
12 31 3 l1d
30 21 1 l1d
21 47 6 l1d
6 42 0 l1d
29 48 1 l1d
15 16 2 l1d
16 56 4 l1d
27 4 0 l1d
20 50 2 l1d
27 43 3 l1d
32 51 5 l1d
22 14 1 l1d
10 4 8 l1d
7 39 8 l1d
20 26 6 l1d
17 23 8 l1d
23 15 5 l1d
10 51 7 l1d
26 61 6 l1d
4 18 3 l1d
11 12 6 l1d
6 56 3 l1d
25 27 2 l1d
24 36 0 l1d
14 41 0 l1d
13 35 2 l1d
17 36 7 l1d
11 35 5 l1d
21 61 1 l1d
26 9 7 l1d
30 0 7 l1d
4 48 6 l1d
31 55 3 l1d
15 18 8 l1d
9 36 3 l1d
2 43 7 l1d
21 13 8 l1d
31 63 5 l1d
0 58 8 l1d
14 32 1 l1d
11 12 1 l1d
18 4 2 l1d
19 42 6 l1d
10 5 7 l1d
24 15 5 l1d
25 21 7 l1d
29 43 2 l1d
4 13 1 l1d
31 22 3 l1d
6 47 6 l1d
6 42 5 l1d
31 16 4 l1d
4 56 3 l1d
12 4 7 l1d
0 50 0 l1d
12 37 8 l1d
5 36 7 l1d
30 29 8 l1d
25 41 0 l1d
10 36 0 l1d
21 5 0 l1d
27 20 6 l1d
24 50 2 l1d
18 58 6 l1d
19 46 7 l1d
15 41 4 l1d
14 18 8 l1d
6 20 4 l1d
10 62 2 l1d
