19 30 7 l1d
7 17 2 l1d
6 59 1 l1d
6 8 7 l1d
0 20 4 l1d
13 18 5 l1d
13 9 3 l1d
11 46 4 l1d
17 23 0 l1d
25 21 2 l1d
26 8 7 l1d
23 8 7 l1d
18 42 0 l1d
3 0 5 l1d
13 17 5 l1d
13 50 4 l1d
32 51 0 l1d
5 61 0 l1d
10 27 7 l1d
31 14 2 l1d
16 59 6 l1d
25 46 2 l1d
20 16 6 l1d
11 27 6 l1d
23 23 4 l1d
23 42 2 l1d
6 43 3 l1d
18 60 2 l1d
9 1 2 l1d
5 43 1 l1d
2 44 3 l1d
19 29 4 l1d
0 50 3 l1d
2 54 4 l1d
29 63 5 l1d
21 46 3 l1d
14 39 8 l1d
16 13 8 l1d
29 63 1 l1d
31 12 8 l1d
19 56 5 l1d
29 55 0 l1d
19 7 0 l1d
2 59 2 l1d
29 8 7 l1d
28 27 7 l1d
14 49 5 l1d
6 1 2 l1d
16 5 7 l1d
20 28 4 l1d
29 11 6 l1d
18 35 6 l1d
28 20 6 l1d
27 44 3 l1d
