20 60 6 l1d
18 21 8 l1d
11 22 0 l1d
10 11 2 l1d
18 16 8 l1d
2 57 6 l1d
8 51 8 l1d
25 3 3 l1d
22 23 0 l1d
22 18 8 l1d
13 5 3 l1d
24 55 7 l1d
15 18 4 l1d
32 0 5 l1d
19 57 3 l1d
19 11 3 l1d
1 1 4 l1d
0 30 2 l1d
5 59 1 l1d
4 5 7 l1d
4 11 8 l1d
23 19 7 l1d
5 1 3 l1d
20 9 1 l1d
31 31 7 l1d
23 4 5 l1d
9 6 5 l1d
6 47 7 l1d
19 17 6 l1d
16 15 3 l1d
9 47 2 l1d
17 49 3 l1d
19 43 2 l1d
3 35 0 l1d
17 16 4 l1d
28 55 0 l1d
23 55 1 l1d
2 59 7 l1d
4 50 1 l1d
28 55 7 l1d
28 18 6 l1d
29 60 7 l1d
9 42 0 l1d
1 28 8 l1d
27 33 2 l1d
31 60 0 l1d
30 34 7 l1d
2 2 7 l1d
0 53 2 l1d
9 41 7 l1d
25 43 0 l1d
27 54 1 l1d
30 32 3 l1d
30 64 5 l1d
3 15 6 l1d
6 28 0 l1d
17 12 4 l1d
32 30 2 l1d
12 30 5 l1d
1 17 2 l1d
13 31 0 l1d
10 54 1 l1d
14 59 4 l1d
24 1 3 l1d
25 7 0 l1d
12 61 8 l1d
29 19 3 l1d
15 10 8 l1d
8 31 6 l1d
6 23 4 l1d
32 64 4 l1d
17 13 6 l1d
32 47 6 l1d
21 63 2 l1d
14 27 6 l1d
20 55 7 l1d
8 5 1 l1d
15 1 0 l1d
9 2 4 l1d
24 34 7 l1d
20 25 1 l1d
23 41 3 l1d
3 32 6 l1d
6 13 6 l1d
11 32 6 l1d
0 5 4 l1d
3 25 8 l1d
0 19 4 l1d
23 0 4 l1d
0 0 7 l1d
11 2 7 l1d
14 6 1 l1d
24 59 7 l1d
21 41 4 l1d
19 44 1 l1d
15 19 7 l1d
24 33 7 l1d
28 35 5 l1d
23 61 2 l1d
18 41 5 l1d
30 2 5 l1d
16 57 7 l1d
27 44 3 l1d
16 9 8 l1d
13 35 4 l1d
19 36 6 l1d
25 36 7 l1d
10 28 4 l1d
13 49 0 l1d
12 43 3 l1d
24 14 8 l1d
7 40 2 l1d
2 51 8 l1d
27 6 6 l1d
12 1 0 l1d
3 14 7 l1d
15 17 7 l1d
32 7 7 l1d
15 45 1 l1d
11 31 2 l1d
20 22 1 l1d
2 34 5 l1d
10 18 1 l1d
9 23 3 l1d
1 6 0 l1d
13 59 5 l1d
31 23 3 l1d
4 14 5 l1d
28 36 7 l1d
15 53 7 l1d
23 43 7 l1d
21 0 1 l1d
26 3 1 l1d
23 45 8 l1d
8 19 8 l1d
12 15 5 l1d
17 20 2 l1d
7 41 6 l1d
5 4 5 l1d
21 9 6 l1d
21 49 1 l1d
23 52 4 l1d
21 5 2 l1d
18 52 1 l1d
13 1 2 l1d
24 2 3 l1d
18 55 5 l1d
3 49 6 l1d
27 47 0 l1d
24 54 3 l1d
31 17 8 l1d
13 2 7 l1d
28 19 4 l1d
15 21 1 l1d
19 38 7 l1d
24 7 1 l1d
13 50 7 l1d
32 60 6 l1d
3 34 3 l1d
31 2 6 l1d
