24 20 6 l1d
16 51 6 l1d
10 13 8 l1d
17 30 8 l1d
4 13 3 l1d
7 39 2 l1d
12 21 6 l1d
21 30 5 l1d
10 5 0 l1d
19 6 6 l1d
2 11 1 l1d
16 12 8 l1d
19 15 1 l1d
26 35 7 l1d
20 52 3 l1d
14 35 4 l1d
5 62 7 l1d
32 15 8 l1d
30 54 0 l1d
5 32 8 l1d
28 42 2 l1d
25 20 6 l1d
1 20 2 l1d
15 47 1 l1d
15 41 1 l1d
32 56 5 l1d
21 43 0 l1d
23 62 4 l1d
25 29 3 l1d
15 56 7 l1d
9 24 5 l1d
29 64 8 l1d
3 59 6 l1d
24 34 5 l1d
0 5 3 l1d
6 52 7 l1d
14 19 8 l1d
12 15 1 l1d
31 52 5 l1d
2 25 5 l1d
15 44 2 l1d
9 33 1 l1d
8 26 5 l1d
32 64 2 l1d
13 22 5 l1d
1 13 7 l1d
27 46 0 l1d
9 24 3 l1d
2 26 3 l1d
26 49 3 l1d
32 3 7 l1d
32 20 7 l1d
31 18 7 l1d
23 40 4 l1d
29 58 1 l1d
2 50 3 l1d
0 6 3 l1d
26 40 1 l1d
20 6 6 l1d
26 30 3 l1d
22 25 3 l1d
29 36 2 l1d
0 7 1 l1d
3 35 3 l1d
1 47 3 l1d
8 16 1 l1d
1 28 8 l1d
2 32 2 l1d
6 2 3 l1d
17 3 7 l1d
15 14 4 l1d
9 45 4 l1d
4 58 7 l1d
29 15 3 l1d
3 21 3 l1d
18 33 5 l1d
28 8 1 l1d
15 54 2 l1d
23 1 5 l1d
26 29 7 l1d
12 40 6 l1d
14 58 6 l1d
15 30 1 l1d
29 64 7 l1d
4 16 7 l1d
30 4 2 l1d
2 2 2 l1d
8 8 6 l1d
18 10 6 l1d
20 55 8 l1d
27 26 1 l1d
26 57 7 l1d
31 8 4 l1d
4 16 7 l1d
10 52 7 l1d
31 37 6 l1d
4 59 0 l1d
6 7 8 l1d
23 24 4 l1d
3 63 5 l1d
14 9 8 l1d
12 56 5 l1d
21 28 6 l1d
17 38 2 l1d
31 26 5 l1d
14 18 5 l1d
29 55 3 l1d
12 2 7 l1d
18 42 2 l1d
5 34 1 l1d
3 57 7 l1d
23 4 7 l1d
12 16 7 l1d
27 46 8 l1d
21 7 7 l1d
25 60 0 l1d
10 53 6 l1d
7 9 3 l1d
10 61 3 l1d
15 15 6 l1d
19 27 6 l1d
0 13 5 l1d
1 41 5 l1d
4 51 6 l1d
