32 40 6 l1d
28 28 7 l1d
6 63 1 l1d
24 36 4 l1d
5 7 5 l1d
7 62 7 l1d
19 51 4 l1d
25 42 5 l1d
30 42 3 l1d
17 40 6 l1d
29 14 3 l1d
15 59 5 l1d
3 63 8 l1d
15 40 6 l1d
15 38 5 l1d
32 57 2 l1d
26 47 2 l1d
7 30 8 l1d
17 11 4 l1d
15 27 6 l1d
2 20 1 l1d
16 60 5 l1d
20 12 1 l1d
28 45 2 l1d
19 20 8 l1d
22 48 5 l1d
15 2 8 l1d
29 17 4 l1d
12 17 1 l1d
13 43 6 l1d
1 17 0 l1d
10 9 4 l1d
21 42 8 l1d
18 0 4 l1d
28 13 0 l1d
7 26 1 l1d
10 55 8 l1d
30 16 4 l1d
25 52 2 l1d
31 50 2 l1d
10 64 0 l1d
13 11 2 l1d
0 26 3 l1d
22 20 2 l1d
26 52 3 l1d
24 50 1 l1d
5 28 5 l1d
5 38 6 l1d
9 19 4 l1d
4 35 6 l1d
1 31 6 l1d
22 40 4 l1d
17 62 7 l1d
2 58 4 l1d
22 8 4 l1d
32 19 1 l1d
18 0 0 l1d
10 42 7 l1d
16 53 7 l1d
10 57 6 l1d
22 32 8 l1d
9 52 7 l1d
15 64 3 l1d
28 25 1 l1d
1 18 1 l1d
15 28 0 l1d
22 62 2 l1d
26 4 6 l1d
5 56 0 l1d
24 18 0 l1d
16 59 5 l1d
24 42 8 l1d
22 8 5 l1d
7 34 5 l1d
30 18 2 l1d
4 11 0 l1d
4 35 3 l1d
29 34 8 l1d
18 46 8 l1d
5 0 2 l1d
5 52 8 l1d
10 11 6 l1d
7 64 0 l1d
24 35 2 l1d
15 14 3 l1d
32 10 3 l1d
7 22 4 l1d
14 24 2 l1d
0 10 8 l1d
7 26 5 l1d
7 46 4 l1d
30 30 7 l1d
1 49 0 l1d
32 62 3 l1d
29 61 0 l1d
26 15 3 l1d
8 49 1 l1d
24 37 5 l1d
20 7 5 l1d
22 25 3 l1d
6 5 8 l1d
16 55 7 l1d
0 49 4 l1d
32 55 8 l1d
5 16 2 l1d
22 5 7 l1d
27 1 3 l1d
11 15 2 l1d
13 24 2 l1d
29 38 0 l1d
25 32 1 l1d
31 27 0 l1d
30 62 4 l1d
14 28 3 l1d
3 10 3 l1d
31 51 0 l1d
16 7 7 l1d
8 11 5 l1d
7 64 7 l1d
24 18 8 l1d
10 13 2 l1d
19 18 2 l1d
15 47 5 l1d
3 1 8 l1d
12 3 7 l1d
8 7 4 l1d
10 8 1 l1d
11 62 8 l1d
23 48 8 l1d
32 51 7 l1d
24 15 2 l1d
9 63 5 l1d
27 48 7 l1d
19 26 8 l1d
29 33 6 l1d
28 22 0 l1d
0 13 0 l1d
9 13 0 l1d
