5 49 6 l1d
18 42 4 l1d
4 1 4 l1d
8 9 2 l1d
26 57 1 l1d
9 58 2 l1d
24 39 2 l1d
4 12 3 l1d
9 36 3 l1d
28 30 2 l1d
19 59 1 l1d
4 24 6 l1d
4 55 4 l1d
12 37 6 l1d
0 53 7 l1d
20 30 6 l1d
31 56 5 l1d
13 28 3 l1d
8 24 2 l1d
7 28 5 l1d
13 5 5 l1d
20 48 4 l1d
18 4 4 l1d
14 2 3 l1d
29 1 3 l1d
27 43 3 l1d
15 2 8 l1d
25 33 4 l1d
0 50 1 l1d
21 54 1 l1d
5 29 2 l1d
19 23 1 l1d
16 36 4 l1d
2 0 7 l1d
7 30 2 l1d
5 46 0 l1d
11 51 1 l1d
23 50 5 l1d
18 54 8 l1d
5 34 3 l1d
14 41 6 l1d
16 3 5 l1d
7 45 3 l1d
15 1 2 l1d
4 56 7 l1d
7 24 3 l1d
13 22 5 l1d
4 25 8 l1d
10 1 3 l1d
0 7 8 l1d
22 63 1 l1d
0 31 6 l1d
11 31 4 l1d
19 8 7 l1d
