13 39 5 l1d
19 17 4 l1d
25 44 1 l1d
20 13 4 l1d
13 43 8 l1d
15 29 3 l1d
17 45 3 l1d
16 47 2 l1d
24 61 1 l1d
29 52 6 l1d
1 5 4 l1d
17 59 6 l1d
7 42 4 l1d
8 48 3 l1d
16 11 2 l1d
22 4 0 l1d
8 18 5 l1d
30 48 2 l1d
9 18 8 l1d
19 6 1 l1d
16 12 8 l1d
1 5 7 l1d
27 3 4 l1d
19 35 6 l1d
17 30 0 l1d
18 47 3 l1d
20 64 8 l1d
1 60 0 l1d
27 40 5 l1d
1 52 4 l1d
21 25 2 l1d
17 54 0 l1d
25 36 1 l1d
9 19 6 l1d
4 26 7 l1d
17 48 3 l1d
9 55 2 l1d
7 44 2 l1d
26 32 2 l1d
28 48 2 l1d
11 62 1 l1d
14 35 3 l1d
20 5 3 l1d
26 31 8 l1d
23 31 2 l1d
2 63 3 l1d
7 1 7 l1d
0 61 8 l1d
5 3 3 l1d
26 16 3 l1d
11 14 8 l1d
24 48 3 l1d
29 9 7 l1d
19 35 0 l1d
23 42 4 l1d
9 54 3 l1d
19 57 8 l1d
28 39 5 l1d
26 58 5 l1d
24 17 2 l1d
1 28 8 l1d
19 6 5 l1d
9 56 1 l1d
10 59 4 l1d
10 34 4 l1d
5 27 2 l1d
1 46 8 l1d
6 17 0 l1d
32 14 5 l1d
10 59 5 l1d
4 28 8 l1d
32 27 5 l1d
29 47 0 l1d
2 55 1 l1d
32 47 8 l1d
18 19 5 l1d
0 10 7 l1d
10 62 5 l1d
29 37 5 l1d
12 9 3 l1d
26 3 2 l1d
14 5 6 l1d
28 21 2 l1d
26 45 5 l1d
29 48 8 l1d
6 63 0 l1d
18 32 3 l1d
14 40 6 l1d
5 39 8 l1d
29 51 3 l1d
31 27 5 l1d
29 53 1 l1d
32 23 4 l1d
16 2 5 l1d
15 1 8 l1d
26 23 7 l1d
11 59 4 l1d
11 1 3 l1d
25 60 6 l1d
5 8 0 l1d
8 19 8 l1d
24 51 3 l1d
19 8 8 l1d
16 6 8 l1d
19 46 4 l1d
28 37 4 l1d
2 11 2 l1d
6 24 3 l1d
6 44 8 l1d
19 40 4 l1d
10 42 0 l1d
28 54 1 l1d
29 38 3 l1d
32 1 7 l1d
16 41 4 l1d
3 16 0 l1d
12 38 0 l1d
25 18 5 l1d
1 36 7 l1d
24 0 3 l1d
15 31 5 l1d
2 11 6 l1d
10 5 6 l1d
24 31 7 l1d
31 31 1 l1d
16 34 3 l1d
5 9 6 l1d
26 53 3 l1d
3 40 6 l1d
30 32 7 l1d
30 56 0 l1d
31 50 5 l1d
14 44 4 l1d
26 40 4 l1d
6 20 8 l1d
7 17 7 l1d
3 24 3 l1d
20 21 5 l1d
11 3 2 l1d
26 61 5 l1d
1 42 0 l1d
11 18 3 l1d
19 46 6 l1d
32 22 4 l1d
14 34 6 l1d
20 3 0 l1d
30 3 8 l1d
20 23 8 l1d
10 19 0 l1d
6 14 7 l1d
13 26 2 l1d
10 1 3 l1d
11 4 8 l1d
24 50 0 l1d
19 35 1 l1d
9 34 7 l1d
6 59 1 l1d
26 53 3 l1d
23 30 7 l1d
19 34 6 l1d
21 26 5 l1d
15 16 6 l1d
18 12 0 l1d
17 6 4 l1d
19 5 1 l1d
6 6 2 l1d
13 58 1 l1d
14 28 2 l1d
18 26 2 l1d
32 25 8 l1d
22 15 6 l1d
9 46 6 l1d
3 53 1 l1d
32 48 3 l1d
20 51 7 l1d
20 19 6 l1d
2 8 6 l1d
15 0 3 l1d
18 51 0 l1d
32 55 1 l1d
9 56 4 l1d
7 60 5 l1d
12 34 6 l1d
6 39 3 l1d
24 52 6 l1d
2 59 1 l1d
15 17 8 l1d
6 56 3 l1d
5 18 1 l1d
11 60 8 l1d
13 38 1 l1d
30 58 4 l1d
3 23 1 l1d
4 11 6 l1d
5 64 7 l1d
1 54 2 l1d
12 34 8 l1d
32 10 3 l1d
12 31 7 l1d
20 64 4 l1d
24 2 7 l1d
19 39 5 l1d
30 18 5 l1d
11 61 6 l1d
1 7 0 l1d
24 55 2 l1d
5 64 7 l1d
13 27 5 l1d
21 38 5 l1d
30 5 4 l1d
10 15 3 l1d
26 22 6 l1d
29 36 3 l1d
18 4 6 l1d
20 46 6 l1d
18 60 8 l1d
5 21 8 l1d
13 22 5 l1d
10 7 4 l1d
0 61 5 l1d
26 51 4 l1d
19 40 2 l1d
11 10 1 l1d
8 47 6 l1d
21 31 6 l1d
14 26 1 l1d
16 63 0 l1d
7 0 7 l1d
10 38 8 l1d
26 56 0 l1d
17 56 7 l1d
2 37 0 l1d
17 31 2 l1d
27 28 2 l1d
26 5 0 l1d
14 60 7 l1d
6 9 0 l1d
28 40 3 l1d
26 24 1 l1d
30 2 5 l1d
16 16 6 l1d
12 9 0 l1d
29 32 7 l1d
26 47 4 l1d
19 28 1 l1d
28 52 6 l1d
3 63 8 l1d
27 30 1 l1d
0 9 4 l1d
21 3 5 l1d
22 63 3 l1d
20 34 1 l1d
15 64 5 l1d
3 53 0 l1d
19 42 8 l1d
20 17 5 l1d
32 2 5 l1d
12 31 6 l1d
17 51 0 l1d
21 59 5 l1d
10 19 3 l1d
2 23 1 l1d
32 16 7 l1d
27 25 4 l1d
15 41 1 l1d
31 44 6 l1d
4 41 0 l1d
2 26 7 l1d
8 16 1 l1d
1 31 3 l1d
10 6 1 l1d
5 0 8 l1d
18 28 8 l1d
3 38 1 l1d
5 62 3 l1d
2 26 0 l1d
10 13 4 l1d
15 6 2 l1d
7 61 8 l1d
27 11 6 l1d
30 48 1 l1d
27 26 1 l1d
32 30 8 l1d
22 10 5 l1d
22 48 4 l1d
11 32 2 l1d
23 50 6 l1d
31 10 5 l1d
3 10 2 l1d
24 48 2 l1d
18 57 3 l1d
2 52 5 l1d
6 64 5 l1d
22 16 6 l1d
23 64 5 l1d
2 46 6 l1d
16 20 1 l1d
22 54 6 l1d
29 25 3 l1d
26 32 2 l1d
22 16 8 l1d
24 34 3 l1d
8 31 4 l1d
2 15 3 l1d
7 19 1 l1d
14 23 3 l1d
3 29 8 l1d
7 58 1 l1d
24 13 0 l1d
19 55 7 l1d
11 49 6 l1d
19 57 6 l1d
22 21 4 l1d
32 49 4 l1d
0 64 7 l1d
10 3 3 l1d
6 37 0 l1d
14 28 8 l1d
31 10 2 l1d
32 52 2 l1d
6 29 2 l1d
16 18 5 l1d
30 54 8 l1d
12 57 1 l1d
1 52 6 l1d
6 49 1 l1d
2 37 8 l1d
18 47 6 l1d
12 39 3 l1d
6 16 8 l1d
23 55 4 l1d
30 33 6 l1d
16 23 4 l1d
1 31 7 l1d
8 40 1 l1d
3 10 3 l1d
23 50 2 l1d
27 21 2 l1d
17 35 3 l1d
32 52 8 l1d
22 41 8 l1d
14 45 7 l1d
8 44 3 l1d
11 40 0 l1d
31 16 8 l1d
8 60 4 l1d
12 62 6 l1d
31 23 4 l1d
18 45 2 l1d
24 13 6 l1d
24 63 5 l1d
17 13 0 l1d
27 17 6 l1d
29 16 4 l1d
15 19 2 l1d
16 16 2 l1d
9 53 0 l1d
13 49 8 l1d
27 36 6 l1d
21 37 6 l1d
1 41 0 l1d
32 23 1 l1d
22 3 7 l1d
12 59 2 l1d
31 34 5 l1d
15 36 4 l1d
6 24 5 l1d
26 39 8 l1d
9 32 2 l1d
1 6 1 l1d
8 48 1 l1d
27 45 3 l1d
8 13 5 l1d
11 42 5 l1d
6 0 7 l1d
13 9 0 l1d
7 12 4 l1d
16 24 1 l1d
18 41 7 l1d
23 2 6 l1d
28 4 6 l1d
21 25 3 l1d
14 50 5 l1d
12 56 8 l1d
6 22 6 l1d
12 7 1 l1d
