32 38 2 l1d
29 27 3 l1d
30 41 6 l1d
6 15 5 l1d
14 14 1 l1d
23 17 2 l1d
25 16 5 l1d
15 11 4 l1d
18 25 1 l1d
28 51 4 l1d
1 64 3 l1d
4 56 4 l1d
23 46 8 l1d
32 49 7 l1d
22 56 0 l1d
7 63 5 l1d
1 13 4 l1d
31 6 6 l1d
22 48 0 l1d
27 52 6 l1d
7 58 8 l1d
4 60 6 l1d
13 39 2 l1d
31 15 4 l1d
5 55 7 l1d
9 0 0 l1d
27 17 3 l1d
10 25 5 l1d
25 31 8 l1d
18 2 3 l1d
16 5 2 l1d
7 7 4 l1d
23 57 3 l1d
5 21 2 l1d
24 6 5 l1d
22 4 3 l1d
29 12 7 l1d
23 9 2 l1d
0 3 8 l1d
27 5 6 l1d
7 15 1 l1d
1 3 7 l1d
2 29 1 l1d
14 41 2 l1d
16 3 3 l1d
18 40 3 l1d
10 37 7 l1d
28 37 1 l1d
12 36 5 l1d
16 40 3 l1d
