11 21 4 l1d
12 39 3 l1d
17 9 4 l1d
25 3 2 l1d
24 49 8 l1d
10 64 5 l1d
20 15 8 l1d
7 49 7 l1d
9 62 8 l1d
0 30 3 l1d
27 8 6 l1d
24 14 0 l1d
4 51 8 l1d
4 22 2 l1d
26 3 2 l1d
23 33 1 l1d
27 32 3 l1d
27 27 6 l1d
23 52 1 l1d
13 27 0 l1d
14 22 5 l1d
7 14 2 l1d
29 28 3 l1d
27 32 3 l1d
8 60 3 l1d
28 31 8 l1d
24 8 3 l1d
20 42 6 l1d
27 40 1 l1d
12 48 0 l1d
22 42 3 l1d
15 33 0 l1d
18 13 2 l1d
8 40 4 l1d
18 45 1 l1d
11 62 7 l1d
13 33 5 l1d
3 20 2 l1d
31 19 7 l1d
27 49 6 l1d
9 36 4 l1d
22 11 7 l1d
21 45 4 l1d
28 10 0 l1d
25 27 3 l1d
24 39 3 l1d
3 12 5 l1d
32 50 4 l1d
4 61 5 l1d
10 47 5 l1d
5 30 6 l1d
7 43 7 l1d
30 21 1 l1d
4 56 3 l1d
22 32 8 l1d
26 59 6 l1d
29 9 0 l1d
14 62 2 l1d
22 54 3 l1d
23 54 5 l1d
27 11 3 l1d
1 20 2 l1d
16 49 8 l1d
7 44 3 l1d
19 5 6 l1d
12 36 1 l1d
13 21 0 l1d
6 45 5 l1d
18 15 4 l1d
3 41 1 l1d
2 60 6 l1d
9 55 8 l1d
18 26 5 l1d
30 10 4 l1d
18 50 0 l1d
10 22 3 l1d
9 7 7 l1d
13 51 8 l1d
8 54 0 l1d
31 35 2 l1d
30 9 0 l1d
19 43 2 l1d
3 9 4 l1d
25 23 5 l1d
25 45 0 l1d
23 50 2 l1d
20 10 0 l1d
21 2 2 l1d
28 6 0 l1d
23 50 5 l1d
5 28 7 l1d
11 31 0 l1d
30 63 4 l1d
10 44 4 l1d
30 43 7 l1d
11 43 1 l1d
14 4 5 l1d
21 3 3 l1d
22 50 7 l1d
8 55 0 l1d
3 9 1 l1d
26 39 1 l1d
11 11 8 l1d
13 49 8 l1d
25 6 4 l1d
15 33 3 l1d
14 15 7 l1d
29 11 6 l1d
14 7 8 l1d
1 42 2 l1d
9 60 7 l1d
15 49 2 l1d
10 11 7 l1d
20 62 0 l1d
23 36 8 l1d
15 62 3 l1d
8 10 7 l1d
30 11 7 l1d
13 43 6 l1d
11 10 5 l1d
14 26 2 l1d
31 22 3 l1d
5 62 2 l1d
12 55 3 l1d
1 17 5 l1d
18 19 2 l1d
18 46 3 l1d
16 58 8 l1d
17 29 5 l1d
31 48 0 l1d
11 6 4 l1d
13 61 7 l1d
13 60 1 l1d
31 48 0 l1d
9 51 1 l1d
11 55 7 l1d
28 59 1 l1d
29 24 8 l1d
5 1 4 l1d
3 17 2 l1d
10 3 5 l1d
28 22 8 l1d
32 21 6 l1d
21 64 6 l1d
21 19 5 l1d
26 57 1 l1d
9 26 3 l1d
18 1 1 l1d
