31 28 0 l1d
10 33 0 l1d
13 35 1 l1d
30 4 4 l1d
31 16 2 l1d
3 32 1 l1d
8 2 2 l1d
12 20 1 l1d
23 43 8 l1d
11 47 5 l1d
11 46 1 l1d
25 8 3 l1d
14 5 2 l1d
20 52 3 l1d
19 10 8 l1d
4 62 4 l1d
20 63 2 l1d
6 32 7 l1d
19 0 5 l1d
9 9 1 l1d
20 0 0 l1d
22 7 4 l1d
18 2 1 l1d
12 11 1 l1d
4 64 7 l1d
13 13 5 l1d
23 64 7 l1d
29 25 4 l1d
12 12 8 l1d
0 39 5 l1d
6 50 1 l1d
23 46 4 l1d
8 53 1 l1d
9 42 6 l1d
6 8 8 l1d
8 45 7 l1d
0 44 5 l1d
2 3 3 l1d
28 44 2 l1d
4 52 4 l1d
31 29 0 l1d
26 62 0 l1d
6 10 6 l1d
1 20 7 l1d
13 34 1 l1d
15 30 7 l1d
29 1 6 l1d
23 63 1 l1d
17 54 1 l1d
27 44 6 l1d
31 24 4 l1d
10 12 1 l1d
14 25 1 l1d
29 58 6 l1d
32 22 4 l1d
23 54 3 l1d
7 36 8 l1d
24 64 4 l1d
20 19 4 l1d
13 56 4 l1d
15 20 2 l1d
3 23 4 l1d
19 8 3 l1d
32 55 7 l1d
29 3 0 l1d
7 36 6 l1d
24 48 5 l1d
12 31 0 l1d
18 16 0 l1d
19 29 5 l1d
22 11 2 l1d
6 18 0 l1d
23 34 5 l1d
2 26 2 l1d
19 36 5 l1d
16 16 2 l1d
7 9 3 l1d
27 53 0 l1d
4 9 2 l1d
15 40 8 l1d
17 1 3 l1d
19 41 2 l1d
2 25 7 l1d
27 35 1 l1d
3 32 0 l1d
29 1 3 l1d
11 64 7 l1d
28 17 8 l1d
31 22 3 l1d
12 51 1 l1d
11 41 0 l1d
7 28 4 l1d
