3 54 7 l1d
27 27 3 l1d
18 39 2 l1d
27 12 6 l1d
26 37 1 l1d
15 33 0 l1d
10 6 8 l1d
5 26 6 l1d
30 52 6 l1d
5 24 3 l1d
26 37 2 l1d
25 24 6 l1d
9 45 0 l1d
8 52 5 l1d
32 20 3 l1d
30 62 7 l1d
7 6 0 l1d
25 39 1 l1d
15 31 4 l1d
24 12 4 l1d
18 5 2 l1d
23 42 6 l1d
18 57 8 l1d
31 61 0 l1d
18 2 3 l1d
0 40 5 l1d
20 64 2 l1d
13 15 6 l1d
16 23 5 l1d
23 43 0 l1d
19 2 6 l1d
22 26 0 l1d
0 52 0 l1d
11 29 5 l1d
9 42 5 l1d
1 2 0 l1d
11 10 7 l1d
10 25 5 l1d
11 61 4 l1d
27 54 0 l1d
12 37 1 l1d
16 58 3 l1d
16 12 7 l1d
20 64 4 l1d
12 28 7 l1d
16 48 7 l1d
