16 1 3 l1d
24 30 7 l1d
24 30 6 l1d
22 0 5 l1d
14 20 5 l1d
11 10 4 l1d
4 13 7 l1d
27 2 1 l1d
22 36 3 l1d
3 48 4 l1d
3 25 3 l1d
17 20 0 l1d
31 34 8 l1d
8 36 5 l1d
3 58 2 l1d
29 25 0 l1d
11 27 1 l1d
20 28 3 l1d
6 7 0 l1d
2 48 3 l1d
4 17 5 l1d
11 17 1 l1d
20 3 0 l1d
27 14 1 l1d
17 49 1 l1d
8 39 7 l1d
11 32 6 l1d
23 57 6 l1d
26 50 3 l1d
32 18 4 l1d
28 18 7 l1d
16 59 1 l1d
20 44 3 l1d
5 59 4 l1d
1 23 8 l1d
25 2 8 l1d
30 4 3 l1d
28 24 8 l1d
4 37 4 l1d
29 59 8 l1d
0 21 7 l1d
6 25 7 l1d
12 28 5 l1d
5 8 3 l1d
26 27 5 l1d
0 28 3 l1d
21 40 5 l1d
7 2 7 l1d
20 48 1 l1d
15 1 8 l1d
13 50 7 l1d
29 27 8 l1d
4 30 5 l1d
32 43 3 l1d
18 25 3 l1d
27 22 4 l1d
25 13 6 l1d
19 53 7 l1d
28 1 1 l1d
4 3 4 l1d
15 10 7 l1d
28 35 1 l1d
30 18 3 l1d
0 16 1 l1d
5 5 8 l1d
6 7 1 l1d
22 21 3 l1d
31 48 8 l1d
30 32 2 l1d
20 52 7 l1d
29 9 5 l1d
8 50 8 l1d
14 23 3 l1d
25 41 3 l1d
29 18 4 l1d
4 30 3 l1d
4 13 0 l1d
9 4 2 l1d
14 57 6 l1d
23 61 2 l1d
