16 24 2 l1d
6 43 7 l1d
13 25 8 l1d
13 20 6 l1d
12 27 7 l1d
18 28 0 l1d
24 53 1 l1d
28 32 8 l1d
24 17 1 l1d
25 54 2 l1d
3 41 7 l1d
4 46 4 l1d
5 45 3 l1d
29 52 8 l1d
30 3 2 l1d
4 44 0 l1d
12 17 5 l1d
0 50 2 l1d
22 54 1 l1d
27 34 2 l1d
21 62 8 l1d
13 15 5 l1d
5 13 8 l1d
15 24 7 l1d
16 7 1 l1d
20 28 0 l1d
22 30 2 l1d
10 32 6 l1d
7 43 8 l1d
25 37 2 l1d
25 52 7 l1d
30 15 4 l1d
30 33 2 l1d
4 45 6 l1d
18 37 4 l1d
1 8 3 l1d
1 63 5 l1d
9 20 7 l1d
7 7 0 l1d
32 63 6 l1d
21 19 5 l1d
1 64 6 l1d
11 35 6 l1d
15 6 2 l1d
31 7 5 l1d
28 63 1 l1d
21 6 7 l1d
1 34 4 l1d
30 56 5 l1d
2 44 3 l1d
1 3 5 l1d
27 32 8 l1d
16 34 1 l1d
0 12 3 l1d
28 49 0 l1d
16 9 2 l1d
25 13 5 l1d
20 28 6 l1d
28 5 3 l1d
0 22 2 l1d
0 2 8 l1d
0 9 5 l1d
