5 61 5 l1d
6 58 3 l1d
17 12 3 l1d
9 3 7 l1d
24 45 7 l1d
22 32 1 l1d
21 59 3 l1d
15 51 3 l1d
31 34 7 l1d
7 3 4 l1d
25 39 1 l1d
14 21 8 l1d
28 52 3 l1d
10 39 8 l1d
29 29 5 l1d
12 48 4 l1d
21 58 0 l1d
7 46 8 l1d
28 38 6 l1d
27 42 8 l1d
8 52 5 l1d
6 46 1 l1d
4 27 6 l1d
25 46 3 l1d
20 13 0 l1d
29 28 4 l1d
28 26 1 l1d
3 54 2 l1d
29 51 5 l1d
15 55 2 l1d
18 20 7 l1d
10 20 4 l1d
17 34 7 l1d
21 49 6 l1d
11 63 2 l1d
21 61 4 l1d
7 43 0 l1d
18 63 2 l1d
13 53 5 l1d
1 2 5 l1d
25 61 3 l1d
30 41 4 l1d
19 20 0 l1d
9 34 4 l1d
2 41 0 l1d
14 43 0 l1d
14 50 7 l1d
24 39 8 l1d
13 14 3 l1d
31 63 7 l1d
1 30 6 l1d
14 39 6 l1d
32 53 8 l1d
15 30 8 l1d
14 10 1 l1d
9 27 7 l1d
26 27 5 l1d
28 35 0 l1d
7 10 7 l1d
17 49 0 l1d
7 12 4 l1d
11 48 4 l1d
15 49 6 l1d
13 22 8 l1d
7 3 7 l1d
4 23 4 l1d
7 59 7 l1d
10 15 4 l1d
26 26 8 l1d
14 45 6 l1d
30 58 6 l1d
0 10 3 l1d
29 64 0 l1d
25 50 5 l1d
14 53 3 l1d
11 22 8 l1d
18 2 8 l1d
7 57 2 l1d
9 39 3 l1d
30 7 7 l1d
12 0 4 l1d
4 5 4 l1d
3 36 1 l1d
25 34 2 l1d
28 48 0 l1d
26 56 3 l1d
5 41 3 l1d
1 58 3 l1d
18 58 0 l1d
19 46 3 l1d
13 51 2 l1d
29 56 3 l1d
9 18 8 l1d
0 32 0 l1d
12 7 6 l1d
14 13 2 l1d
11 37 6 l1d
32 25 2 l1d
21 55 4 l1d
7 24 7 l1d
15 13 1 l1d
8 41 3 l1d
15 27 5 l1d
31 54 8 l1d
9 62 3 l1d
26 11 7 l1d
7 5 6 l1d
5 57 3 l1d
2 43 4 l1d
4 20 4 l1d
19 8 3 l1d
15 31 4 l1d
27 29 3 l1d
24 31 6 l1d
12 0 3 l1d
7 24 0 l1d
3 35 2 l1d
14 33 1 l1d
3 60 5 l1d
8 35 5 l1d
18 28 6 l1d
22 19 5 l1d
1 14 4 l1d
5 35 7 l1d
4 12 7 l1d
19 49 7 l1d
1 44 8 l1d
10 13 6 l1d
