4 9 8 l1d
17 56 3 l1d
23 1 5 l1d
30 22 8 l1d
8 54 6 l1d
22 7 1 l1d
12 56 1 l1d
12 5 1 l1d
17 43 1 l1d
25 27 2 l1d
15 23 6 l1d
28 13 4 l1d
17 18 8 l1d
32 3 3 l1d
21 51 6 l1d
15 40 7 l1d
10 5 1 l1d
28 55 0 l1d
5 56 1 l1d
30 7 3 l1d
28 53 6 l1d
13 28 6 l1d
5 38 4 l1d
23 31 8 l1d
3 37 1 l1d
22 38 1 l1d
22 52 0 l1d
12 0 6 l1d
4 20 6 l1d
27 39 4 l1d
6 9 4 l1d
24 43 7 l1d
2 34 3 l1d
3 6 8 l1d
17 35 3 l1d
14 28 7 l1d
10 41 6 l1d
29 45 5 l1d
19 59 5 l1d
7 0 8 l1d
11 12 5 l1d
31 35 1 l1d
27 13 5 l1d
32 14 2 l1d
30 61 3 l1d
6 25 6 l1d
20 0 0 l1d
5 21 4 l1d
17 61 6 l1d
19 2 4 l1d
18 22 2 l1d
7 26 7 l1d
24 46 6 l1d
30 47 2 l1d
30 56 5 l1d
24 53 2 l1d
23 42 3 l1d
7 56 4 l1d
14 21 8 l1d
19 49 5 l1d
13 59 3 l1d
21 25 0 l1d
30 28 4 l1d
17 31 4 l1d
14 1 3 l1d
32 21 8 l1d
26 60 5 l1d
10 64 8 l1d
6 40 6 l1d
20 48 6 l1d
3 20 4 l1d
12 33 0 l1d
19 7 2 l1d
4 27 5 l1d
20 21 3 l1d
19 29 6 l1d
19 55 3 l1d
19 43 5 l1d
8 11 7 l1d
2 39 7 l1d
22 3 2 l1d
19 35 6 l1d
23 0 4 l1d
23 45 8 l1d
24 17 7 l1d
8 54 3 l1d
9 22 1 l1d
21 2 7 l1d
3 50 4 l1d
1 33 7 l1d
25 1 5 l1d
14 0 3 l1d
11 4 6 l1d
8 31 2 l1d
22 9 3 l1d
5 46 3 l1d
26 37 2 l1d
15 38 8 l1d
10 53 5 l1d
9 56 7 l1d
13 43 5 l1d
2 35 5 l1d
