8 63 7 l1d
22 6 1 l1d
13 22 4 l1d
24 30 2 l1d
13 57 2 l1d
26 41 3 l1d
24 19 5 l1d
16 57 5 l1d
25 61 2 l1d
19 56 0 l1d
6 21 6 l1d
5 62 1 l1d
26 64 4 l1d
0 26 7 l1d
32 28 1 l1d
0 7 5 l1d
24 1 5 l1d
17 23 3 l1d
26 46 4 l1d
16 47 0 l1d
24 63 1 l1d
1 18 4 l1d
23 36 2 l1d
7 14 4 l1d
23 25 6 l1d
13 4 2 l1d
22 52 0 l1d
13 58 6 l1d
5 51 5 l1d
0 63 2 l1d
27 57 3 l1d
2 3 6 l1d
30 30 6 l1d
6 4 0 l1d
15 14 5 l1d
3 49 2 l1d
13 21 3 l1d
21 43 1 l1d
23 32 2 l1d
3 35 6 l1d
8 39 0 l1d
8 63 4 l1d
16 31 2 l1d
5 9 4 l1d
0 45 4 l1d
28 2 0 l1d
10 1 3 l1d
12 9 5 l1d
16 42 2 l1d
16 45 4 l1d
14 53 8 l1d
1 34 3 l1d
1 19 7 l1d
9 15 6 l1d
0 21 6 l1d
24 48 8 l1d
25 16 4 l1d
3 57 8 l1d
14 25 4 l1d
9 39 4 l1d
13 41 4 l1d
21 25 2 l1d
3 47 4 l1d
32 40 7 l1d
