17 29 1 l1d
14 3 5 l1d
24 57 3 l1d
16 0 5 l1d
20 48 7 l1d
19 33 2 l1d
2 30 7 l1d
24 64 7 l1d
28 37 3 l1d
11 59 1 l1d
7 41 0 l1d
7 63 8 l1d
16 52 0 l1d
12 42 8 l1d
11 50 6 l1d
28 33 6 l1d
18 35 5 l1d
16 14 6 l1d
5 20 4 l1d
14 49 3 l1d
23 11 5 l1d
18 33 7 l1d
19 12 1 l1d
31 38 6 l1d
27 28 4 l1d
26 16 8 l1d
31 60 5 l1d
20 13 2 l1d
20 51 3 l1d
29 61 5 l1d
3 33 3 l1d
30 26 2 l1d
8 7 8 l1d
9 14 8 l1d
4 60 4 l1d
14 5 6 l1d
14 17 3 l1d
20 15 7 l1d
23 2 6 l1d
0 58 5 l1d
8 0 3 l1d
11 55 2 l1d
20 63 3 l1d
1 46 1 l1d
18 54 1 l1d
10 10 4 l1d
24 52 0 l1d
12 2 6 l1d
8 20 5 l1d
5 1 1 l1d
25 19 4 l1d
6 14 8 l1d
0 52 0 l1d
27 3 6 l1d
12 15 8 l1d
4 40 6 l1d
13 5 4 l1d
11 35 7 l1d
14 7 0 l1d
32 52 6 l1d
29 53 6 l1d
16 62 5 l1d
21 20 6 l1d
15 43 1 l1d
8 24 2 l1d
12 46 4 l1d
12 52 1 l1d
13 31 5 l1d
16 24 7 l1d
7 39 4 l1d
25 38 4 l1d
18 50 7 l1d
22 13 8 l1d
29 53 8 l1d
10 45 2 l1d
27 22 6 l1d
31 1 7 l1d
15 2 2 l1d
16 15 2 l1d
3 52 6 l1d
13 38 2 l1d
20 28 1 l1d
2 56 3 l1d
31 27 4 l1d
14 24 0 l1d
8 9 5 l1d
17 25 5 l1d
10 37 6 l1d
0 22 5 l1d
1 35 1 l1d
32 21 1 l1d
1 61 8 l1d
16 13 3 l1d
19 38 8 l1d
16 58 7 l1d
10 56 5 l1d
32 29 7 l1d
24 30 1 l1d
20 11 8 l1d
8 34 8 l1d
13 54 6 l1d
9 23 6 l1d
14 30 2 l1d
26 58 1 l1d
19 23 2 l1d
4 15 4 l1d
18 46 4 l1d
25 37 2 l1d
15 51 3 l1d
0 1 1 l1d
0 2 4 l1d
23 30 6 l1d
16 30 5 l1d
27 10 6 l1d
26 55 3 l1d
11 58 1 l1d
0 0 5 l1d
20 55 0 l1d
26 10 5 l1d
1 46 6 l1d
2 45 3 l1d
13 16 8 l1d
11 58 7 l1d
3 54 5 l1d
7 62 2 l1d
24 21 0 l1d
2 28 1 l1d
29 23 4 l1d
17 0 5 l1d
17 47 3 l1d
6 28 8 l1d
10 56 1 l1d
12 36 5 l1d
3 39 6 l1d
28 44 3 l1d
15 28 4 l1d
