7 9 2 l1d
2 24 7 l1d
29 57 6 l1d
13 29 3 l1d
1 39 0 l1d
26 47 2 l1d
13 15 1 l1d
13 43 5 l1d
20 13 1 l1d
32 62 4 l1d
18 11 4 l1d
8 14 6 l1d
22 9 6 l1d
16 2 2 l1d
32 63 5 l1d
18 21 2 l1d
20 46 1 l1d
16 10 7 l1d
23 8 1 l1d
2 32 5 l1d
15 6 1 l1d
29 51 8 l1d
1 12 0 l1d
6 51 5 l1d
16 58 2 l1d
13 14 8 l1d
16 41 6 l1d
10 38 8 l1d
7 4 5 l1d
8 59 1 l1d
26 25 5 l1d
26 9 0 l1d
6 32 5 l1d
24 19 3 l1d
29 0 1 l1d
26 30 5 l1d
27 49 5 l1d
11 51 4 l1d
8 28 3 l1d
2 39 8 l1d
21 9 2 l1d
12 60 3 l1d
31 46 8 l1d
26 57 0 l1d
19 17 6 l1d
19 61 2 l1d
8 24 7 l1d
18 52 8 l1d
19 57 2 l1d
22 39 6 l1d
0 41 7 l1d
2 1 3 l1d
1 40 0 l1d
27 18 7 l1d
22 6 7 l1d
8 38 6 l1d
24 22 8 l1d
29 27 7 l1d
8 18 2 l1d
18 58 6 l1d
15 6 2 l1d
13 59 6 l1d
1 15 2 l1d
28 44 7 l1d
31 54 5 l1d
19 47 2 l1d
11 7 2 l1d
3 0 5 l1d
11 63 8 l1d
8 45 6 l1d
