27 45 2 l1d
14 29 4 l1d
22 48 8 l1d
14 36 8 l1d
19 50 3 l1d
19 21 3 l1d
4 28 1 l1d
15 31 1 l1d
16 55 5 l1d
30 52 1 l1d
19 42 5 l1d
14 14 2 l1d
10 56 5 l1d
29 26 0 l1d
31 45 6 l1d
9 3 4 l1d
24 59 6 l1d
26 7 4 l1d
16 10 4 l1d
20 54 0 l1d
12 10 8 l1d
12 12 6 l1d
12 7 7 l1d
0 31 5 l1d
11 18 4 l1d
12 28 7 l1d
20 40 6 l1d
5 37 1 l1d
4 54 2 l1d
14 9 0 l1d
28 27 7 l1d
11 5 4 l1d
17 1 5 l1d
8 28 7 l1d
11 1 3 l1d
5 43 0 l1d
15 49 4 l1d
24 40 8 l1d
31 55 3 l1d
16 38 4 l1d
13 21 7 l1d
4 58 4 l1d
19 43 7 l1d
14 40 0 l1d
21 5 5 l1d
21 10 5 l1d
25 29 4 l1d
20 43 0 l1d
31 64 3 l1d
7 58 7 l1d
31 39 4 l1d
7 51 0 l1d
11 19 3 l1d
5 40 7 l1d
20 56 5 l1d
0 12 2 l1d
17 63 2 l1d
29 12 5 l1d
23 43 7 l1d
27 47 0 l1d
20 23 8 l1d
32 13 8 l1d
12 24 1 l1d
18 47 5 l1d
30 54 2 l1d
28 5 6 l1d
21 8 5 l1d
32 36 1 l1d
9 63 5 l1d
22 2 7 l1d
21 5 2 l1d
19 11 8 l1d
22 53 7 l1d
30 22 7 l1d
5 56 8 l1d
18 33 1 l1d
