29 39 4 l1d
20 5 1 l1d
3 49 6 l1d
13 46 2 l1d
7 3 1 l1d
12 25 6 l1d
26 2 7 l1d
17 61 7 l1d
18 30 0 l1d
23 32 2 l1d
20 27 8 l1d
14 8 3 l1d
3 40 1 l1d
4 18 6 l1d
8 34 1 l1d
2 36 7 l1d
32 3 2 l1d
12 11 2 l1d
1 16 6 l1d
13 21 1 l1d
17 0 8 l1d
8 9 8 l1d
26 41 1 l1d
32 28 6 l1d
26 45 4 l1d
8 1 5 l1d
1 5 0 l1d
27 61 0 l1d
15 17 7 l1d
5 3 1 l1d
15 23 7 l1d
1 8 1 l1d
17 64 2 l1d
9 26 2 l1d
21 11 0 l1d
26 52 3 l1d
14 5 4 l1d
6 62 3 l1d
30 1 3 l1d
2 17 4 l1d
13 51 7 l1d
3 38 0 l1d
22 10 7 l1d
24 55 2 l1d
17 27 4 l1d
11 49 8 l1d
18 2 6 l1d
22 46 8 l1d
7 7 7 l1d
19 15 4 l1d
18 38 4 l1d
8 12 0 l1d
8 31 2 l1d
29 32 4 l1d
32 8 6 l1d
31 31 1 l1d
11 17 8 l1d
13 7 0 l1d
20 5 0 l1d
5 15 7 l1d
7 37 0 l1d
19 51 2 l1d
30 14 8 l1d
27 44 7 l1d
21 32 5 l1d
23 62 6 l1d
21 45 7 l1d
17 32 2 l1d
31 49 0 l1d
11 40 8 l1d
6 24 5 l1d
21 25 1 l1d
4 23 8 l1d
14 57 2 l1d
22 35 4 l1d
1 2 3 l1d
11 33 0 l1d
25 49 5 l1d
26 62 2 l1d
24 18 5 l1d
