10 18 4 l1d
22 6 5 l1d
9 19 0 l1d
12 38 0 l1d
6 10 8 l1d
31 38 0 l1d
23 51 6 l1d
12 40 5 l1d
28 58 3 l1d
11 40 4 l1d
11 51 8 l1d
20 27 2 l1d
28 14 4 l1d
10 12 2 l1d
5 23 7 l1d
15 0 6 l1d
2 64 0 l1d
7 40 4 l1d
32 5 1 l1d
19 14 0 l1d
11 42 2 l1d
7 43 1 l1d
6 31 4 l1d
32 3 0 l1d
26 41 4 l1d
32 31 2 l1d
22 48 1 l1d
1 52 5 l1d
26 33 3 l1d
10 5 4 l1d
12 53 2 l1d
26 0 1 l1d
11 38 3 l1d
27 16 6 l1d
3 39 6 l1d
13 13 8 l1d
0 42 2 l1d
22 47 6 l1d
2 42 0 l1d
14 29 5 l1d
18 20 1 l1d
9 53 2 l1d
7 32 8 l1d
2 11 4 l1d
8 25 3 l1d
26 27 0 l1d
2 40 7 l1d
1 30 3 l1d
17 43 7 l1d
16 15 5 l1d
21 20 0 l1d
20 20 8 l1d
25 1 1 l1d
10 63 0 l1d
30 23 5 l1d
30 37 5 l1d
1 31 7 l1d
24 9 8 l1d
18 41 6 l1d
32 26 6 l1d
31 54 7 l1d
20 47 3 l1d
29 44 3 l1d
14 59 3 l1d
20 8 3 l1d
29 14 8 l1d
19 21 5 l1d
11 63 7 l1d
28 19 1 l1d
7 46 3 l1d
32 18 7 l1d
24 57 8 l1d
31 2 8 l1d
5 64 1 l1d
2 50 5 l1d
0 14 2 l1d
2 1 2 l1d
22 5 7 l1d
14 31 3 l1d
13 34 6 l1d
4 8 7 l1d
5 43 1 l1d
15 40 7 l1d
8 31 4 l1d
8 51 1 l1d
29 33 0 l1d
26 43 5 l1d
17 42 0 l1d
15 35 0 l1d
2 50 3 l1d
24 16 0 l1d
19 11 8 l1d
16 55 6 l1d
2 48 2 l1d
13 0 2 l1d
29 17 8 l1d
0 32 8 l1d
27 50 1 l1d
7 37 5 l1d
16 42 2 l1d
32 9 3 l1d
12 16 1 l1d
25 32 5 l1d
22 58 6 l1d
16 57 3 l1d
10 0 4 l1d
5 35 1 l1d
14 29 0 l1d
22 31 0 l1d
11 33 5 l1d
8 56 4 l1d
8 2 5 l1d
32 10 1 l1d
14 15 8 l1d
11 59 0 l1d
28 1 7 l1d
12 2 3 l1d
23 3 7 l1d
