10 41 0 l1d
21 54 2 l1d
32 19 5 l1d
14 24 6 l1d
8 30 6 l1d
4 44 0 l1d
1 28 2 l1d
24 3 6 l1d
32 61 1 l1d
14 25 0 l1d
20 38 5 l1d
29 43 3 l1d
6 59 5 l1d
7 20 6 l1d
12 47 4 l1d
14 18 4 l1d
15 33 2 l1d
0 4 5 l1d
31 23 1 l1d
8 43 0 l1d
16 28 6 l1d
11 41 7 l1d
3 2 8 l1d
15 17 4 l1d
15 51 2 l1d
21 11 1 l1d
10 1 8 l1d
8 44 3 l1d
32 4 6 l1d
24 8 8 l1d
4 35 5 l1d
11 56 7 l1d
32 12 8 l1d
22 44 6 l1d
4 58 1 l1d
27 38 3 l1d
4 64 7 l1d
10 44 8 l1d
31 17 2 l1d
12 55 4 l1d
3 60 2 l1d
8 9 7 l1d
21 14 1 l1d
17 53 6 l1d
2 15 7 l1d
8 63 6 l1d
12 39 0 l1d
3 57 5 l1d
12 17 3 l1d
19 36 6 l1d
25 40 4 l1d
25 64 3 l1d
31 35 3 l1d
6 29 2 l1d
10 27 6 l1d
14 59 1 l1d
14 27 7 l1d
3 39 0 l1d
22 60 4 l1d
20 1 0 l1d
20 0 1 l1d
9 55 8 l1d
20 41 6 l1d
25 23 1 l1d
12 61 6 l1d
31 43 7 l1d
23 13 3 l1d
21 9 4 l1d
17 23 3 l1d
32 25 6 l1d
3 17 6 l1d
3 4 3 l1d
25 54 2 l1d
6 27 6 l1d
10 34 5 l1d
26 15 7 l1d
10 16 1 l1d
27 46 4 l1d
26 12 4 l1d
17 10 1 l1d
29 11 4 l1d
27 38 5 l1d
25 56 7 l1d
16 54 5 l1d
8 29 1 l1d
32 12 0 l1d
5 39 0 l1d
10 0 0 l1d
3 20 2 l1d
28 46 8 l1d
10 2 2 l1d
27 13 1 l1d
7 0 1 l1d
18 52 2 l1d
6 62 3 l1d
10 61 2 l1d
1 15 4 l1d
32 29 1 l1d
10 2 3 l1d
15 11 7 l1d
11 9 7 l1d
3 32 1 l1d
22 45 8 l1d
12 32 5 l1d
0 61 8 l1d
26 61 7 l1d
19 36 7 l1d
9 12 8 l1d
31 22 1 l1d
7 50 3 l1d
20 50 7 l1d
27 31 0 l1d
29 16 5 l1d
30 33 6 l1d
5 64 7 l1d
6 5 8 l1d
22 25 0 l1d
30 57 3 l1d
0 27 6 l1d
30 58 8 l1d
17 14 0 l1d
17 6 0 l1d
21 25 1 l1d
23 9 1 l1d
5 8 3 l1d
17 36 8 l1d
18 57 5 l1d
12 19 4 l1d
1 54 2 l1d
16 35 3 l1d
20 52 1 l1d
26 2 0 l1d
30 27 1 l1d
8 49 4 l1d
25 50 2 l1d
15 27 4 l1d
3 47 8 l1d
25 60 7 l1d
32 32 8 l1d
0 64 0 l1d
25 1 6 l1d
13 4 7 l1d
