12 30 8 l1d
1 3 1 l1d
20 44 1 l1d
19 19 8 l1d
3 63 1 l1d
22 38 0 l1d
26 27 3 l1d
27 43 5 l1d
27 21 2 l1d
9 19 2 l1d
26 40 1 l1d
22 1 8 l1d
31 14 4 l1d
1 4 1 l1d
17 19 7 l1d
15 46 4 l1d
16 32 3 l1d
31 43 6 l1d
19 51 5 l1d
29 32 4 l1d
12 14 7 l1d
14 28 4 l1d
24 18 4 l1d
30 31 8 l1d
31 50 2 l1d
18 34 8 l1d
22 30 3 l1d
20 64 3 l1d
28 4 4 l1d
19 11 2 l1d
9 8 5 l1d
12 3 0 l1d
2 24 5 l1d
18 41 6 l1d
9 17 6 l1d
32 62 0 l1d
5 17 7 l1d
31 1 3 l1d
2 50 2 l1d
8 24 5 l1d
26 34 0 l1d
25 58 1 l1d
0 55 4 l1d
8 60 1 l1d
19 46 5 l1d
1 30 8 l1d
22 11 7 l1d
21 35 1 l1d
9 41 1 l1d
6 59 0 l1d
23 53 6 l1d
13 64 4 l1d
10 49 1 l1d
14 4 0 l1d
10 13 1 l1d
14 7 4 l1d
2 8 6 l1d
12 47 3 l1d
0 36 4 l1d
19 41 3 l1d
4 58 3 l1d
28 4 8 l1d
31 38 1 l1d
12 21 2 l1d
7 5 1 l1d
22 44 4 l1d
