20 3 0 l1d
23 49 6 l1d
19 2 0 l1d
1 8 6 l1d
26 27 6 l1d
14 58 5 l1d
28 40 4 l1d
14 50 5 l1d
13 24 8 l1d
19 64 6 l1d
13 52 2 l1d
1 0 3 l1d
17 0 3 l1d
1 16 4 l1d
5 58 6 l1d
2 43 0 l1d
21 64 8 l1d
23 20 1 l1d
28 28 1 l1d
11 27 3 l1d
14 52 5 l1d
22 14 1 l1d
24 9 1 l1d
17 59 5 l1d
32 18 7 l1d
12 8 8 l1d
10 7 6 l1d
26 7 1 l1d
7 34 2 l1d
19 47 3 l1d
26 59 0 l1d
12 0 8 l1d
0 24 4 l1d
3 55 1 l1d
10 42 2 l1d
27 17 8 l1d
23 50 4 l1d
26 27 1 l1d
2 37 5 l1d
10 33 1 l1d
6 12 7 l1d
32 56 1 l1d
8 31 1 l1d
7 12 7 l1d
9 14 2 l1d
7 21 0 l1d
23 14 7 l1d
1 60 5 l1d
18 43 2 l1d
10 50 5 l1d
32 53 1 l1d
31 59 1 l1d
28 14 3 l1d
15 16 7 l1d
31 32 0 l1d
15 26 8 l1d
22 16 4 l1d
6 57 3 l1d
8 18 5 l1d
31 36 7 l1d
6 8 7 l1d
15 14 2 l1d
12 36 6 l1d
12 20 8 l1d
12 23 2 l1d
19 3 3 l1d
32 45 3 l1d
9 10 5 l1d
13 11 3 l1d
22 34 4 l1d
18 45 5 l1d
23 40 7 l1d
24 58 4 l1d
16 34 1 l1d
6 33 4 l1d
31 57 1 l1d
16 22 8 l1d
16 41 2 l1d
17 26 1 l1d
26 26 2 l1d
0 2 7 l1d
18 24 7 l1d
14 49 5 l1d
13 62 6 l1d
16 55 5 l1d
12 17 2 l1d
15 42 8 l1d
20 38 2 l1d
19 0 3 l1d
2 46 0 l1d
31 32 6 l1d
29 59 1 l1d
14 34 1 l1d
11 31 0 l1d
14 36 2 l1d
6 64 7 l1d
0 40 7 l1d
19 16 0 l1d
10 36 4 l1d
29 27 3 l1d
15 12 3 l1d
28 15 5 l1d
0 45 0 l1d
26 21 5 l1d
