26 16 4 l1d
6 13 6 l1d
1 57 7 l1d
18 0 4 l1d
26 49 0 l1d
8 50 3 l1d
14 2 1 l1d
14 28 3 l1d
26 23 0 l1d
19 44 3 l1d
20 64 5 l1d
6 6 6 l1d
8 37 8 l1d
10 27 7 l1d
18 9 5 l1d
25 51 2 l1d
27 36 5 l1d
28 40 4 l1d
14 50 7 l1d
14 19 7 l1d
32 3 0 l1d
26 40 2 l1d
23 35 6 l1d
26 12 6 l1d
24 62 2 l1d
9 33 5 l1d
32 36 3 l1d
28 3 8 l1d
22 19 4 l1d
23 24 1 l1d
8 46 8 l1d
12 25 6 l1d
23 40 8 l1d
4 30 6 l1d
9 59 4 l1d
18 17 2 l1d
29 25 7 l1d
24 2 4 l1d
1 49 5 l1d
4 34 6 l1d
28 16 8 l1d
13 38 7 l1d
9 34 5 l1d
31 60 4 l1d
16 32 4 l1d
15 5 1 l1d
