13 19 5 l1d
0 58 2 l1d
6 53 0 l1d
12 33 4 l1d
1 51 5 l1d
14 43 4 l1d
2 64 4 l1d
25 33 4 l1d
30 29 6 l1d
2 25 6 l1d
0 43 3 l1d
5 5 6 l1d
23 7 5 l1d
21 13 8 l1d
22 6 0 l1d
10 10 8 l1d
20 12 0 l1d
8 17 3 l1d
27 53 2 l1d
3 53 8 l1d
9 17 8 l1d
19 6 6 l1d
0 37 8 l1d
27 45 7 l1d
26 13 7 l1d
26 33 3 l1d
17 63 2 l1d
15 56 7 l1d
13 47 1 l1d
24 17 7 l1d
26 47 5 l1d
25 49 8 l1d
20 40 7 l1d
12 52 6 l1d
17 59 0 l1d
28 14 3 l1d
17 11 0 l1d
22 11 7 l1d
19 28 6 l1d
8 33 2 l1d
26 44 2 l1d
31 17 0 l1d
20 57 5 l1d
28 51 4 l1d
2 3 7 l1d
7 54 3 l1d
9 32 0 l1d
27 33 4 l1d
11 7 7 l1d
22 54 8 l1d
32 61 8 l1d
5 25 2 l1d
20 24 7 l1d
5 29 8 l1d
10 44 8 l1d
18 48 4 l1d
23 20 6 l1d
29 9 5 l1d
17 52 5 l1d
5 2 6 l1d
26 64 6 l1d
31 12 0 l1d
31 21 6 l1d
31 48 1 l1d
17 63 6 l1d
12 23 2 l1d
7 25 8 l1d
30 32 8 l1d
24 15 1 l1d
8 41 6 l1d
9 62 0 l1d
8 17 7 l1d
14 51 5 l1d
6 64 0 l1d
10 51 6 l1d
20 0 4 l1d
15 55 7 l1d
32 36 3 l1d
26 18 7 l1d
27 46 5 l1d
26 0 2 l1d
32 7 3 l1d
32 41 0 l1d
12 59 6 l1d
7 54 0 l1d
10 43 8 l1d
19 17 2 l1d
32 24 7 l1d
28 26 1 l1d
29 20 7 l1d
7 8 7 l1d
27 16 4 l1d
19 1 6 l1d
19 39 0 l1d
5 13 1 l1d
27 2 4 l1d
30 40 4 l1d
30 34 5 l1d
27 45 2 l1d
4 63 2 l1d
3 44 8 l1d
10 29 0 l1d
28 60 3 l1d
24 33 7 l1d
7 42 7 l1d
3 40 8 l1d
30 56 2 l1d
24 33 5 l1d
11 3 7 l1d
0 58 4 l1d
8 48 8 l1d
14 47 0 l1d
20 17 3 l1d
26 1 5 l1d
11 52 8 l1d
2 14 3 l1d
17 14 1 l1d
11 19 6 l1d
32 44 5 l1d
31 18 4 l1d
12 24 8 l1d
7 61 8 l1d
0 58 6 l1d
10 5 2 l1d
23 14 2 l1d
17 61 2 l1d
4 62 6 l1d
20 18 2 l1d
19 61 0 l1d
23 0 1 l1d
3 3 6 l1d
28 49 5 l1d
27 3 2 l1d
7 27 0 l1d
22 44 5 l1d
5 32 3 l1d
28 16 7 l1d
5 3 2 l1d
8 13 7 l1d
29 1 6 l1d
20 62 5 l1d
18 57 8 l1d
26 23 7 l1d
1 31 8 l1d
32 42 8 l1d
19 13 4 l1d
7 22 5 l1d
31 26 8 l1d
22 39 8 l1d
10 37 5 l1d
11 54 4 l1d
16 28 4 l1d
17 37 7 l1d
0 27 8 l1d
26 35 2 l1d
30 42 5 l1d
28 38 6 l1d
25 23 6 l1d
28 52 4 l1d
17 42 7 l1d
15 25 0 l1d
2 13 7 l1d
21 35 1 l1d
22 42 5 l1d
13 23 7 l1d
12 14 5 l1d
23 62 8 l1d
0 61 7 l1d
0 63 4 l1d
29 32 6 l1d
16 62 6 l1d
3 22 6 l1d
19 33 8 l1d
5 62 1 l1d
16 23 2 l1d
16 61 0 l1d
26 33 2 l1d
27 23 1 l1d
0 40 6 l1d
17 58 3 l1d
11 39 1 l1d
16 24 1 l1d
26 10 7 l1d
17 42 8 l1d
7 22 4 l1d
20 18 1 l1d
19 5 7 l1d
19 44 2 l1d
2 4 3 l1d
10 34 6 l1d
17 4 8 l1d
14 29 5 l1d
11 35 4 l1d
29 34 1 l1d
22 19 2 l1d
0 52 4 l1d
7 42 8 l1d
31 49 2 l1d
2 16 3 l1d
11 27 2 l1d
27 46 6 l1d
28 29 5 l1d
12 37 1 l1d
6 19 7 l1d
10 15 5 l1d
24 0 2 l1d
27 10 7 l1d
21 47 6 l1d
14 48 0 l1d
19 38 5 l1d
15 18 8 l1d
26 2 4 l1d
19 55 7 l1d
26 52 6 l1d
13 52 4 l1d
0 37 8 l1d
0 26 8 l1d
0 44 8 l1d
13 42 1 l1d
13 26 2 l1d
18 3 3 l1d
23 46 8 l1d
7 16 8 l1d
13 56 6 l1d
0 64 5 l1d
3 9 1 l1d
25 55 6 l1d
24 59 5 l1d
25 52 0 l1d
14 1 0 l1d
18 63 4 l1d
30 33 0 l1d
23 15 1 l1d
21 26 7 l1d
19 26 2 l1d
19 32 7 l1d
26 61 0 l1d
23 49 4 l1d
30 49 8 l1d
2 18 3 l1d
7 13 7 l1d
12 51 3 l1d
18 62 1 l1d
1 25 3 l1d
5 43 7 l1d
15 15 1 l1d
7 27 1 l1d
19 52 8 l1d
22 41 0 l1d
31 11 8 l1d
12 56 6 l1d
26 64 1 l1d
6 46 6 l1d
26 9 2 l1d
26 35 2 l1d
30 23 0 l1d
11 63 1 l1d
23 46 0 l1d
31 60 1 l1d
21 44 3 l1d
12 46 6 l1d
23 26 5 l1d
31 29 1 l1d
0 63 8 l1d
7 38 2 l1d
11 35 2 l1d
19 16 1 l1d
9 2 8 l1d
1 7 4 l1d
2 37 7 l1d
20 20 8 l1d
28 10 4 l1d
19 46 2 l1d
30 51 8 l1d
22 2 8 l1d
15 21 0 l1d
5 3 7 l1d
13 47 3 l1d
32 32 2 l1d
25 31 7 l1d
25 59 2 l1d
30 59 5 l1d
