23 4 8 l1d
21 40 4 l1d
30 8 6 l1d
25 21 7 l1d
9 62 6 l1d
20 21 6 l1d
21 39 0 l1d
32 5 7 l1d
7 22 4 l1d
0 13 7 l1d
17 21 1 l1d
30 6 8 l1d
13 22 8 l1d
27 23 7 l1d
31 47 3 l1d
25 8 0 l1d
12 3 0 l1d
17 23 4 l1d
30 54 6 l1d
8 48 0 l1d
26 60 2 l1d
16 63 6 l1d
7 42 3 l1d
21 6 0 l1d
7 14 0 l1d
16 19 5 l1d
6 44 7 l1d
0 17 7 l1d
6 43 6 l1d
11 40 8 l1d
23 28 4 l1d
11 0 0 l1d
20 16 1 l1d
3 53 7 l1d
10 34 3 l1d
18 18 1 l1d
18 58 3 l1d
24 30 2 l1d
21 58 7 l1d
17 26 8 l1d
12 54 7 l1d
5 45 3 l1d
11 53 6 l1d
25 61 2 l1d
19 52 5 l1d
30 25 0 l1d
31 64 0 l1d
19 13 8 l1d
31 59 7 l1d
21 7 4 l1d
30 48 3 l1d
0 34 7 l1d
