12 25 0 l1d
13 25 1 l1d
16 11 6 l1d
5 26 5 l1d
6 14 7 l1d
28 20 1 l1d
30 6 5 l1d
23 26 6 l1d
27 52 2 l1d
8 52 0 l1d
16 39 1 l1d
3 39 6 l1d
16 44 1 l1d
21 44 0 l1d
0 19 2 l1d
25 57 0 l1d
21 6 1 l1d
12 64 7 l1d
12 49 6 l1d
11 64 6 l1d
13 0 8 l1d
20 44 7 l1d
1 26 6 l1d
3 9 4 l1d
1 34 1 l1d
18 40 0 l1d
24 15 6 l1d
19 31 4 l1d
12 15 7 l1d
15 38 4 l1d
1 26 1 l1d
23 22 6 l1d
10 33 6 l1d
2 63 2 l1d
10 8 6 l1d
30 58 4 l1d
30 32 3 l1d
0 35 1 l1d
11 23 7 l1d
11 10 7 l1d
18 4 5 l1d
1 53 1 l1d
17 47 2 l1d
23 22 1 l1d
12 22 8 l1d
13 30 1 l1d
14 28 6 l1d
9 13 2 l1d
16 27 8 l1d
21 29 7 l1d
4 35 6 l1d
17 4 0 l1d
16 53 3 l1d
17 6 3 l1d
