27 27 1 l1d
5 4 4 l1d
22 59 3 l1d
20 28 6 l1d
25 45 5 l1d
22 37 0 l1d
32 50 1 l1d
30 61 8 l1d
19 36 2 l1d
0 21 2 l1d
18 0 4 l1d
9 3 3 l1d
31 8 7 l1d
6 51 7 l1d
5 6 3 l1d
13 62 6 l1d
1 3 5 l1d
21 35 0 l1d
26 56 1 l1d
14 31 5 l1d
31 28 1 l1d
1 13 0 l1d
28 51 3 l1d
16 53 6 l1d
5 29 4 l1d
17 26 4 l1d
14 6 1 l1d
5 49 6 l1d
21 36 0 l1d
16 63 2 l1d
16 54 3 l1d
0 55 1 l1d
19 8 4 l1d
31 7 0 l1d
16 53 7 l1d
25 7 0 l1d
32 25 3 l1d
14 44 7 l1d
11 34 7 l1d
12 17 2 l1d
10 43 8 l1d
12 51 4 l1d
25 48 0 l1d
14 1 4 l1d
30 34 5 l1d
1 19 3 l1d
32 41 8 l1d
11 59 1 l1d
23 33 5 l1d
2 8 7 l1d
9 64 3 l1d
4 14 7 l1d
13 37 2 l1d
10 26 0 l1d
4 31 4 l1d
4 19 6 l1d
9 26 8 l1d
10 30 3 l1d
31 31 0 l1d
12 27 7 l1d
20 8 1 l1d
18 7 8 l1d
31 27 7 l1d
13 47 1 l1d
11 11 2 l1d
3 61 4 l1d
32 58 8 l1d
30 51 1 l1d
1 6 6 l1d
22 7 1 l1d
11 15 3 l1d
26 20 5 l1d
9 22 8 l1d
3 20 7 l1d
27 52 3 l1d
9 47 4 l1d
32 45 2 l1d
23 58 5 l1d
1 20 7 l1d
15 14 1 l1d
11 53 2 l1d
25 7 0 l1d
11 63 1 l1d
17 40 6 l1d
10 23 8 l1d
31 47 3 l1d
23 17 5 l1d
21 43 0 l1d
5 2 4 l1d
9 1 0 l1d
4 1 8 l1d
1 29 1 l1d
15 63 7 l1d
7 54 8 l1d
4 9 1 l1d
21 56 0 l1d
28 4 3 l1d
10 29 6 l1d
23 32 3 l1d
10 10 1 l1d
15 31 3 l1d
11 39 5 l1d
0 13 6 l1d
26 55 7 l1d
22 28 2 l1d
23 41 8 l1d
31 64 1 l1d
1 14 1 l1d
28 44 3 l1d
12 4 8 l1d
8 7 8 l1d
16 47 6 l1d
17 35 2 l1d
19 36 3 l1d
30 27 2 l1d
16 46 2 l1d
0 31 3 l1d
9 45 5 l1d
6 40 8 l1d
31 28 4 l1d
22 58 7 l1d
28 36 4 l1d
16 29 0 l1d
2 45 6 l1d
31 59 3 l1d
3 63 8 l1d
31 39 0 l1d
17 27 3 l1d
18 3 3 l1d
17 16 7 l1d
32 13 1 l1d
0 8 7 l1d
26 15 5 l1d
6 40 0 l1d
28 41 8 l1d
8 52 5 l1d
18 32 7 l1d
8 7 5 l1d
24 39 1 l1d
13 39 8 l1d
22 35 3 l1d
20 57 8 l1d
6 17 8 l1d
4 43 4 l1d
13 28 6 l1d
24 48 3 l1d
31 19 5 l1d
9 63 1 l1d
19 18 4 l1d
21 3 4 l1d
17 57 8 l1d
9 19 0 l1d
32 41 3 l1d
20 59 8 l1d
22 33 8 l1d
6 32 6 l1d
27 44 3 l1d
30 61 7 l1d
24 22 8 l1d
10 60 8 l1d
10 19 7 l1d
12 59 7 l1d
24 44 0 l1d
25 14 1 l1d
3 54 7 l1d
23 54 3 l1d
11 52 4 l1d
9 8 0 l1d
2 20 5 l1d
11 15 4 l1d
14 18 4 l1d
23 21 2 l1d
4 30 2 l1d
11 37 4 l1d
6 42 7 l1d
18 32 0 l1d
2 53 4 l1d
4 58 1 l1d
7 24 5 l1d
18 59 8 l1d
15 61 6 l1d
22 46 7 l1d
8 26 7 l1d
26 2 2 l1d
0 15 7 l1d
21 35 1 l1d
27 51 5 l1d
10 42 0 l1d
18 21 3 l1d
15 10 5 l1d
17 13 0 l1d
17 14 0 l1d
7 13 3 l1d
16 51 3 l1d
30 16 5 l1d
9 50 1 l1d
20 35 6 l1d
7 11 4 l1d
30 1 3 l1d
22 38 1 l1d
14 10 7 l1d
3 64 1 l1d
16 35 3 l1d
22 64 0 l1d
20 7 3 l1d
16 51 8 l1d
12 32 2 l1d
30 3 1 l1d
22 18 3 l1d
2 52 8 l1d
10 25 6 l1d
21 57 1 l1d
24 34 7 l1d
0 37 5 l1d
19 33 8 l1d
13 18 7 l1d
9 47 8 l1d
0 15 2 l1d
28 26 8 l1d
24 32 6 l1d
24 49 5 l1d
31 43 6 l1d
7 19 0 l1d
17 63 4 l1d
2 60 0 l1d
14 17 8 l1d
5 58 8 l1d
14 29 3 l1d
25 10 4 l1d
9 33 8 l1d
8 36 0 l1d
29 4 7 l1d
18 58 1 l1d
3 14 6 l1d
3 34 2 l1d
32 5 0 l1d
31 45 2 l1d
27 62 2 l1d
13 9 5 l1d
26 13 0 l1d
24 29 5 l1d
30 11 5 l1d
21 52 6 l1d
8 64 0 l1d
24 40 5 l1d
10 23 7 l1d
17 55 4 l1d
4 60 1 l1d
29 49 2 l1d
6 11 3 l1d
6 23 4 l1d
14 4 4 l1d
17 22 5 l1d
27 51 0 l1d
20 50 8 l1d
21 27 5 l1d
