9 24 4 l1d
17 23 8 l1d
21 28 8 l1d
32 32 6 l1d
7 45 2 l1d
22 58 1 l1d
0 43 0 l1d
20 50 4 l1d
29 46 3 l1d
26 30 1 l1d
2 24 1 l1d
0 13 4 l1d
8 50 2 l1d
4 47 4 l1d
3 29 5 l1d
10 14 4 l1d
1 58 4 l1d
15 44 2 l1d
29 1 8 l1d
14 46 5 l1d
26 39 3 l1d
19 54 1 l1d
5 58 1 l1d
12 29 8 l1d
2 5 6 l1d
5 28 3 l1d
12 2 0 l1d
0 43 6 l1d
19 29 8 l1d
0 43 5 l1d
14 15 7 l1d
27 33 1 l1d
24 43 4 l1d
28 54 5 l1d
11 22 2 l1d
17 19 6 l1d
13 13 4 l1d
10 52 1 l1d
7 44 6 l1d
19 26 7 l1d
1 58 6 l1d
11 38 8 l1d
12 18 8 l1d
16 15 0 l1d
29 24 7 l1d
7 41 5 l1d
32 6 6 l1d
8 56 1 l1d
23 0 7 l1d
16 20 3 l1d
17 27 8 l1d
23 5 3 l1d
8 16 7 l1d
17 22 1 l1d
17 44 0 l1d
6 24 0 l1d
10 7 5 l1d
1 55 5 l1d
7 3 4 l1d
3 53 5 l1d
26 12 2 l1d
2 1 4 l1d
13 53 5 l1d
9 38 4 l1d
15 13 7 l1d
11 30 3 l1d
21 33 0 l1d
24 44 5 l1d
20 64 4 l1d
9 48 7 l1d
1 39 5 l1d
11 24 1 l1d
8 56 2 l1d
26 3 7 l1d
25 9 1 l1d
8 10 0 l1d
12 4 8 l1d
18 27 5 l1d
1 47 5 l1d
21 48 6 l1d
25 23 4 l1d
7 5 2 l1d
18 25 4 l1d
19 21 2 l1d
20 31 3 l1d
20 36 0 l1d
