32 33 2 l1d
18 54 7 l1d
7 54 7 l1d
28 57 5 l1d
0 20 2 l1d
22 12 3 l1d
4 27 5 l1d
5 38 1 l1d
3 8 6 l1d
27 22 0 l1d
8 17 8 l1d
6 41 3 l1d
16 48 6 l1d
16 22 1 l1d
32 19 0 l1d
9 40 2 l1d
32 46 7 l1d
16 61 2 l1d
25 4 2 l1d
29 1 0 l1d
31 56 6 l1d
5 18 3 l1d
18 62 1 l1d
24 38 3 l1d
25 32 8 l1d
7 19 7 l1d
8 41 6 l1d
18 59 2 l1d
9 52 8 l1d
22 18 3 l1d
14 20 1 l1d
32 60 4 l1d
12 36 3 l1d
32 9 3 l1d
23 20 2 l1d
10 12 1 l1d
20 4 8 l1d
26 61 1 l1d
12 62 4 l1d
13 20 2 l1d
6 10 1 l1d
13 56 7 l1d
27 41 5 l1d
2 0 4 l1d
0 45 6 l1d
2 61 7 l1d
32 64 1 l1d
22 30 8 l1d
11 24 3 l1d
3 18 3 l1d
26 55 1 l1d
30 3 4 l1d
4 53 0 l1d
20 28 4 l1d
9 62 5 l1d
20 38 5 l1d
12 5 5 l1d
26 2 7 l1d
25 30 0 l1d
2 20 7 l1d
24 14 8 l1d
32 39 0 l1d
29 21 4 l1d
20 11 3 l1d
3 47 5 l1d
26 51 8 l1d
26 15 4 l1d
11 56 6 l1d
20 19 2 l1d
17 47 4 l1d
6 33 4 l1d
13 37 8 l1d
13 9 1 l1d
28 52 0 l1d
21 32 3 l1d
22 47 6 l1d
2 17 4 l1d
4 5 6 l1d
7 26 5 l1d
0 1 4 l1d
5 51 1 l1d
4 42 6 l1d
25 27 5 l1d
13 17 4 l1d
