30 43 2 l1d
31 34 7 l1d
30 52 2 l1d
16 26 8 l1d
9 35 1 l1d
4 4 5 l1d
15 37 4 l1d
7 56 8 l1d
27 28 6 l1d
5 63 7 l1d
13 47 1 l1d
13 39 4 l1d
24 32 7 l1d
1 24 1 l1d
21 9 4 l1d
18 0 5 l1d
17 29 2 l1d
7 56 7 l1d
4 59 0 l1d
12 22 5 l1d
14 49 3 l1d
13 40 1 l1d
30 3 1 l1d
30 24 6 l1d
15 50 4 l1d
20 45 3 l1d
29 5 2 l1d
13 50 2 l1d
16 28 5 l1d
15 43 7 l1d
25 5 8 l1d
14 58 3 l1d
6 64 5 l1d
24 4 5 l1d
10 60 3 l1d
31 47 1 l1d
3 25 7 l1d
18 32 6 l1d
23 63 7 l1d
25 30 7 l1d
11 7 5 l1d
29 37 8 l1d
2 16 1 l1d
30 1 7 l1d
8 32 6 l1d
20 19 6 l1d
8 52 8 l1d
2 19 0 l1d
20 64 7 l1d
6 19 0 l1d
27 9 5 l1d
1 1 2 l1d
27 49 3 l1d
5 6 7 l1d
30 27 0 l1d
12 24 3 l1d
4 41 6 l1d
21 44 2 l1d
