20 2 0 l1d
13 23 3 l1d
30 45 5 l1d
26 24 1 l1d
24 45 1 l1d
12 38 0 l1d
25 28 8 l1d
15 38 0 l1d
10 22 6 l1d
19 17 2 l1d
8 63 6 l1d
2 40 5 l1d
19 63 0 l1d
28 2 1 l1d
0 12 3 l1d
11 25 1 l1d
5 51 3 l1d
26 46 5 l1d
15 31 7 l1d
30 42 3 l1d
14 8 7 l1d
26 60 8 l1d
9 21 7 l1d
23 64 2 l1d
29 48 8 l1d
14 26 8 l1d
30 53 3 l1d
23 17 3 l1d
28 10 8 l1d
2 47 2 l1d
23 64 8 l1d
10 6 6 l1d
30 46 5 l1d
13 8 5 l1d
21 3 6 l1d
18 44 0 l1d
13 25 2 l1d
2 22 2 l1d
23 43 6 l1d
2 23 1 l1d
17 1 8 l1d
21 42 7 l1d
16 4 8 l1d
9 21 5 l1d
4 29 8 l1d
16 40 2 l1d
17 14 5 l1d
23 12 0 l1d
32 0 4 l1d
18 42 5 l1d
5 7 2 l1d
32 12 3 l1d
16 55 8 l1d
2 44 8 l1d
13 48 3 l1d
24 30 6 l1d
10 16 8 l1d
25 56 4 l1d
21 44 0 l1d
15 3 1 l1d
31 17 0 l1d
1 13 4 l1d
18 39 1 l1d
9 17 4 l1d
21 29 4 l1d
21 29 2 l1d
27 0 6 l1d
6 1 0 l1d
30 53 0 l1d
28 18 2 l1d
16 20 7 l1d
11 41 0 l1d
11 14 2 l1d
28 7 4 l1d
26 39 5 l1d
22 46 7 l1d
8 49 5 l1d
13 35 4 l1d
19 23 2 l1d
19 33 6 l1d
10 0 2 l1d
15 1 8 l1d
14 11 2 l1d
1 10 3 l1d
26 61 0 l1d
4 0 5 l1d
19 59 8 l1d
16 43 7 l1d
12 41 1 l1d
26 57 4 l1d
13 28 5 l1d
15 53 5 l1d
29 57 1 l1d
2 27 3 l1d
2 16 2 l1d
2 44 5 l1d
23 20 4 l1d
2 43 0 l1d
3 26 6 l1d
27 45 5 l1d
