24 24 3 l1d
4 3 3 l1d
10 22 7 l1d
7 61 5 l1d
17 44 1 l1d
6 6 3 l1d
11 53 1 l1d
26 53 7 l1d
21 42 5 l1d
31 59 2 l1d
29 60 1 l1d
19 49 3 l1d
27 17 2 l1d
18 43 1 l1d
5 16 7 l1d
19 20 6 l1d
6 17 0 l1d
5 26 6 l1d
4 55 6 l1d
0 3 6 l1d
13 58 0 l1d
23 19 3 l1d
23 49 6 l1d
15 59 0 l1d
22 28 6 l1d
27 22 2 l1d
27 6 7 l1d
32 60 4 l1d
6 35 2 l1d
1 59 3 l1d
32 5 0 l1d
13 27 5 l1d
13 26 2 l1d
17 42 7 l1d
15 20 7 l1d
13 29 2 l1d
24 24 5 l1d
3 4 3 l1d
8 20 0 l1d
0 2 0 l1d
0 55 8 l1d
15 61 3 l1d
22 54 3 l1d
13 47 5 l1d
27 20 6 l1d
9 63 8 l1d
27 17 0 l1d
31 31 6 l1d
7 57 8 l1d
26 20 7 l1d
27 4 2 l1d
31 48 1 l1d
8 26 0 l1d
6 33 0 l1d
12 5 1 l1d
9 38 3 l1d
7 11 7 l1d
16 4 8 l1d
21 64 2 l1d
4 40 6 l1d
16 25 8 l1d
25 22 8 l1d
28 60 2 l1d
9 46 4 l1d
7 16 2 l1d
11 14 8 l1d
16 35 2 l1d
2 8 7 l1d
31 37 3 l1d
20 18 6 l1d
6 56 1 l1d
4 62 6 l1d
31 26 1 l1d
1 64 4 l1d
29 21 6 l1d
32 23 7 l1d
3 53 3 l1d
29 15 0 l1d
9 9 3 l1d
3 56 3 l1d
25 0 3 l1d
8 12 5 l1d
27 35 5 l1d
20 13 4 l1d
14 13 0 l1d
28 51 4 l1d
