6 49 5 l1d
1 7 3 l1d
17 8 1 l1d
13 46 3 l1d
26 34 5 l1d
11 35 6 l1d
1 33 3 l1d
17 64 0 l1d
0 8 5 l1d
29 27 2 l1d
2 45 8 l1d
26 4 7 l1d
25 2 5 l1d
30 53 6 l1d
21 56 0 l1d
0 33 6 l1d
30 53 2 l1d
26 62 6 l1d
28 19 1 l1d
11 46 0 l1d
32 20 7 l1d
20 12 4 l1d
32 25 5 l1d
11 38 6 l1d
3 30 3 l1d
21 48 4 l1d
14 62 2 l1d
24 62 6 l1d
18 54 5 l1d
1 36 8 l1d
13 35 3 l1d
13 56 2 l1d
16 54 5 l1d
25 57 7 l1d
4 59 8 l1d
24 50 6 l1d
32 26 8 l1d
15 32 1 l1d
15 10 5 l1d
17 49 3 l1d
3 23 0 l1d
12 61 7 l1d
31 32 4 l1d
8 52 1 l1d
2 4 2 l1d
11 59 0 l1d
3 46 8 l1d
31 3 1 l1d
10 16 1 l1d
9 26 7 l1d
25 1 8 l1d
2 42 1 l1d
18 49 3 l1d
11 45 8 l1d
0 1 5 l1d
32 2 0 l1d
30 42 3 l1d
32 13 2 l1d
3 19 7 l1d
15 50 7 l1d
30 18 6 l1d
19 38 6 l1d
3 27 4 l1d
28 54 6 l1d
18 37 3 l1d
22 5 4 l1d
26 63 0 l1d
29 53 1 l1d
4 53 7 l1d
12 48 5 l1d
18 23 5 l1d
2 11 8 l1d
25 58 6 l1d
14 43 4 l1d
8 49 2 l1d
21 6 0 l1d
9 11 4 l1d
6 27 7 l1d
19 26 2 l1d
7 20 7 l1d
11 11 4 l1d
15 11 4 l1d
16 4 6 l1d
26 29 4 l1d
10 8 1 l1d
18 11 4 l1d
7 29 1 l1d
12 18 3 l1d
9 50 3 l1d
20 53 2 l1d
32 29 8 l1d
3 13 6 l1d
29 8 2 l1d
7 63 5 l1d
25 24 8 l1d
30 37 7 l1d
21 38 5 l1d
16 24 1 l1d
8 18 2 l1d
20 0 4 l1d
28 46 7 l1d
17 50 0 l1d
25 45 0 l1d
29 32 2 l1d
12 20 7 l1d
23 58 4 l1d
7 4 3 l1d
2 53 3 l1d
3 34 8 l1d
0 58 7 l1d
15 35 0 l1d
3 28 7 l1d
22 38 0 l1d
2 51 1 l1d
30 0 7 l1d
13 46 8 l1d
27 58 7 l1d
23 3 4 l1d
5 18 8 l1d
29 48 7 l1d
23 21 1 l1d
30 5 0 l1d
0 11 6 l1d
17 56 7 l1d
15 61 6 l1d
10 56 1 l1d
7 28 1 l1d
26 10 5 l1d
23 18 5 l1d
28 6 1 l1d
7 1 6 l1d
26 0 3 l1d
2 45 3 l1d
19 48 4 l1d
17 63 2 l1d
8 49 3 l1d
3 9 1 l1d
11 21 3 l1d
26 4 3 l1d
23 45 3 l1d
21 5 1 l1d
31 11 2 l1d
9 14 4 l1d
27 47 6 l1d
2 6 0 l1d
30 9 0 l1d
27 11 7 l1d
16 2 2 l1d
28 4 7 l1d
26 11 2 l1d
9 56 0 l1d
26 41 7 l1d
23 46 4 l1d
6 42 7 l1d
10 1 7 l1d
30 56 6 l1d
2 40 1 l1d
25 45 5 l1d
9 48 5 l1d
8 30 3 l1d
25 60 3 l1d
5 57 3 l1d
22 56 4 l1d
19 53 4 l1d
22 49 7 l1d
14 35 6 l1d
15 48 1 l1d
17 58 5 l1d
20 64 8 l1d
4 17 6 l1d
22 47 7 l1d
19 45 8 l1d
