20 45 2 l1d
28 17 7 l1d
26 12 2 l1d
18 28 7 l1d
13 59 4 l1d
29 31 8 l1d
31 59 1 l1d
21 41 5 l1d
1 47 5 l1d
20 61 3 l1d
32 8 7 l1d
29 61 6 l1d
0 41 3 l1d
1 19 5 l1d
14 2 2 l1d
7 41 2 l1d
1 14 0 l1d
28 0 6 l1d
11 28 7 l1d
16 19 5 l1d
8 26 1 l1d
30 15 2 l1d
22 28 1 l1d
9 45 7 l1d
1 14 2 l1d
19 53 7 l1d
18 35 8 l1d
2 28 4 l1d
4 58 2 l1d
32 33 0 l1d
18 53 0 l1d
26 6 7 l1d
7 54 6 l1d
31 42 5 l1d
0 40 7 l1d
23 2 6 l1d
13 58 4 l1d
9 34 0 l1d
26 2 1 l1d
14 4 8 l1d
23 17 6 l1d
26 40 5 l1d
25 8 2 l1d
21 30 6 l1d
1 42 4 l1d
19 11 8 l1d
