14 46 5 l1d
24 63 7 l1d
3 55 5 l1d
27 13 0 l1d
6 58 8 l1d
2 20 7 l1d
17 42 7 l1d
32 34 4 l1d
8 41 0 l1d
32 51 4 l1d
29 45 0 l1d
30 56 3 l1d
11 11 2 l1d
27 25 3 l1d
4 27 6 l1d
1 0 4 l1d
29 1 1 l1d
14 18 0 l1d
20 44 6 l1d
13 37 7 l1d
19 58 4 l1d
19 5 8 l1d
4 52 8 l1d
19 49 2 l1d
8 56 2 l1d
30 17 3 l1d
32 58 0 l1d
16 3 8 l1d
26 58 0 l1d
11 57 4 l1d
11 18 3 l1d
23 44 5 l1d
19 13 4 l1d
11 1 0 l1d
20 46 5 l1d
14 55 5 l1d
10 51 0 l1d
31 48 8 l1d
14 18 2 l1d
19 49 5 l1d
27 48 1 l1d
11 28 3 l1d
19 15 2 l1d
23 55 4 l1d
28 12 8 l1d
28 11 2 l1d
0 31 7 l1d
14 40 2 l1d
23 26 1 l1d
4 43 3 l1d
18 11 1 l1d
10 12 0 l1d
30 31 8 l1d
32 63 3 l1d
22 27 3 l1d
8 36 8 l1d
27 58 2 l1d
10 55 6 l1d
1 16 6 l1d
7 28 6 l1d
26 8 0 l1d
13 30 4 l1d
8 34 0 l1d
32 2 6 l1d
5 27 2 l1d
11 34 5 l1d
2 36 3 l1d
19 21 0 l1d
28 3 8 l1d
15 28 7 l1d
22 43 8 l1d
20 13 5 l1d
24 3 8 l1d
31 23 6 l1d
3 2 2 l1d
23 50 2 l1d
29 13 2 l1d
21 59 8 l1d
5 19 5 l1d
4 8 0 l1d
7 34 2 l1d
19 5 4 l1d
30 42 0 l1d
14 20 0 l1d
29 51 6 l1d
32 25 4 l1d
0 6 0 l1d
29 53 6 l1d
16 14 7 l1d
7 3 2 l1d
28 63 7 l1d
16 44 8 l1d
20 54 1 l1d
16 22 8 l1d
