26 16 8 l1d
9 55 1 l1d
26 10 4 l1d
28 5 2 l1d
25 22 6 l1d
20 30 1 l1d
8 21 5 l1d
4 10 3 l1d
14 3 3 l1d
2 31 3 l1d
22 38 4 l1d
9 4 6 l1d
15 63 2 l1d
28 5 7 l1d
5 4 0 l1d
6 32 0 l1d
12 23 1 l1d
28 15 0 l1d
2 9 1 l1d
28 61 0 l1d
8 59 8 l1d
8 53 2 l1d
24 11 2 l1d
1 18 8 l1d
13 42 7 l1d
23 4 1 l1d
29 41 4 l1d
30 44 6 l1d
24 18 0 l1d
21 63 5 l1d
9 39 8 l1d
31 46 6 l1d
13 62 6 l1d
5 56 8 l1d
6 60 1 l1d
18 16 0 l1d
16 23 4 l1d
22 50 3 l1d
29 41 1 l1d
10 58 7 l1d
30 61 4 l1d
6 46 8 l1d
11 49 2 l1d
14 54 5 l1d
4 38 2 l1d
28 61 1 l1d
