15 21 0 l1d
8 11 4 l1d
0 52 7 l1d
2 6 0 l1d
0 4 4 l1d
31 32 4 l1d
12 60 3 l1d
31 2 8 l1d
5 35 1 l1d
18 57 3 l1d
22 47 2 l1d
32 50 7 l1d
19 18 6 l1d
26 12 6 l1d
1 21 4 l1d
28 13 3 l1d
27 29 0 l1d
27 15 2 l1d
18 33 8 l1d
29 4 8 l1d
29 18 1 l1d
32 25 1 l1d
16 58 4 l1d
32 34 6 l1d
11 41 6 l1d
10 56 5 l1d
9 10 6 l1d
22 15 3 l1d
12 60 6 l1d
17 31 4 l1d
4 5 4 l1d
18 29 0 l1d
9 29 5 l1d
23 54 5 l1d
32 11 7 l1d
15 18 6 l1d
25 31 0 l1d
0 29 3 l1d
4 23 3 l1d
18 25 4 l1d
3 1 4 l1d
0 14 6 l1d
24 47 3 l1d
17 32 3 l1d
19 4 6 l1d
18 60 2 l1d
5 61 4 l1d
21 32 7 l1d
8 2 6 l1d
30 33 8 l1d
13 6 0 l1d
16 31 4 l1d
23 22 7 l1d
25 55 2 l1d
6 16 7 l1d
20 11 8 l1d
