23 62 5 l1d
25 23 1 l1d
2 32 3 l1d
28 18 0 l1d
1 37 4 l1d
23 31 8 l1d
10 53 4 l1d
7 13 1 l1d
11 14 0 l1d
20 21 1 l1d
8 55 6 l1d
16 21 0 l1d
17 45 8 l1d
3 9 7 l1d
16 20 1 l1d
4 28 8 l1d
25 22 4 l1d
24 48 0 l1d
30 8 4 l1d
28 22 4 l1d
22 32 2 l1d
1 19 8 l1d
16 18 7 l1d
24 19 5 l1d
10 63 7 l1d
10 26 8 l1d
13 7 7 l1d
6 61 7 l1d
1 15 2 l1d
10 9 7 l1d
21 54 1 l1d
21 27 0 l1d
25 37 7 l1d
27 63 8 l1d
11 33 4 l1d
6 21 6 l1d
21 5 8 l1d
3 11 1 l1d
32 14 6 l1d
22 21 0 l1d
30 28 8 l1d
21 53 7 l1d
12 49 0 l1d
20 33 8 l1d
