3 63 6 l1d
9 38 1 l1d
18 46 7 l1d
9 17 0 l1d
4 12 0 l1d
8 17 2 l1d
15 51 3 l1d
13 22 8 l1d
24 62 2 l1d
0 17 6 l1d
7 18 6 l1d
31 30 3 l1d
6 39 8 l1d
29 47 6 l1d
11 63 6 l1d
15 23 7 l1d
19 23 0 l1d
17 17 8 l1d
4 15 2 l1d
8 45 8 l1d
2 2 2 l1d
11 1 6 l1d
17 57 0 l1d
9 43 8 l1d
27 1 2 l1d
26 9 7 l1d
25 30 4 l1d
11 62 4 l1d
11 2 3 l1d
6 13 7 l1d
13 14 4 l1d
0 57 7 l1d
32 4 7 l1d
15 62 1 l1d
4 9 4 l1d
10 4 3 l1d
28 4 6 l1d
0 61 0 l1d
1 55 6 l1d
6 22 5 l1d
28 20 6 l1d
29 7 1 l1d
10 64 8 l1d
12 55 5 l1d
0 59 7 l1d
19 7 6 l1d
12 16 5 l1d
1 24 7 l1d
26 39 7 l1d
24 29 4 l1d
13 12 2 l1d
1 51 6 l1d
16 4 2 l1d
9 42 2 l1d
24 50 4 l1d
28 19 2 l1d
24 12 6 l1d
27 53 6 l1d
18 24 1 l1d
8 28 2 l1d
11 16 5 l1d
22 62 3 l1d
2 59 1 l1d
32 47 0 l1d
20 41 0 l1d
18 63 7 l1d
1 64 5 l1d
18 37 4 l1d
22 53 1 l1d
19 9 3 l1d
15 51 3 l1d
19 52 2 l1d
5 52 3 l1d
12 46 3 l1d
7 6 0 l1d
8 45 6 l1d
30 50 2 l1d
20 4 8 l1d
17 13 8 l1d
29 39 4 l1d
26 64 6 l1d
14 25 3 l1d
11 5 5 l1d
27 7 8 l1d
18 38 8 l1d
5 27 1 l1d
5 60 8 l1d
3 49 3 l1d
25 58 3 l1d
4 60 4 l1d
11 64 1 l1d
27 15 2 l1d
0 31 1 l1d
29 23 2 l1d
24 8 2 l1d
5 58 7 l1d
24 27 1 l1d
21 4 0 l1d
2 16 7 l1d
25 17 8 l1d
28 20 0 l1d
16 58 8 l1d
27 30 1 l1d
0 5 4 l1d
