3 1 1 l1d
29 30 7 l1d
21 33 3 l1d
5 33 6 l1d
13 20 5 l1d
25 30 7 l1d
12 2 0 l1d
24 7 0 l1d
24 19 5 l1d
31 3 1 l1d
9 30 2 l1d
5 44 3 l1d
17 29 6 l1d
26 4 8 l1d
31 62 4 l1d
26 54 3 l1d
27 42 7 l1d
32 2 6 l1d
27 18 1 l1d
19 49 0 l1d
17 54 3 l1d
19 57 1 l1d
12 32 3 l1d
32 43 0 l1d
19 17 2 l1d
14 17 8 l1d
16 2 4 l1d
11 58 1 l1d
30 64 7 l1d
25 29 6 l1d
13 18 8 l1d
16 33 1 l1d
23 31 4 l1d
9 62 6 l1d
17 24 5 l1d
17 3 0 l1d
5 1 5 l1d
14 45 0 l1d
27 42 6 l1d
19 47 2 l1d
31 39 6 l1d
31 52 5 l1d
31 49 0 l1d
16 37 3 l1d
1 21 7 l1d
0 30 5 l1d
9 50 2 l1d
1 45 0 l1d
17 53 3 l1d
5 34 4 l1d
1 49 0 l1d
14 36 5 l1d
1 29 1 l1d
32 11 6 l1d
19 18 0 l1d
21 12 6 l1d
29 47 1 l1d
3 49 8 l1d
6 44 6 l1d
18 15 1 l1d
18 38 3 l1d
26 13 2 l1d
7 20 0 l1d
3 22 3 l1d
29 10 2 l1d
12 55 0 l1d
30 30 6 l1d
22 60 1 l1d
21 64 7 l1d
14 52 4 l1d
5 42 1 l1d
7 46 4 l1d
31 3 1 l1d
2 8 3 l1d
29 17 4 l1d
27 31 3 l1d
21 9 0 l1d
9 10 0 l1d
3 19 3 l1d
9 24 2 l1d
8 46 7 l1d
27 5 0 l1d
5 4 0 l1d
2 6 3 l1d
6 22 1 l1d
13 58 7 l1d
11 25 8 l1d
8 21 6 l1d
14 11 5 l1d
17 34 0 l1d
13 1 5 l1d
23 17 1 l1d
26 49 3 l1d
0 61 6 l1d
12 62 6 l1d
10 26 8 l1d
21 51 0 l1d
20 44 5 l1d
15 56 2 l1d
18 32 8 l1d
5 4 3 l1d
19 22 4 l1d
15 29 8 l1d
25 5 8 l1d
31 3 8 l1d
32 29 5 l1d
22 1 3 l1d
7 41 6 l1d
27 21 0 l1d
16 32 8 l1d
11 52 6 l1d
23 44 3 l1d
