32 18 7 l1d
6 22 4 l1d
18 2 8 l1d
12 44 7 l1d
15 25 7 l1d
9 56 3 l1d
9 24 1 l1d
22 16 6 l1d
31 27 6 l1d
6 26 5 l1d
21 37 4 l1d
21 39 3 l1d
32 44 0 l1d
10 20 0 l1d
17 15 6 l1d
26 7 5 l1d
13 28 8 l1d
24 12 7 l1d
18 25 4 l1d
26 12 7 l1d
11 9 7 l1d
4 50 4 l1d
23 38 4 l1d
19 6 7 l1d
10 3 5 l1d
29 63 3 l1d
28 25 0 l1d
15 8 6 l1d
16 0 6 l1d
13 10 0 l1d
30 18 4 l1d
27 38 7 l1d
18 55 6 l1d
0 5 8 l1d
10 36 0 l1d
27 52 2 l1d
30 15 5 l1d
25 6 1 l1d
8 49 7 l1d
18 42 2 l1d
30 43 3 l1d
12 14 7 l1d
28 48 0 l1d
30 23 6 l1d
5 37 6 l1d
12 7 0 l1d
12 1 6 l1d
16 39 2 l1d
27 16 0 l1d
0 50 7 l1d
10 4 1 l1d
2 7 0 l1d
0 61 3 l1d
29 48 5 l1d
