14 17 1 l1d
19 54 6 l1d
23 24 6 l1d
28 21 2 l1d
27 9 8 l1d
2 53 3 l1d
17 4 1 l1d
9 8 2 l1d
0 40 3 l1d
25 2 4 l1d
3 4 5 l1d
31 20 8 l1d
1 52 3 l1d
6 1 5 l1d
18 54 4 l1d
25 2 2 l1d
20 51 8 l1d
0 55 5 l1d
3 16 4 l1d
25 30 8 l1d
28 33 7 l1d
17 47 8 l1d
3 15 8 l1d
5 5 4 l1d
2 46 6 l1d
17 45 5 l1d
27 7 1 l1d
0 46 1 l1d
8 38 5 l1d
6 60 4 l1d
12 11 2 l1d
12 38 6 l1d
15 23 5 l1d
2 61 7 l1d
23 51 2 l1d
26 10 6 l1d
27 2 2 l1d
0 60 4 l1d
32 6 8 l1d
8 41 5 l1d
16 56 7 l1d
23 26 4 l1d
12 37 1 l1d
0 21 8 l1d
13 5 8 l1d
28 32 7 l1d
19 60 0 l1d
22 56 0 l1d
21 52 3 l1d
1 19 2 l1d
3 16 6 l1d
8 26 0 l1d
5 21 4 l1d
8 34 2 l1d
29 30 7 l1d
23 31 7 l1d
27 26 2 l1d
1 23 3 l1d
23 22 7 l1d
24 60 6 l1d
23 5 4 l1d
9 26 1 l1d
13 62 2 l1d
12 37 4 l1d
15 20 8 l1d
21 20 3 l1d
0 26 4 l1d
20 58 7 l1d
24 3 2 l1d
3 24 2 l1d
21 35 3 l1d
10 56 1 l1d
19 26 4 l1d
10 37 8 l1d
10 33 4 l1d
19 24 5 l1d
32 33 7 l1d
28 56 8 l1d
3 0 5 l1d
6 58 2 l1d
22 2 0 l1d
19 55 3 l1d
27 53 6 l1d
10 53 1 l1d
6 27 6 l1d
28 48 0 l1d
8 58 3 l1d
21 11 8 l1d
6 13 1 l1d
8 48 8 l1d
28 27 3 l1d
3 42 6 l1d
1 25 7 l1d
23 22 0 l1d
25 46 7 l1d
29 43 3 l1d
4 20 6 l1d
3 37 7 l1d
13 23 8 l1d
21 26 5 l1d
