19 12 5 l1d
20 13 7 l1d
32 41 2 l1d
12 3 1 l1d
10 39 3 l1d
3 33 6 l1d
11 20 7 l1d
28 58 6 l1d
30 17 1 l1d
22 52 8 l1d
13 61 4 l1d
19 59 5 l1d
30 51 8 l1d
13 60 4 l1d
10 62 2 l1d
20 11 2 l1d
6 46 5 l1d
4 50 8 l1d
9 63 4 l1d
24 58 4 l1d
17 53 4 l1d
0 39 4 l1d
26 52 3 l1d
7 53 5 l1d
26 23 4 l1d
23 25 7 l1d
9 36 1 l1d
5 56 8 l1d
28 6 4 l1d
16 64 7 l1d
0 55 5 l1d
13 24 7 l1d
28 64 3 l1d
31 30 2 l1d
23 16 2 l1d
19 51 7 l1d
25 14 6 l1d
10 28 7 l1d
9 24 1 l1d
19 50 8 l1d
5 61 4 l1d
21 63 5 l1d
20 42 3 l1d
30 46 4 l1d
