1 62 5 l1d
16 19 1 l1d
17 4 3 l1d
12 2 3 l1d
21 52 6 l1d
17 26 8 l1d
4 19 1 l1d
32 28 6 l1d
15 16 0 l1d
26 49 8 l1d
28 48 8 l1d
31 7 5 l1d
29 39 0 l1d
11 2 4 l1d
1 9 5 l1d
20 13 8 l1d
9 33 7 l1d
30 28 4 l1d
20 2 0 l1d
22 1 0 l1d
25 0 3 l1d
8 7 0 l1d
4 64 7 l1d
0 16 1 l1d
2 17 8 l1d
19 19 1 l1d
22 3 5 l1d
2 11 1 l1d
20 26 3 l1d
16 6 5 l1d
32 0 6 l1d
24 44 0 l1d
25 19 3 l1d
23 55 4 l1d
15 1 8 l1d
28 38 6 l1d
7 12 8 l1d
12 63 8 l1d
21 41 4 l1d
28 23 3 l1d
22 24 8 l1d
28 1 5 l1d
7 57 8 l1d
20 22 3 l1d
20 44 5 l1d
20 33 2 l1d
7 51 3 l1d
5 61 5 l1d
