27 3 0 l1d
10 49 7 l1d
29 4 8 l1d
15 32 1 l1d
7 35 7 l1d
29 7 2 l1d
14 3 5 l1d
16 33 3 l1d
17 46 4 l1d
28 0 6 l1d
12 2 8 l1d
13 26 1 l1d
15 5 1 l1d
23 19 6 l1d
13 49 2 l1d
20 59 1 l1d
31 10 4 l1d
24 48 1 l1d
7 8 1 l1d
6 6 6 l1d
13 7 0 l1d
18 53 7 l1d
13 47 2 l1d
12 13 0 l1d
4 28 7 l1d
23 35 8 l1d
19 35 1 l1d
7 18 6 l1d
4 12 2 l1d
11 15 5 l1d
12 39 0 l1d
22 36 7 l1d
8 53 6 l1d
3 38 4 l1d
29 59 7 l1d
5 20 2 l1d
0 20 5 l1d
14 60 2 l1d
21 59 3 l1d
31 43 4 l1d
12 51 0 l1d
3 41 8 l1d
2 53 4 l1d
18 49 6 l1d
