0 27 3 l1d
31 29 6 l1d
13 30 0 l1d
16 21 0 l1d
19 24 1 l1d
18 17 4 l1d
29 42 2 l1d
15 63 2 l1d
32 35 7 l1d
23 58 2 l1d
11 13 5 l1d
21 35 4 l1d
11 29 5 l1d
19 54 1 l1d
26 55 5 l1d
28 0 2 l1d
19 63 8 l1d
15 11 8 l1d
8 8 5 l1d
7 7 4 l1d
0 1 3 l1d
9 5 0 l1d
12 22 7 l1d
32 62 6 l1d
0 34 4 l1d
28 51 1 l1d
3 22 8 l1d
14 57 8 l1d
32 15 4 l1d
28 8 4 l1d
8 13 0 l1d
5 0 2 l1d
8 52 4 l1d
23 63 0 l1d
32 25 4 l1d
16 37 2 l1d
27 41 6 l1d
1 57 1 l1d
9 35 3 l1d
6 8 6 l1d
22 61 7 l1d
21 35 3 l1d
6 60 3 l1d
32 55 1 l1d
26 36 6 l1d
6 64 8 l1d
22 20 7 l1d
24 31 2 l1d
5 59 6 l1d
6 33 1 l1d
8 53 4 l1d
10 19 4 l1d
15 7 6 l1d
23 11 7 l1d
32 13 1 l1d
28 11 2 l1d
28 62 3 l1d
30 57 8 l1d
8 6 6 l1d
10 64 5 l1d
21 53 0 l1d
21 20 0 l1d
0 7 5 l1d
32 7 1 l1d
26 26 8 l1d
23 26 4 l1d
27 32 4 l1d
29 47 6 l1d
9 54 7 l1d
1 52 5 l1d
2 37 5 l1d
12 47 2 l1d
9 63 4 l1d
5 63 8 l1d
12 36 8 l1d
24 19 3 l1d
10 52 0 l1d
26 11 0 l1d
16 39 2 l1d
26 13 7 l1d
8 24 2 l1d
2 41 6 l1d
4 43 0 l1d
13 46 8 l1d
14 59 5 l1d
13 50 8 l1d
26 26 0 l1d
18 1 3 l1d
13 13 8 l1d
27 29 6 l1d
9 38 6 l1d
30 6 6 l1d
5 35 6 l1d
5 45 0 l1d
30 49 6 l1d
1 43 1 l1d
23 56 1 l1d
7 15 0 l1d
4 0 5 l1d
10 15 0 l1d
21 60 6 l1d
3 0 2 l1d
0 28 1 l1d
3 47 3 l1d
26 55 4 l1d
13 52 3 l1d
18 51 2 l1d
24 17 5 l1d
15 21 4 l1d
18 54 1 l1d
15 18 2 l1d
28 57 2 l1d
6 40 6 l1d
6 52 8 l1d
19 19 4 l1d
30 21 0 l1d
11 51 5 l1d
20 54 8 l1d
8 7 5 l1d
15 36 0 l1d
31 4 3 l1d
27 15 2 l1d
28 13 6 l1d
20 53 2 l1d
2 44 0 l1d
17 19 7 l1d
32 30 6 l1d
22 4 8 l1d
28 21 3 l1d
16 55 8 l1d
25 58 3 l1d
4 32 8 l1d
5 29 5 l1d
8 44 1 l1d
17 58 7 l1d
11 7 6 l1d
1 18 1 l1d
26 10 3 l1d
13 49 8 l1d
23 22 8 l1d
16 32 2 l1d
21 31 3 l1d
5 33 8 l1d
0 40 6 l1d
6 25 5 l1d
6 43 8 l1d
31 28 2 l1d
32 59 4 l1d
0 21 1 l1d
11 32 4 l1d
19 64 3 l1d
21 15 0 l1d
19 3 0 l1d
6 24 4 l1d
3 20 5 l1d
5 46 4 l1d
32 7 8 l1d
20 38 1 l1d
14 63 4 l1d
30 15 0 l1d
