7 32 7 l1d
24 35 6 l1d
5 43 1 l1d
19 59 3 l1d
7 18 2 l1d
7 42 2 l1d
32 30 7 l1d
27 22 5 l1d
8 23 8 l1d
5 46 7 l1d
31 16 4 l1d
15 40 3 l1d
30 40 4 l1d
20 46 8 l1d
15 58 4 l1d
26 28 0 l1d
18 14 1 l1d
29 2 3 l1d
12 14 2 l1d
23 52 4 l1d
27 5 1 l1d
2 27 1 l1d
23 33 4 l1d
1 5 5 l1d
29 4 5 l1d
3 11 2 l1d
23 0 4 l1d
22 43 2 l1d
11 32 0 l1d
14 34 3 l1d
10 14 8 l1d
7 16 5 l1d
28 58 1 l1d
30 57 8 l1d
16 57 1 l1d
26 7 7 l1d
22 7 0 l1d
25 40 8 l1d
13 26 3 l1d
19 26 4 l1d
4 6 1 l1d
20 54 2 l1d
6 30 6 l1d
11 39 8 l1d
20 30 1 l1d
3 53 7 l1d
14 27 6 l1d
14 63 2 l1d
2 5 7 l1d
11 38 1 l1d
2 48 8 l1d
17 60 5 l1d
1 40 2 l1d
8 29 0 l1d
19 58 3 l1d
7 5 0 l1d
1 64 1 l1d
29 59 6 l1d
18 0 0 l1d
22 59 3 l1d
8 48 8 l1d
21 13 3 l1d
3 59 1 l1d
29 57 2 l1d
16 24 6 l1d
10 11 0 l1d
25 32 6 l1d
7 9 1 l1d
2 58 1 l1d
4 64 3 l1d
31 56 7 l1d
24 24 1 l1d
13 46 0 l1d
5 23 1 l1d
27 8 1 l1d
2 59 3 l1d
24 42 2 l1d
0 42 1 l1d
15 54 5 l1d
21 48 1 l1d
26 16 1 l1d
8 57 3 l1d
1 18 4 l1d
8 11 8 l1d
0 52 6 l1d
16 54 2 l1d
8 57 2 l1d
1 37 2 l1d
7 14 4 l1d
30 36 7 l1d
2 8 0 l1d
29 49 4 l1d
22 37 0 l1d
24 34 3 l1d
29 20 6 l1d
17 52 1 l1d
12 60 6 l1d
28 40 8 l1d
13 14 1 l1d
8 44 7 l1d
20 52 5 l1d
10 60 8 l1d
10 60 3 l1d
15 26 0 l1d
31 13 6 l1d
8 10 8 l1d
