27 48 5 l1d
6 11 3 l1d
6 37 5 l1d
8 10 3 l1d
11 56 0 l1d
11 63 1 l1d
28 47 1 l1d
2 42 6 l1d
17 25 0 l1d
25 6 3 l1d
30 22 2 l1d
28 27 2 l1d
29 15 7 l1d
28 24 4 l1d
2 13 3 l1d
16 14 6 l1d
8 27 3 l1d
32 4 0 l1d
26 16 7 l1d
6 17 3 l1d
24 8 7 l1d
26 50 5 l1d
31 15 4 l1d
18 51 5 l1d
23 45 6 l1d
24 50 5 l1d
31 30 7 l1d
5 11 4 l1d
14 30 0 l1d
24 1 0 l1d
0 23 7 l1d
9 43 1 l1d
11 21 2 l1d
4 11 6 l1d
9 58 7 l1d
3 33 4 l1d
9 37 0 l1d
24 47 0 l1d
9 40 7 l1d
26 54 8 l1d
17 56 5 l1d
24 30 2 l1d
4 30 8 l1d
4 7 7 l1d
2 3 4 l1d
9 3 7 l1d
23 14 3 l1d
10 8 4 l1d
10 34 8 l1d
15 14 4 l1d
12 34 4 l1d
23 12 6 l1d
16 28 1 l1d
7 3 2 l1d
9 14 1 l1d
30 13 5 l1d
3 64 1 l1d
28 52 6 l1d
2 24 4 l1d
8 12 2 l1d
21 37 7 l1d
22 58 3 l1d
0 13 2 l1d
31 8 4 l1d
23 55 7 l1d
2 10 2 l1d
16 20 6 l1d
23 36 4 l1d
5 30 1 l1d
7 33 7 l1d
8 44 8 l1d
24 31 4 l1d
10 64 5 l1d
20 12 3 l1d
1 34 5 l1d
23 42 2 l1d
4 28 0 l1d
4 29 1 l1d
1 18 8 l1d
7 60 0 l1d
32 37 2 l1d
8 60 7 l1d
22 53 4 l1d
27 42 0 l1d
