20 14 5 l1d
26 55 6 l1d
12 19 2 l1d
29 3 6 l1d
32 46 2 l1d
6 31 2 l1d
13 62 0 l1d
22 50 5 l1d
21 2 7 l1d
14 10 6 l1d
27 9 0 l1d
30 47 6 l1d
16 32 1 l1d
6 54 6 l1d
4 29 4 l1d
19 30 5 l1d
2 29 3 l1d
32 30 5 l1d
19 5 0 l1d
17 45 1 l1d
20 49 7 l1d
30 6 0 l1d
15 58 1 l1d
25 43 2 l1d
26 41 8 l1d
5 15 8 l1d
18 28 0 l1d
1 1 4 l1d
25 34 7 l1d
18 42 2 l1d
5 12 3 l1d
32 38 4 l1d
18 18 5 l1d
0 33 7 l1d
20 28 6 l1d
4 26 6 l1d
15 8 7 l1d
12 4 7 l1d
7 9 4 l1d
24 47 0 l1d
11 62 6 l1d
21 0 2 l1d
4 25 8 l1d
0 17 7 l1d
10 47 7 l1d
31 58 0 l1d
31 20 0 l1d
20 43 0 l1d
18 35 7 l1d
3 64 4 l1d
4 41 1 l1d
27 35 2 l1d
