11 3 0 l1d
22 46 6 l1d
16 1 7 l1d
25 28 2 l1d
1 0 4 l1d
24 27 6 l1d
12 49 5 l1d
19 16 7 l1d
6 9 6 l1d
28 16 3 l1d
17 40 1 l1d
20 11 5 l1d
30 58 0 l1d
0 0 5 l1d
23 46 5 l1d
14 55 3 l1d
19 54 7 l1d
23 53 1 l1d
5 63 6 l1d
27 42 0 l1d
3 15 1 l1d
22 50 0 l1d
31 55 0 l1d
32 54 8 l1d
4 26 4 l1d
8 8 4 l1d
8 2 5 l1d
29 30 2 l1d
4 30 6 l1d
8 36 8 l1d
18 4 1 l1d
26 23 3 l1d
11 36 2 l1d
6 38 3 l1d
14 45 7 l1d
7 40 3 l1d
9 48 3 l1d
13 51 7 l1d
6 18 5 l1d
2 11 5 l1d
16 36 6 l1d
9 32 7 l1d
31 19 3 l1d
11 54 2 l1d
29 43 1 l1d
18 56 2 l1d
4 17 0 l1d
30 13 2 l1d
3 58 0 l1d
0 45 5 l1d
29 5 0 l1d
18 55 5 l1d
0 28 7 l1d
28 15 7 l1d
19 1 6 l1d
15 26 4 l1d
27 3 1 l1d
3 1 2 l1d
2 49 4 l1d
26 44 2 l1d
13 39 8 l1d
4 57 5 l1d
20 37 8 l1d
6 21 4 l1d
15 24 8 l1d
4 35 5 l1d
4 64 1 l1d
8 56 3 l1d
7 9 5 l1d
30 29 8 l1d
22 53 6 l1d
10 39 8 l1d
10 58 8 l1d
16 45 4 l1d
21 49 7 l1d
5 4 0 l1d
21 7 5 l1d
11 2 1 l1d
7 46 0 l1d
22 64 6 l1d
11 5 5 l1d
12 45 3 l1d
6 10 1 l1d
14 37 7 l1d
27 50 4 l1d
26 23 8 l1d
32 28 5 l1d
32 1 8 l1d
8 4 4 l1d
32 6 2 l1d
1 17 1 l1d
28 20 6 l1d
