30 4 8 l1d
30 45 2 l1d
7 57 5 l1d
15 15 2 l1d
11 60 3 l1d
3 13 6 l1d
28 6 4 l1d
20 13 3 l1d
5 44 6 l1d
15 61 1 l1d
12 43 8 l1d
23 34 5 l1d
18 15 5 l1d
16 34 6 l1d
7 38 5 l1d
13 56 2 l1d
18 41 6 l1d
8 55 6 l1d
23 55 8 l1d
17 20 6 l1d
28 12 4 l1d
31 13 7 l1d
4 57 6 l1d
11 53 3 l1d
28 61 4 l1d
11 38 3 l1d
21 55 8 l1d
13 0 3 l1d
15 56 8 l1d
3 58 0 l1d
11 13 8 l1d
22 11 8 l1d
0 38 4 l1d
2 14 4 l1d
3 31 5 l1d
13 38 0 l1d
6 14 2 l1d
24 55 8 l1d
13 22 2 l1d
9 34 3 l1d
13 0 8 l1d
8 55 6 l1d
14 38 1 l1d
8 47 0 l1d
16 12 0 l1d
17 25 7 l1d
4 45 4 l1d
25 11 6 l1d
6 17 6 l1d
0 21 2 l1d
29 50 8 l1d
18 6 4 l1d
21 13 8 l1d
15 27 5 l1d
31 9 3 l1d
17 11 5 l1d
31 34 1 l1d
27 1 0 l1d
1 2 0 l1d
14 18 0 l1d
10 13 1 l1d
28 57 7 l1d
31 55 1 l1d
11 40 3 l1d
3 62 6 l1d
0 31 7 l1d
2 20 0 l1d
30 59 8 l1d
18 25 7 l1d
29 31 3 l1d
28 55 6 l1d
24 57 0 l1d
16 12 0 l1d
25 20 4 l1d
30 37 1 l1d
4 53 1 l1d
5 11 8 l1d
22 12 7 l1d
12 8 8 l1d
28 52 2 l1d
26 50 3 l1d
24 51 1 l1d
12 60 6 l1d
8 9 8 l1d
21 51 4 l1d
20 24 6 l1d
5 30 4 l1d
11 43 4 l1d
1 35 8 l1d
11 27 8 l1d
16 25 0 l1d
7 11 7 l1d
0 51 0 l1d
31 16 7 l1d
28 7 0 l1d
30 38 1 l1d
3 49 5 l1d
6 57 4 l1d
28 5 8 l1d
2 48 6 l1d
1 39 8 l1d
0 9 2 l1d
10 52 8 l1d
6 56 2 l1d
2 62 3 l1d
1 29 1 l1d
24 64 1 l1d
8 22 5 l1d
3 41 4 l1d
28 23 7 l1d
28 21 0 l1d
30 61 0 l1d
27 56 3 l1d
7 41 5 l1d
1 2 7 l1d
17 38 8 l1d
16 12 6 l1d
10 1 4 l1d
32 45 0 l1d
23 8 5 l1d
28 11 5 l1d
27 24 6 l1d
26 64 3 l1d
27 26 8 l1d
25 35 3 l1d
14 22 8 l1d
30 15 3 l1d
9 16 6 l1d
13 2 1 l1d
31 42 7 l1d
1 13 5 l1d
21 62 7 l1d
9 50 4 l1d
32 43 7 l1d
3 12 8 l1d
32 58 7 l1d
30 51 2 l1d
26 19 6 l1d
10 60 8 l1d
26 5 2 l1d
11 15 1 l1d
7 43 6 l1d
26 0 7 l1d
2 22 7 l1d
31 30 8 l1d
9 32 0 l1d
19 58 5 l1d
12 11 8 l1d
24 25 7 l1d
17 27 1 l1d
10 59 6 l1d
19 41 7 l1d
31 22 5 l1d
24 13 8 l1d
