20 41 5 l1d
12 6 1 l1d
0 6 3 l1d
16 41 4 l1d
28 26 6 l1d
15 53 8 l1d
8 32 8 l1d
29 25 6 l1d
4 20 5 l1d
3 52 4 l1d
32 33 8 l1d
17 30 4 l1d
22 31 2 l1d
5 27 7 l1d
6 13 4 l1d
14 24 4 l1d
21 52 1 l1d
22 33 0 l1d
29 61 7 l1d
2 18 0 l1d
13 45 5 l1d
11 38 4 l1d
31 43 2 l1d
2 44 4 l1d
14 9 8 l1d
8 23 8 l1d
25 21 1 l1d
16 40 1 l1d
17 36 8 l1d
16 33 7 l1d
25 23 7 l1d
20 54 7 l1d
24 20 3 l1d
11 11 4 l1d
3 20 0 l1d
18 43 3 l1d
6 31 4 l1d
29 44 0 l1d
17 2 0 l1d
30 35 3 l1d
31 54 0 l1d
18 2 7 l1d
0 5 7 l1d
11 40 4 l1d
24 23 0 l1d
27 34 6 l1d
29 25 1 l1d
19 39 2 l1d
24 43 3 l1d
12 61 3 l1d
17 43 2 l1d
22 27 8 l1d
3 25 7 l1d
32 28 6 l1d
11 32 5 l1d
18 64 7 l1d
29 44 7 l1d
21 26 3 l1d
19 50 1 l1d
8 61 3 l1d
8 23 3 l1d
3 1 5 l1d
14 61 3 l1d
12 50 8 l1d
32 22 4 l1d
18 48 1 l1d
15 44 1 l1d
15 36 1 l1d
23 5 5 l1d
9 46 8 l1d
7 5 4 l1d
29 6 1 l1d
15 27 8 l1d
22 22 2 l1d
