25 12 8 l1d
3 42 3 l1d
4 58 6 l1d
8 28 0 l1d
17 57 6 l1d
25 37 1 l1d
28 5 1 l1d
31 46 2 l1d
28 23 8 l1d
7 25 7 l1d
19 26 0 l1d
2 5 3 l1d
19 14 5 l1d
1 47 1 l1d
9 36 3 l1d
15 13 7 l1d
23 18 2 l1d
26 26 7 l1d
17 29 6 l1d
32 59 6 l1d
32 55 5 l1d
7 33 7 l1d
0 59 4 l1d
3 45 5 l1d
29 15 3 l1d
28 1 6 l1d
22 57 1 l1d
1 11 3 l1d
4 30 8 l1d
6 0 4 l1d
23 19 3 l1d
19 55 1 l1d
13 61 8 l1d
32 32 2 l1d
21 14 8 l1d
14 55 7 l1d
26 50 0 l1d
0 36 7 l1d
27 27 0 l1d
23 2 7 l1d
18 44 0 l1d
5 35 5 l1d
21 46 0 l1d
32 36 0 l1d
24 55 4 l1d
20 7 8 l1d
26 50 5 l1d
14 40 2 l1d
