18 2 4 l1d
18 28 5 l1d
9 46 6 l1d
29 56 7 l1d
25 26 5 l1d
30 11 3 l1d
10 50 8 l1d
19 13 3 l1d
19 57 1 l1d
7 59 6 l1d
28 40 7 l1d
19 2 7 l1d
0 22 7 l1d
16 15 2 l1d
17 11 4 l1d
26 29 7 l1d
25 27 7 l1d
24 5 2 l1d
10 39 0 l1d
11 26 8 l1d
6 64 8 l1d
5 38 5 l1d
11 58 1 l1d
15 18 1 l1d
21 23 3 l1d
9 53 0 l1d
32 49 0 l1d
2 41 0 l1d
30 30 8 l1d
22 6 5 l1d
26 56 0 l1d
27 41 8 l1d
10 34 0 l1d
26 51 2 l1d
32 3 4 l1d
22 9 8 l1d
16 35 6 l1d
32 39 4 l1d
25 52 3 l1d
14 7 1 l1d
6 59 3 l1d
2 1 6 l1d
13 29 3 l1d
1 61 2 l1d
10 21 3 l1d
12 27 3 l1d
20 60 8 l1d
24 38 4 l1d
6 61 0 l1d
4 29 8 l1d
23 47 0 l1d
1 11 8 l1d
31 23 2 l1d
7 8 7 l1d
28 29 1 l1d
13 45 6 l1d
22 11 0 l1d
2 51 4 l1d
14 54 1 l1d
2 7 5 l1d
23 45 7 l1d
13 7 5 l1d
7 51 0 l1d
9 45 3 l1d
1 52 8 l1d
24 39 2 l1d
24 25 1 l1d
27 56 0 l1d
8 58 2 l1d
29 63 6 l1d
17 36 5 l1d
8 54 6 l1d
28 25 3 l1d
16 50 0 l1d
29 60 7 l1d
13 10 0 l1d
2 63 5 l1d
20 16 0 l1d
19 16 7 l1d
16 13 5 l1d
0 6 5 l1d
29 52 2 l1d
31 59 6 l1d
21 13 3 l1d
4 22 2 l1d
8 24 3 l1d
20 24 3 l1d
20 59 3 l1d
7 14 7 l1d
17 55 8 l1d
15 42 5 l1d
21 38 7 l1d
6 33 7 l1d
14 63 2 l1d
21 9 2 l1d
13 61 6 l1d
12 16 0 l1d
13 49 4 l1d
21 56 7 l1d
12 4 4 l1d
18 31 6 l1d
14 24 6 l1d
0 26 2 l1d
11 60 8 l1d
26 61 4 l1d
23 26 3 l1d
27 7 0 l1d
19 3 4 l1d
23 22 7 l1d
10 8 7 l1d
14 6 6 l1d
21 47 8 l1d
13 49 5 l1d
14 33 4 l1d
19 3 8 l1d
16 33 4 l1d
14 63 6 l1d
5 38 1 l1d
5 58 0 l1d
21 21 3 l1d
29 24 7 l1d
11 56 8 l1d
13 50 1 l1d
6 61 0 l1d
20 24 0 l1d
28 8 7 l1d
22 41 3 l1d
5 27 3 l1d
28 3 6 l1d
23 52 2 l1d
32 24 1 l1d
9 18 1 l1d
