28 8 3 l1d
27 9 7 l1d
22 24 0 l1d
3 53 2 l1d
10 29 2 l1d
23 31 1 l1d
3 54 2 l1d
19 55 7 l1d
24 59 0 l1d
5 57 5 l1d
3 53 2 l1d
23 29 6 l1d
29 35 6 l1d
11 6 2 l1d
6 26 5 l1d
25 39 0 l1d
0 4 2 l1d
14 14 2 l1d
30 20 8 l1d
20 35 3 l1d
12 17 2 l1d
30 55 6 l1d
1 13 7 l1d
0 15 1 l1d
16 63 3 l1d
19 11 5 l1d
17 3 3 l1d
18 58 8 l1d
20 58 0 l1d
11 6 4 l1d
13 59 1 l1d
0 42 2 l1d
0 19 3 l1d
0 64 7 l1d
13 22 1 l1d
3 32 5 l1d
24 51 4 l1d
31 8 5 l1d
21 53 5 l1d
0 37 2 l1d
1 15 6 l1d
21 29 3 l1d
30 11 8 l1d
30 45 5 l1d
9 18 1 l1d
27 3 2 l1d
