20 8 1 l1d
7 32 8 l1d
25 58 5 l1d
4 14 1 l1d
4 52 2 l1d
5 7 2 l1d
21 50 7 l1d
8 53 1 l1d
25 28 0 l1d
29 28 4 l1d
20 9 3 l1d
13 26 4 l1d
27 28 5 l1d
13 60 6 l1d
2 38 1 l1d
15 14 2 l1d
18 42 1 l1d
17 24 7 l1d
31 38 3 l1d
8 64 8 l1d
9 8 7 l1d
13 62 1 l1d
28 19 3 l1d
4 19 4 l1d
1 22 6 l1d
25 61 1 l1d
1 52 5 l1d
9 54 3 l1d
2 2 2 l1d
4 21 7 l1d
12 41 4 l1d
10 32 2 l1d
21 48 6 l1d
15 27 6 l1d
32 10 0 l1d
32 7 0 l1d
32 52 1 l1d
13 40 7 l1d
3 36 7 l1d
27 23 1 l1d
11 53 1 l1d
10 56 5 l1d
12 32 8 l1d
9 22 7 l1d
26 20 7 l1d
24 61 5 l1d
9 9 0 l1d
13 23 7 l1d
4 54 5 l1d
2 56 5 l1d
28 42 1 l1d
4 43 0 l1d
