25 1 2 l1d
15 39 2 l1d
30 16 4 l1d
28 54 2 l1d
31 20 8 l1d
12 49 7 l1d
1 61 3 l1d
9 61 7 l1d
14 57 3 l1d
0 42 0 l1d
2 21 1 l1d
18 48 7 l1d
22 8 6 l1d
8 46 3 l1d
22 22 8 l1d
24 7 4 l1d
0 62 7 l1d
24 36 2 l1d
4 60 0 l1d
5 49 0 l1d
13 27 0 l1d
3 38 8 l1d
2 58 5 l1d
3 37 6 l1d
24 52 1 l1d
23 5 4 l1d
11 32 6 l1d
27 25 5 l1d
0 60 5 l1d
28 47 4 l1d
2 30 6 l1d
17 6 5 l1d
19 0 5 l1d
13 9 0 l1d
23 61 4 l1d
32 23 5 l1d
28 35 1 l1d
1 44 2 l1d
0 9 0 l1d
6 35 6 l1d
27 51 3 l1d
26 6 5 l1d
14 59 7 l1d
12 12 0 l1d
16 26 6 l1d
10 27 6 l1d
24 53 6 l1d
3 57 0 l1d
14 25 1 l1d
31 33 4 l1d
14 22 8 l1d
12 14 8 l1d
6 42 7 l1d
7 42 8 l1d
18 22 4 l1d
31 53 2 l1d
9 23 7 l1d
21 37 6 l1d
15 50 5 l1d
14 43 6 l1d
29 12 2 l1d
24 1 4 l1d
14 22 8 l1d
25 46 8 l1d
26 21 3 l1d
15 43 7 l1d
25 63 1 l1d
12 26 8 l1d
10 8 3 l1d
6 0 6 l1d
17 31 6 l1d
7 42 4 l1d
29 57 4 l1d
24 25 0 l1d
8 24 7 l1d
10 34 0 l1d
32 1 3 l1d
5 33 6 l1d
5 7 4 l1d
22 21 1 l1d
30 40 2 l1d
21 32 0 l1d
10 39 1 l1d
20 35 1 l1d
8 49 4 l1d
25 52 7 l1d
6 41 1 l1d
30 54 4 l1d
15 13 5 l1d
8 43 5 l1d
3 37 4 l1d
31 33 2 l1d
30 6 8 l1d
26 42 8 l1d
21 40 5 l1d
4 0 3 l1d
7 24 0 l1d
21 12 0 l1d
21 38 3 l1d
16 38 1 l1d
24 32 2 l1d
29 57 2 l1d
28 12 2 l1d
13 42 7 l1d
10 15 0 l1d
24 58 2 l1d
2 14 0 l1d
6 18 1 l1d
2 7 6 l1d
25 0 6 l1d
21 51 6 l1d
2 53 8 l1d
14 17 5 l1d
5 27 6 l1d
1 28 1 l1d
14 16 5 l1d
11 14 7 l1d
9 17 3 l1d
16 52 1 l1d
23 31 8 l1d
14 50 8 l1d
18 8 0 l1d
22 54 4 l1d
9 60 1 l1d
6 41 8 l1d
22 18 7 l1d
20 4 2 l1d
12 60 5 l1d
21 8 6 l1d
18 29 7 l1d
16 47 7 l1d
12 46 0 l1d
23 34 4 l1d
18 51 7 l1d
10 42 6 l1d
30 1 2 l1d
25 45 4 l1d
15 21 6 l1d
3 0 0 l1d
13 52 0 l1d
29 30 4 l1d
15 29 6 l1d
32 61 0 l1d
8 62 5 l1d
31 3 1 l1d
27 19 1 l1d
