21 30 2 l1d
4 17 2 l1d
1 17 1 l1d
30 62 5 l1d
15 48 3 l1d
7 42 7 l1d
28 11 1 l1d
30 12 5 l1d
31 45 7 l1d
15 59 3 l1d
30 35 2 l1d
13 60 2 l1d
4 27 6 l1d
21 51 3 l1d
8 2 5 l1d
27 2 2 l1d
1 0 6 l1d
18 42 1 l1d
7 16 4 l1d
19 34 3 l1d
16 5 3 l1d
28 32 4 l1d
9 40 0 l1d
8 1 8 l1d
19 26 1 l1d
6 43 0 l1d
28 12 8 l1d
27 26 6 l1d
27 9 5 l1d
19 15 8 l1d
12 10 2 l1d
32 59 3 l1d
30 37 5 l1d
20 51 6 l1d
1 59 5 l1d
15 39 8 l1d
11 29 7 l1d
5 34 4 l1d
20 25 3 l1d
22 3 0 l1d
7 45 2 l1d
31 5 7 l1d
32 1 5 l1d
31 42 0 l1d
20 43 5 l1d
13 32 8 l1d
23 57 2 l1d
25 28 1 l1d
3 45 6 l1d
4 25 1 l1d
31 35 3 l1d
8 20 1 l1d
3 47 4 l1d
7 56 1 l1d
4 40 2 l1d
27 62 2 l1d
17 60 4 l1d
2 20 7 l1d
8 23 1 l1d
22 35 4 l1d
32 19 6 l1d
15 56 4 l1d
8 21 7 l1d
19 48 7 l1d
14 38 3 l1d
10 40 2 l1d
0 17 1 l1d
29 11 4 l1d
4 59 7 l1d
18 53 8 l1d
14 39 5 l1d
24 39 0 l1d
0 46 3 l1d
32 40 1 l1d
15 11 0 l1d
4 13 1 l1d
5 47 4 l1d
24 19 3 l1d
