2 12 5 l1d
15 59 5 l1d
26 51 5 l1d
15 35 7 l1d
25 40 6 l1d
1 32 5 l1d
22 31 8 l1d
14 54 1 l1d
22 9 2 l1d
30 37 4 l1d
13 6 7 l1d
15 61 5 l1d
28 36 1 l1d
7 21 4 l1d
6 38 8 l1d
30 42 6 l1d
17 18 0 l1d
14 47 1 l1d
1 60 6 l1d
20 17 7 l1d
30 56 3 l1d
20 40 5 l1d
3 7 6 l1d
23 2 6 l1d
7 4 5 l1d
15 23 5 l1d
25 58 2 l1d
17 14 6 l1d
25 30 4 l1d
9 15 6 l1d
21 52 5 l1d
5 49 6 l1d
0 18 1 l1d
13 14 3 l1d
8 63 0 l1d
22 57 7 l1d
19 19 8 l1d
1 59 5 l1d
4 49 8 l1d
26 56 0 l1d
24 30 3 l1d
10 50 5 l1d
13 0 8 l1d
21 41 5 l1d
12 12 5 l1d
18 36 5 l1d
