4 33 5 l1d
29 63 6 l1d
19 25 6 l1d
17 2 1 l1d
19 53 5 l1d
6 38 4 l1d
19 60 3 l1d
1 35 5 l1d
17 53 2 l1d
7 21 4 l1d
16 38 0 l1d
15 9 1 l1d
23 1 0 l1d
21 56 0 l1d
19 32 0 l1d
25 59 7 l1d
31 49 7 l1d
17 30 2 l1d
31 39 5 l1d
30 31 0 l1d
4 36 4 l1d
3 52 0 l1d
3 8 4 l1d
20 20 3 l1d
29 52 3 l1d
11 3 0 l1d
23 53 5 l1d
4 64 0 l1d
16 14 8 l1d
16 32 6 l1d
23 62 0 l1d
16 9 7 l1d
15 49 7 l1d
14 19 6 l1d
7 5 4 l1d
0 0 8 l1d
1 27 1 l1d
27 49 1 l1d
15 38 1 l1d
10 38 5 l1d
2 49 1 l1d
26 1 6 l1d
23 41 0 l1d
7 27 0 l1d
26 52 6 l1d
31 26 2 l1d
10 13 0 l1d
31 30 7 l1d
28 9 2 l1d
30 64 8 l1d
11 0 3 l1d
10 46 2 l1d
9 42 2 l1d
6 10 3 l1d
17 37 4 l1d
28 32 0 l1d
19 23 2 l1d
22 31 1 l1d
