29 29 1 l1d
3 64 0 l1d
31 27 5 l1d
19 13 2 l1d
15 37 3 l1d
1 28 2 l1d
30 53 4 l1d
16 52 8 l1d
29 40 7 l1d
9 7 0 l1d
3 4 2 l1d
13 61 5 l1d
23 32 0 l1d
16 32 3 l1d
5 43 1 l1d
11 17 6 l1d
23 19 4 l1d
23 10 5 l1d
8 30 4 l1d
30 21 5 l1d
7 4 5 l1d
10 3 3 l1d
26 4 1 l1d
32 60 6 l1d
31 39 3 l1d
7 48 3 l1d
19 4 0 l1d
16 13 7 l1d
28 3 5 l1d
25 44 2 l1d
9 62 4 l1d
10 5 4 l1d
15 49 5 l1d
9 35 2 l1d
5 28 7 l1d
13 3 2 l1d
28 21 8 l1d
5 47 1 l1d
20 33 8 l1d
21 12 6 l1d
0 55 5 l1d
2 8 8 l1d
22 38 2 l1d
11 15 4 l1d
