22 47 0 l1d
19 59 6 l1d
3 45 6 l1d
9 15 4 l1d
8 21 1 l1d
1 31 3 l1d
20 2 1 l1d
7 54 3 l1d
24 4 6 l1d
26 26 7 l1d
15 8 5 l1d
21 34 8 l1d
1 53 8 l1d
23 38 0 l1d
3 38 8 l1d
1 14 1 l1d
8 20 1 l1d
4 49 8 l1d
1 18 5 l1d
15 44 6 l1d
20 13 3 l1d
28 28 2 l1d
2 6 5 l1d
6 43 5 l1d
1 55 2 l1d
29 3 2 l1d
15 13 2 l1d
10 49 7 l1d
15 13 2 l1d
12 9 3 l1d
8 22 1 l1d
0 63 5 l1d
8 48 0 l1d
8 39 5 l1d
21 19 6 l1d
22 42 1 l1d
6 20 2 l1d
32 26 0 l1d
1 7 3 l1d
16 10 4 l1d
5 19 1 l1d
3 1 3 l1d
16 33 0 l1d
29 12 1 l1d
1 23 0 l1d
28 4 2 l1d
0 39 0 l1d
32 30 1 l1d
7 55 4 l1d
30 9 0 l1d
29 28 0 l1d
7 32 0 l1d
30 4 8 l1d
17 45 5 l1d
5 46 2 l1d
7 48 6 l1d
10 2 8 l1d
8 15 2 l1d
20 17 5 l1d
30 38 0 l1d
24 41 4 l1d
5 26 4 l1d
32 3 3 l1d
26 21 7 l1d
15 11 0 l1d
11 29 4 l1d
18 46 7 l1d
32 21 0 l1d
16 54 0 l1d
32 58 6 l1d
27 62 6 l1d
13 47 4 l1d
5 60 5 l1d
5 12 7 l1d
6 39 7 l1d
32 23 4 l1d
29 21 8 l1d
7 42 4 l1d
24 60 7 l1d
23 10 0 l1d
10 4 7 l1d
2 61 4 l1d
26 39 4 l1d
30 60 8 l1d
15 11 5 l1d
23 61 8 l1d
5 43 5 l1d
1 24 0 l1d
2 42 7 l1d
1 16 1 l1d
11 46 1 l1d
26 11 8 l1d
