8 60 3 l1d
30 34 8 l1d
9 57 7 l1d
23 27 2 l1d
1 15 1 l1d
19 61 4 l1d
14 23 1 l1d
24 61 7 l1d
26 62 4 l1d
13 30 7 l1d
7 19 4 l1d
18 50 0 l1d
2 18 7 l1d
13 55 4 l1d
8 30 8 l1d
30 49 4 l1d
27 16 1 l1d
11 15 7 l1d
18 20 5 l1d
21 37 6 l1d
15 32 0 l1d
5 10 6 l1d
10 49 5 l1d
30 28 6 l1d
15 45 5 l1d
31 60 1 l1d
1 30 6 l1d
14 53 7 l1d
26 15 5 l1d
31 26 0 l1d
15 16 4 l1d
14 16 6 l1d
19 58 8 l1d
25 11 7 l1d
25 30 1 l1d
1 42 1 l1d
4 45 2 l1d
11 57 8 l1d
27 13 8 l1d
11 52 4 l1d
2 34 1 l1d
28 52 8 l1d
2 0 4 l1d
5 18 4 l1d
8 45 0 l1d
10 56 1 l1d
9 54 2 l1d
25 11 3 l1d
4 64 1 l1d
10 23 3 l1d
24 50 5 l1d
26 48 6 l1d
14 46 1 l1d
11 6 7 l1d
9 3 0 l1d
7 42 3 l1d
0 49 2 l1d
3 34 7 l1d
27 46 5 l1d
11 45 3 l1d
9 26 5 l1d
9 12 5 l1d
23 4 5 l1d
14 50 5 l1d
15 58 8 l1d
23 35 4 l1d
5 13 3 l1d
16 14 3 l1d
24 16 5 l1d
1 61 4 l1d
10 43 3 l1d
27 62 7 l1d
5 46 6 l1d
24 39 3 l1d
6 62 8 l1d
30 48 1 l1d
19 35 5 l1d
4 19 4 l1d
5 2 5 l1d
28 43 7 l1d
4 47 6 l1d
1 56 8 l1d
6 23 8 l1d
9 46 2 l1d
28 28 0 l1d
21 39 2 l1d
1 46 7 l1d
3 11 5 l1d
29 32 5 l1d
10 20 0 l1d
20 14 3 l1d
20 8 3 l1d
14 38 5 l1d
30 45 6 l1d
26 48 5 l1d
23 41 5 l1d
16 15 3 l1d
21 27 4 l1d
8 6 7 l1d
26 41 6 l1d
15 50 5 l1d
9 9 4 l1d
13 43 5 l1d
11 10 1 l1d
18 12 3 l1d
23 19 1 l1d
5 3 4 l1d
1 55 4 l1d
25 32 6 l1d
17 20 8 l1d
0 23 2 l1d
7 3 8 l1d
27 43 5 l1d
3 15 8 l1d
0 37 8 l1d
1 43 2 l1d
19 15 1 l1d
5 53 3 l1d
8 33 7 l1d
24 27 1 l1d
8 48 5 l1d
15 45 2 l1d
25 54 4 l1d
25 11 7 l1d
30 58 6 l1d
18 24 8 l1d
12 49 4 l1d
13 5 3 l1d
9 44 4 l1d
1 55 8 l1d
26 5 3 l1d
20 42 1 l1d
12 45 8 l1d
9 33 6 l1d
16 38 6 l1d
30 64 0 l1d
12 50 3 l1d
4 13 8 l1d
14 51 0 l1d
1 42 1 l1d
8 49 0 l1d
7 57 2 l1d
28 21 5 l1d
14 29 4 l1d
31 3 7 l1d
19 48 0 l1d
18 14 8 l1d
0 26 0 l1d
17 30 0 l1d
23 0 7 l1d
20 26 2 l1d
30 48 8 l1d
21 38 3 l1d
31 29 7 l1d
13 43 2 l1d
31 16 1 l1d
32 48 6 l1d
31 2 6 l1d
13 33 6 l1d
17 50 8 l1d
19 13 1 l1d
26 12 0 l1d
6 12 6 l1d
31 35 8 l1d
30 52 4 l1d
6 4 8 l1d
14 63 5 l1d
19 1 8 l1d
32 59 2 l1d
22 7 2 l1d
25 60 8 l1d
7 31 2 l1d
11 42 6 l1d
29 0 0 l1d
13 41 1 l1d
6 9 8 l1d
26 4 1 l1d
22 2 4 l1d
21 37 8 l1d
3 61 5 l1d
8 38 6 l1d
5 6 6 l1d
0 44 0 l1d
32 52 5 l1d
19 55 1 l1d
19 56 5 l1d
0 62 7 l1d
6 38 7 l1d
