32 32 6 l1d
4 40 5 l1d
23 45 1 l1d
9 48 2 l1d
12 52 1 l1d
8 15 6 l1d
16 28 8 l1d
16 16 1 l1d
26 31 2 l1d
29 3 0 l1d
15 15 6 l1d
11 7 7 l1d
22 5 8 l1d
13 32 0 l1d
20 40 6 l1d
18 23 8 l1d
13 30 4 l1d
26 32 0 l1d
7 7 5 l1d
23 53 7 l1d
8 41 6 l1d
2 14 0 l1d
28 5 1 l1d
2 54 7 l1d
7 0 7 l1d
17 29 3 l1d
28 47 5 l1d
7 18 8 l1d
7 12 2 l1d
3 59 0 l1d
28 22 3 l1d
8 3 1 l1d
17 55 6 l1d
13 41 5 l1d
25 24 0 l1d
15 44 1 l1d
5 53 3 l1d
6 45 4 l1d
9 43 1 l1d
28 22 2 l1d
7 25 0 l1d
21 49 2 l1d
26 47 2 l1d
14 31 4 l1d
32 24 0 l1d
13 51 2 l1d
6 46 8 l1d
27 31 4 l1d
22 11 8 l1d
7 1 0 l1d
32 50 6 l1d
20 55 2 l1d
20 9 3 l1d
1 50 3 l1d
5 37 3 l1d
8 60 1 l1d
23 30 5 l1d
32 24 0 l1d
7 62 4 l1d
30 5 8 l1d
24 25 3 l1d
11 38 3 l1d
23 1 7 l1d
20 1 0 l1d
12 17 2 l1d
12 6 3 l1d
16 7 0 l1d
11 36 4 l1d
12 62 6 l1d
28 4 4 l1d
1 20 2 l1d
22 15 1 l1d
3 5 7 l1d
7 37 4 l1d
2 20 5 l1d
10 33 1 l1d
22 23 4 l1d
12 50 1 l1d
9 47 4 l1d
12 46 6 l1d
29 44 4 l1d
7 56 4 l1d
30 9 3 l1d
13 30 7 l1d
12 35 3 l1d
22 40 3 l1d
22 56 7 l1d
0 23 3 l1d
11 40 5 l1d
8 58 3 l1d
15 9 2 l1d
32 62 5 l1d
17 5 4 l1d
32 57 7 l1d
27 32 5 l1d
20 26 3 l1d
28 58 6 l1d
30 20 2 l1d
5 44 1 l1d
10 59 1 l1d
17 4 7 l1d
29 42 5 l1d
1 32 3 l1d
24 46 2 l1d
27 55 0 l1d
4 11 4 l1d
2 4 0 l1d
5 57 4 l1d
6 6 0 l1d
32 62 3 l1d
27 26 5 l1d
6 32 4 l1d
18 22 2 l1d
11 56 4 l1d
18 52 8 l1d
10 36 6 l1d
15 4 5 l1d
30 41 5 l1d
