20 56 5 l1d
25 0 3 l1d
23 61 1 l1d
15 29 0 l1d
11 45 1 l1d
17 40 6 l1d
6 33 1 l1d
20 26 7 l1d
9 28 2 l1d
16 64 1 l1d
7 30 2 l1d
28 5 1 l1d
16 21 4 l1d
32 22 1 l1d
30 56 0 l1d
9 8 1 l1d
6 34 4 l1d
26 38 2 l1d
21 19 6 l1d
7 8 5 l1d
8 22 3 l1d
2 47 8 l1d
12 46 0 l1d
6 13 8 l1d
4 61 1 l1d
6 30 2 l1d
29 51 2 l1d
13 17 5 l1d
25 41 0 l1d
13 53 6 l1d
16 34 5 l1d
15 8 3 l1d
14 47 1 l1d
23 48 0 l1d
11 48 7 l1d
31 17 5 l1d
15 51 4 l1d
15 62 1 l1d
16 54 4 l1d
31 53 6 l1d
17 45 3 l1d
9 60 0 l1d
19 13 4 l1d
1 59 5 l1d
24 58 3 l1d
31 21 5 l1d
21 34 0 l1d
31 12 1 l1d
28 64 4 l1d
19 58 8 l1d
23 64 6 l1d
0 1 3 l1d
30 47 1 l1d
23 7 8 l1d
14 41 6 l1d
25 15 1 l1d
6 61 0 l1d
29 19 4 l1d
25 28 7 l1d
16 31 7 l1d
23 9 3 l1d
16 46 3 l1d
0 29 4 l1d
21 61 1 l1d
29 1 3 l1d
18 28 1 l1d
8 12 0 l1d
14 11 1 l1d
22 0 5 l1d
24 55 8 l1d
13 47 7 l1d
26 7 8 l1d
