7 46 6 l1d
7 37 6 l1d
19 18 4 l1d
32 48 0 l1d
12 8 1 l1d
28 11 3 l1d
31 23 5 l1d
25 51 4 l1d
16 27 1 l1d
24 52 3 l1d
22 32 1 l1d
25 44 0 l1d
0 19 7 l1d
10 25 6 l1d
23 0 5 l1d
23 16 8 l1d
12 25 5 l1d
32 40 1 l1d
13 57 4 l1d
2 16 6 l1d
27 34 6 l1d
10 61 6 l1d
21 36 1 l1d
25 52 5 l1d
10 14 7 l1d
6 16 0 l1d
2 8 8 l1d
31 53 1 l1d
1 45 0 l1d
6 60 0 l1d
17 61 6 l1d
21 38 7 l1d
4 58 3 l1d
5 36 3 l1d
1 12 8 l1d
21 23 0 l1d
6 37 4 l1d
31 11 7 l1d
11 58 8 l1d
23 41 2 l1d
19 2 0 l1d
13 8 5 l1d
13 21 6 l1d
2 4 7 l1d
14 49 8 l1d
26 22 5 l1d
27 44 0 l1d
17 20 0 l1d
18 60 3 l1d
18 48 8 l1d
20 34 3 l1d
26 39 4 l1d
21 13 0 l1d
8 9 8 l1d
27 27 6 l1d
24 61 1 l1d
9 28 5 l1d
30 27 5 l1d
22 19 4 l1d
30 5 1 l1d
15 19 8 l1d
15 56 6 l1d
20 4 3 l1d
3 50 3 l1d
30 5 1 l1d
17 62 2 l1d
2 17 5 l1d
17 3 7 l1d
21 0 7 l1d
18 21 4 l1d
8 58 2 l1d
30 30 4 l1d
22 35 6 l1d
10 13 7 l1d
20 60 7 l1d
22 48 5 l1d
4 18 5 l1d
23 55 3 l1d
12 44 4 l1d
22 21 5 l1d
19 39 0 l1d
18 36 2 l1d
4 4 2 l1d
21 62 2 l1d
29 34 6 l1d
8 8 1 l1d
3 55 7 l1d
20 9 5 l1d
1 26 0 l1d
31 63 7 l1d
2 24 1 l1d
10 63 3 l1d
25 17 0 l1d
3 20 4 l1d
18 62 2 l1d
25 57 3 l1d
23 21 0 l1d
23 14 6 l1d
20 34 1 l1d
6 10 2 l1d
20 40 1 l1d
26 0 3 l1d
11 1 3 l1d
21 32 0 l1d
