5 44 4 l1d
19 15 0 l1d
29 37 5 l1d
18 5 1 l1d
12 44 1 l1d
20 27 8 l1d
0 25 7 l1d
28 50 8 l1d
14 30 2 l1d
22 31 1 l1d
16 38 4 l1d
16 14 7 l1d
0 52 0 l1d
15 46 7 l1d
3 54 2 l1d
10 53 6 l1d
25 24 4 l1d
31 5 2 l1d
29 7 0 l1d
1 19 0 l1d
4 51 5 l1d
10 48 6 l1d
12 32 7 l1d
18 31 1 l1d
27 47 1 l1d
21 19 8 l1d
2 42 7 l1d
21 44 0 l1d
15 15 0 l1d
3 59 5 l1d
6 63 3 l1d
11 13 0 l1d
12 35 7 l1d
28 25 5 l1d
11 50 8 l1d
1 45 3 l1d
3 5 1 l1d
18 43 5 l1d
13 29 8 l1d
24 38 1 l1d
18 4 0 l1d
26 51 8 l1d
23 2 7 l1d
7 22 6 l1d
19 10 3 l1d
4 28 3 l1d
18 35 0 l1d
20 22 3 l1d
11 59 5 l1d
16 58 6 l1d
10 43 0 l1d
21 1 8 l1d
6 32 0 l1d
0 36 8 l1d
28 31 4 l1d
14 24 2 l1d
1 29 4 l1d
22 15 4 l1d
2 23 1 l1d
32 25 0 l1d
8 40 6 l1d
0 47 8 l1d
16 55 5 l1d
31 5 7 l1d
32 22 6 l1d
18 8 8 l1d
6 6 5 l1d
8 62 7 l1d
19 16 3 l1d
21 15 0 l1d
10 41 5 l1d
6 17 1 l1d
