22 46 1 l1d
1 47 8 l1d
27 32 7 l1d
22 64 5 l1d
26 43 1 l1d
30 48 7 l1d
0 57 7 l1d
0 3 2 l1d
21 31 6 l1d
28 23 6 l1d
27 15 1 l1d
10 39 8 l1d
25 6 6 l1d
28 6 5 l1d
5 12 0 l1d
13 32 2 l1d
1 10 8 l1d
8 41 2 l1d
7 9 7 l1d
30 47 7 l1d
30 38 3 l1d
18 21 8 l1d
16 49 2 l1d
9 57 7 l1d
10 55 7 l1d
25 54 0 l1d
31 44 3 l1d
22 55 7 l1d
22 64 4 l1d
22 44 0 l1d
17 18 2 l1d
21 37 0 l1d
28 29 8 l1d
16 10 0 l1d
30 22 0 l1d
32 34 6 l1d
3 13 5 l1d
32 25 6 l1d
23 18 2 l1d
1 45 2 l1d
27 31 8 l1d
8 9 0 l1d
18 43 4 l1d
10 55 0 l1d
17 10 0 l1d
28 12 8 l1d
5 40 0 l1d
3 2 5 l1d
2 35 4 l1d
16 2 4 l1d
28 45 0 l1d
25 59 4 l1d
22 35 0 l1d
5 21 0 l1d
