0 11 0 l1d
14 15 8 l1d
29 24 1 l1d
32 17 5 l1d
28 19 2 l1d
30 15 2 l1d
17 1 2 l1d
22 29 8 l1d
6 50 0 l1d
31 23 0 l1d
11 46 1 l1d
24 24 8 l1d
29 10 7 l1d
23 22 8 l1d
27 56 0 l1d
18 13 7 l1d
12 39 5 l1d
12 5 6 l1d
6 30 6 l1d
1 10 6 l1d
31 22 5 l1d
27 27 1 l1d
25 50 8 l1d
27 17 0 l1d
12 55 7 l1d
21 13 6 l1d
23 12 6 l1d
31 33 2 l1d
18 51 6 l1d
9 23 8 l1d
10 32 3 l1d
8 12 3 l1d
29 5 1 l1d
6 9 5 l1d
23 6 4 l1d
29 57 4 l1d
21 46 1 l1d
23 20 7 l1d
9 45 2 l1d
4 55 8 l1d
17 23 6 l1d
25 29 2 l1d
1 51 4 l1d
6 15 7 l1d
30 64 5 l1d
7 44 1 l1d
15 27 3 l1d
13 17 5 l1d
0 25 7 l1d
32 19 8 l1d
29 15 7 l1d
9 61 7 l1d
30 45 6 l1d
3 41 4 l1d
7 9 4 l1d
30 52 0 l1d
27 9 2 l1d
31 17 5 l1d
26 6 6 l1d
13 5 0 l1d
29 28 5 l1d
16 34 1 l1d
20 50 6 l1d
23 61 1 l1d
3 14 3 l1d
21 54 7 l1d
11 20 6 l1d
25 37 3 l1d
25 20 6 l1d
20 54 8 l1d
14 10 5 l1d
28 21 2 l1d
7 13 7 l1d
10 33 6 l1d
8 25 6 l1d
21 17 7 l1d
6 4 7 l1d
8 16 0 l1d
19 52 8 l1d
11 20 8 l1d
19 25 1 l1d
22 21 2 l1d
7 60 5 l1d
22 46 2 l1d
31 21 8 l1d
18 34 6 l1d
11 8 7 l1d
10 20 3 l1d
10 15 5 l1d
30 56 4 l1d
16 59 4 l1d
24 44 6 l1d
23 29 3 l1d
19 19 1 l1d
4 51 8 l1d
2 41 7 l1d
19 15 5 l1d
20 46 7 l1d
26 53 6 l1d
10 52 3 l1d
5 23 8 l1d
2 45 6 l1d
2 6 4 l1d
13 62 3 l1d
20 42 6 l1d
0 24 6 l1d
5 6 8 l1d
22 25 3 l1d
19 36 3 l1d
19 26 8 l1d
15 51 2 l1d
0 18 0 l1d
0 13 8 l1d
27 44 2 l1d
22 0 7 l1d
23 21 0 l1d
12 56 7 l1d
16 8 2 l1d
23 52 7 l1d
8 30 7 l1d
3 24 5 l1d
32 25 8 l1d
32 6 3 l1d
23 1 3 l1d
12 16 7 l1d
28 50 8 l1d
28 21 2 l1d
25 14 2 l1d
28 49 5 l1d
17 19 0 l1d
31 3 7 l1d
23 20 1 l1d
0 62 2 l1d
21 56 8 l1d
15 42 4 l1d
8 24 0 l1d
8 1 8 l1d
19 39 3 l1d
