22 28 7 l1d
31 53 3 l1d
26 20 4 l1d
13 1 4 l1d
2 0 4 l1d
28 17 8 l1d
21 12 2 l1d
19 46 4 l1d
11 12 0 l1d
32 30 6 l1d
32 38 2 l1d
26 3 2 l1d
11 35 4 l1d
25 19 0 l1d
5 34 6 l1d
27 49 3 l1d
24 50 2 l1d
0 56 6 l1d
19 0 8 l1d
19 25 7 l1d
30 7 2 l1d
11 54 6 l1d
23 52 0 l1d
24 15 8 l1d
19 11 6 l1d
1 22 4 l1d
4 16 4 l1d
25 19 6 l1d
19 36 8 l1d
29 9 1 l1d
20 34 5 l1d
14 59 4 l1d
12 3 3 l1d
30 16 6 l1d
10 39 5 l1d
19 6 0 l1d
1 28 7 l1d
24 26 5 l1d
30 19 3 l1d
22 41 1 l1d
26 54 0 l1d
3 9 4 l1d
0 13 2 l1d
21 4 5 l1d
20 9 1 l1d
24 47 3 l1d
8 11 1 l1d
24 17 6 l1d
19 40 2 l1d
14 46 3 l1d
8 40 4 l1d
18 35 5 l1d
6 9 5 l1d
31 42 3 l1d
30 47 6 l1d
23 8 3 l1d
29 21 8 l1d
18 37 0 l1d
10 32 8 l1d
30 8 6 l1d
17 40 6 l1d
6 55 1 l1d
13 60 4 l1d
8 53 7 l1d
23 3 7 l1d
0 64 6 l1d
23 29 6 l1d
20 40 3 l1d
5 37 6 l1d
3 22 8 l1d
9 15 6 l1d
22 32 3 l1d
