13 4 0 l1d
10 3 1 l1d
29 44 2 l1d
31 45 5 l1d
21 20 6 l1d
0 14 2 l1d
7 0 5 l1d
10 27 4 l1d
11 37 4 l1d
18 49 2 l1d
9 6 4 l1d
12 5 5 l1d
13 53 7 l1d
4 16 7 l1d
18 17 4 l1d
32 0 0 l1d
2 28 7 l1d
17 26 4 l1d
1 63 2 l1d
0 7 1 l1d
8 29 0 l1d
27 49 3 l1d
30 63 6 l1d
1 35 8 l1d
31 4 0 l1d
32 53 4 l1d
7 35 2 l1d
5 41 6 l1d
15 52 8 l1d
15 27 0 l1d
15 34 0 l1d
8 11 6 l1d
7 0 7 l1d
30 35 3 l1d
7 35 6 l1d
20 20 6 l1d
19 54 1 l1d
24 49 7 l1d
30 50 8 l1d
0 61 1 l1d
1 21 5 l1d
3 16 7 l1d
20 42 7 l1d
31 55 1 l1d
32 63 7 l1d
21 62 2 l1d
8 17 2 l1d
23 36 0 l1d
21 51 7 l1d
26 55 5 l1d
5 54 2 l1d
1 59 6 l1d
5 45 3 l1d
23 6 7 l1d
27 63 5 l1d
10 54 0 l1d
14 7 4 l1d
13 10 0 l1d
28 54 6 l1d
7 53 6 l1d
30 34 4 l1d
31 18 7 l1d
21 49 1 l1d
14 2 5 l1d
16 31 2 l1d
15 59 4 l1d
13 10 8 l1d
18 62 0 l1d
10 59 1 l1d
23 38 2 l1d
24 29 7 l1d
10 12 0 l1d
12 34 5 l1d
21 0 7 l1d
16 42 6 l1d
17 35 7 l1d
22 10 7 l1d
24 5 0 l1d
7 11 1 l1d
24 16 5 l1d
22 14 6 l1d
24 28 2 l1d
13 4 1 l1d
8 17 7 l1d
17 30 7 l1d
31 0 7 l1d
28 17 6 l1d
27 30 4 l1d
29 59 4 l1d
0 49 4 l1d
12 25 6 l1d
16 16 4 l1d
8 31 8 l1d
8 53 0 l1d
5 64 5 l1d
30 58 1 l1d
3 3 8 l1d
21 49 5 l1d
25 27 6 l1d
8 7 6 l1d
14 9 2 l1d
27 45 7 l1d
17 27 7 l1d
27 59 0 l1d
20 8 2 l1d
10 31 1 l1d
8 61 7 l1d
24 19 0 l1d
3 16 6 l1d
23 42 6 l1d
27 21 5 l1d
25 44 0 l1d
6 16 5 l1d
25 2 4 l1d
28 37 4 l1d
10 31 5 l1d
15 26 4 l1d
20 48 2 l1d
26 5 6 l1d
15 26 0 l1d
24 45 6 l1d
23 16 2 l1d
31 1 8 l1d
23 10 4 l1d
12 31 7 l1d
22 41 7 l1d
32 46 8 l1d
21 16 8 l1d
0 47 5 l1d
31 56 2 l1d
17 26 7 l1d
32 57 2 l1d
6 45 0 l1d
26 8 7 l1d
19 58 5 l1d
21 61 2 l1d
4 18 6 l1d
25 47 8 l1d
20 12 1 l1d
21 14 1 l1d
18 52 7 l1d
21 60 2 l1d
9 45 7 l1d
17 59 6 l1d
21 9 5 l1d
2 26 0 l1d
8 34 1 l1d
6 63 3 l1d
27 54 5 l1d
11 52 6 l1d
32 2 4 l1d
19 23 2 l1d
3 2 2 l1d
12 44 2 l1d
8 29 5 l1d
23 24 2 l1d
5 26 8 l1d
9 47 4 l1d
10 27 3 l1d
1 54 2 l1d
10 35 4 l1d
15 19 6 l1d
10 61 3 l1d
7 30 2 l1d
8 20 8 l1d
21 17 3 l1d
11 7 1 l1d
10 48 4 l1d
26 17 2 l1d
13 24 0 l1d
28 2 3 l1d
12 50 4 l1d
28 20 8 l1d
19 54 5 l1d
12 19 2 l1d
0 37 3 l1d
9 23 1 l1d
27 47 0 l1d
28 54 5 l1d
25 14 8 l1d
28 30 8 l1d
13 62 8 l1d
30 57 7 l1d
19 57 2 l1d
16 13 1 l1d
22 14 7 l1d
13 4 0 l1d
27 14 3 l1d
14 6 6 l1d
0 7 2 l1d
19 9 1 l1d
22 23 6 l1d
7 43 4 l1d
1 61 3 l1d
18 37 6 l1d
32 36 5 l1d
18 16 1 l1d
27 30 6 l1d
14 43 7 l1d
24 55 1 l1d
28 8 4 l1d
0 36 7 l1d
5 32 3 l1d
7 13 6 l1d
2 53 0 l1d
6 13 4 l1d
7 19 0 l1d
5 38 5 l1d
31 17 3 l1d
15 47 4 l1d
3 2 8 l1d
26 20 0 l1d
0 23 4 l1d
23 9 4 l1d
16 10 8 l1d
19 26 7 l1d
26 11 8 l1d
4 57 7 l1d
25 2 7 l1d
1 37 4 l1d
17 18 6 l1d
11 59 7 l1d
13 48 2 l1d
20 62 3 l1d
15 12 5 l1d
27 33 3 l1d
7 52 2 l1d
0 61 3 l1d
29 3 6 l1d
4 46 3 l1d
20 10 8 l1d
25 31 2 l1d
19 9 0 l1d
5 40 7 l1d
14 36 3 l1d
32 19 6 l1d
25 5 6 l1d
10 29 1 l1d
9 10 6 l1d
32 27 4 l1d
15 43 5 l1d
9 51 8 l1d
19 61 7 l1d
23 57 1 l1d
5 6 5 l1d
1 38 6 l1d
26 13 4 l1d
20 49 2 l1d
31 15 0 l1d
17 56 3 l1d
8 47 3 l1d
26 57 7 l1d
29 29 5 l1d
3 17 1 l1d
20 3 6 l1d
20 1 6 l1d
5 7 4 l1d
31 28 2 l1d
11 46 6 l1d
10 9 3 l1d
28 37 6 l1d
16 62 7 l1d
14 27 5 l1d
25 8 1 l1d
28 3 3 l1d
0 60 5 l1d
26 2 3 l1d
14 53 1 l1d
15 56 3 l1d
8 43 6 l1d
10 63 7 l1d
19 47 6 l1d
12 50 0 l1d
3 34 8 l1d
22 60 2 l1d
31 16 0 l1d
19 21 2 l1d
1 10 1 l1d
8 31 2 l1d
20 47 7 l1d
1 9 7 l1d
3 9 3 l1d
25 33 0 l1d
30 34 1 l1d
11 11 6 l1d
29 59 0 l1d
26 56 5 l1d
14 28 4 l1d
19 29 5 l1d
6 59 8 l1d
5 27 0 l1d
11 48 7 l1d
24 24 0 l1d
32 53 5 l1d
0 55 7 l1d
13 15 1 l1d
22 28 0 l1d
14 41 0 l1d
25 3 8 l1d
0 17 2 l1d
9 27 1 l1d
13 40 6 l1d
20 2 6 l1d
22 20 5 l1d
11 2 0 l1d
0 46 4 l1d
24 56 2 l1d
9 38 6 l1d
21 9 3 l1d
21 7 3 l1d
29 47 1 l1d
11 23 3 l1d
31 44 6 l1d
28 2 0 l1d
20 3 2 l1d
32 19 3 l1d
31 30 0 l1d
28 41 6 l1d
4 59 2 l1d
25 63 0 l1d
24 12 3 l1d
21 19 3 l1d
3 58 3 l1d
12 22 3 l1d
20 59 3 l1d
24 21 0 l1d
24 64 8 l1d
10 8 0 l1d
13 21 6 l1d
22 57 6 l1d
23 19 7 l1d
25 18 6 l1d
15 7 8 l1d
29 43 4 l1d
18 34 7 l1d
14 12 4 l1d
5 40 6 l1d
11 8 8 l1d
5 25 7 l1d
11 13 0 l1d
29 12 2 l1d
9 39 1 l1d
27 10 4 l1d
27 38 5 l1d
30 19 6 l1d
29 43 0 l1d
13 11 2 l1d
5 20 3 l1d
19 0 1 l1d
32 35 1 l1d
13 40 3 l1d
10 44 1 l1d
3 26 3 l1d
10 7 6 l1d
9 15 2 l1d
11 32 6 l1d
13 64 7 l1d
28 52 1 l1d
25 39 5 l1d
25 51 1 l1d
12 24 7 l1d
28 16 7 l1d
17 24 6 l1d
23 29 8 l1d
30 53 4 l1d
21 34 6 l1d
23 27 0 l1d
1 30 2 l1d
1 3 5 l1d
3 54 7 l1d
25 28 1 l1d
22 9 7 l1d
10 8 0 l1d
12 26 2 l1d
4 30 0 l1d
7 33 0 l1d
7 62 2 l1d
6 24 3 l1d
17 33 6 l1d
9 5 3 l1d
3 45 6 l1d
2 41 5 l1d
6 39 5 l1d
27 56 5 l1d
31 9 0 l1d
13 27 5 l1d
31 33 7 l1d
18 18 5 l1d
19 41 4 l1d
0 62 8 l1d
19 25 3 l1d
20 9 7 l1d
11 8 3 l1d
17 52 3 l1d
16 21 4 l1d
32 44 7 l1d
26 49 1 l1d
23 42 3 l1d
20 17 4 l1d
13 36 3 l1d
3 6 7 l1d
28 22 0 l1d
13 31 0 l1d
10 43 8 l1d
5 42 2 l1d
30 16 5 l1d
3 14 5 l1d
7 56 6 l1d
26 8 8 l1d
11 55 1 l1d
12 27 0 l1d
11 17 5 l1d
4 3 6 l1d
13 36 6 l1d
32 23 6 l1d
14 20 1 l1d
9 42 3 l1d
3 10 4 l1d
5 59 7 l1d
14 7 3 l1d
28 45 1 l1d
7 28 3 l1d
26 57 4 l1d
20 23 8 l1d
18 9 3 l1d
3 13 5 l1d
10 35 3 l1d
28 33 3 l1d
5 19 6 l1d
1 4 2 l1d
19 55 3 l1d
0 62 0 l1d
26 57 2 l1d
11 54 3 l1d
15 36 3 l1d
18 63 8 l1d
24 16 0 l1d
8 19 0 l1d
10 17 2 l1d
4 12 5 l1d
16 6 1 l1d
22 19 8 l1d
23 48 6 l1d
17 11 1 l1d
23 41 1 l1d
3 34 1 l1d
4 16 3 l1d
25 17 7 l1d
9 48 2 l1d
14 64 6 l1d
22 0 1 l1d
32 21 0 l1d
27 27 6 l1d
13 43 4 l1d
26 47 1 l1d
6 33 1 l1d
8 12 8 l1d
7 21 7 l1d
22 29 7 l1d
11 38 2 l1d
31 29 4 l1d
13 29 0 l1d
12 12 0 l1d
18 13 4 l1d
26 39 3 l1d
11 3 0 l1d
32 54 1 l1d
24 36 4 l1d
11 46 0 l1d
9 11 5 l1d
21 51 2 l1d
23 43 7 l1d
27 55 0 l1d
9 37 5 l1d
6 14 0 l1d
10 33 0 l1d
6 52 8 l1d
29 58 6 l1d
10 7 4 l1d
14 64 7 l1d
7 33 8 l1d
11 52 5 l1d
14 26 4 l1d
7 50 2 l1d
21 35 6 l1d
13 13 0 l1d
11 22 5 l1d
15 9 8 l1d
1 56 5 l1d
11 44 7 l1d
26 34 7 l1d
2 21 5 l1d
6 5 5 l1d
2 37 7 l1d
25 52 0 l1d
11 18 1 l1d
1 17 1 l1d
9 0 3 l1d
31 21 3 l1d
27 7 5 l1d
17 43 0 l1d
7 3 2 l1d
27 34 8 l1d
26 24 6 l1d
30 12 3 l1d
2 26 1 l1d
10 0 7 l1d
4 13 4 l1d
22 43 7 l1d
4 61 5 l1d
3 57 5 l1d
29 31 7 l1d
0 25 1 l1d
29 15 8 l1d
24 5 4 l1d
15 3 3 l1d
14 38 7 l1d
14 64 3 l1d
24 0 0 l1d
32 47 7 l1d
23 45 4 l1d
13 31 5 l1d
30 31 6 l1d
20 43 5 l1d
3 1 2 l1d
13 57 1 l1d
9 26 5 l1d
18 62 6 l1d
7 39 1 l1d
23 36 4 l1d
19 10 4 l1d
27 17 8 l1d
13 40 2 l1d
2 61 4 l1d
9 44 8 l1d
0 32 7 l1d
30 41 4 l1d
4 18 5 l1d
20 13 4 l1d
16 5 0 l1d
23 16 4 l1d
3 42 0 l1d
5 56 3 l1d
21 39 4 l1d
19 6 8 l1d
29 19 6 l1d
11 4 8 l1d
3 10 6 l1d
20 20 6 l1d
8 52 1 l1d
20 51 8 l1d
24 42 2 l1d
32 18 5 l1d
7 61 3 l1d
12 34 1 l1d
30 22 4 l1d
11 7 8 l1d
19 50 8 l1d
10 60 2 l1d
18 25 1 l1d
22 28 6 l1d
5 27 2 l1d
30 48 3 l1d
23 49 6 l1d
5 57 3 l1d
25 40 2 l1d
2 25 5 l1d
2 2 4 l1d
2 23 2 l1d
30 23 8 l1d
19 43 3 l1d
9 42 1 l1d
2 5 6 l1d
31 6 2 l1d
12 29 2 l1d
7 33 2 l1d
25 33 8 l1d
0 4 1 l1d
14 5 5 l1d
19 61 2 l1d
8 54 6 l1d
29 5 1 l1d
32 38 2 l1d
26 31 2 l1d
18 56 0 l1d
1 23 0 l1d
8 58 0 l1d
24 12 2 l1d
10 43 8 l1d
22 40 4 l1d
21 60 0 l1d
22 52 0 l1d
19 54 8 l1d
3 48 0 l1d
1 16 7 l1d
13 36 4 l1d
6 24 6 l1d
18 2 4 l1d
24 28 1 l1d
13 50 0 l1d
