14 18 7 l1d
7 64 2 l1d
21 34 8 l1d
6 51 0 l1d
29 35 8 l1d
22 36 0 l1d
17 34 8 l1d
0 48 5 l1d
21 7 5 l1d
24 10 6 l1d
21 49 1 l1d
4 36 6 l1d
0 4 1 l1d
10 1 0 l1d
31 43 4 l1d
11 23 4 l1d
22 28 3 l1d
2 28 0 l1d
19 23 4 l1d
9 8 3 l1d
21 14 4 l1d
27 62 7 l1d
25 62 7 l1d
24 62 8 l1d
14 46 4 l1d
2 51 4 l1d
5 22 1 l1d
20 33 8 l1d
27 61 6 l1d
22 41 3 l1d
27 56 5 l1d
31 64 6 l1d
13 55 3 l1d
22 13 6 l1d
12 44 8 l1d
23 58 2 l1d
5 9 5 l1d
31 51 6 l1d
1 46 3 l1d
30 47 1 l1d
18 17 7 l1d
28 7 1 l1d
29 36 0 l1d
25 50 0 l1d
21 0 5 l1d
3 34 6 l1d
