27 47 4 l1d
17 56 3 l1d
29 1 7 l1d
2 17 0 l1d
21 28 6 l1d
20 24 7 l1d
30 32 1 l1d
9 20 7 l1d
2 37 1 l1d
29 62 7 l1d
19 59 1 l1d
32 11 5 l1d
25 62 0 l1d
31 13 7 l1d
32 60 2 l1d
11 35 1 l1d
16 29 6 l1d
24 54 6 l1d
23 23 3 l1d
23 39 2 l1d
20 54 5 l1d
30 34 2 l1d
22 7 8 l1d
16 24 6 l1d
26 20 8 l1d
11 7 0 l1d
18 2 0 l1d
2 55 3 l1d
0 59 6 l1d
9 58 3 l1d
19 50 1 l1d
11 11 2 l1d
28 55 0 l1d
17 21 4 l1d
32 12 5 l1d
11 26 4 l1d
17 45 4 l1d
6 5 7 l1d
4 34 7 l1d
24 36 8 l1d
6 7 8 l1d
29 51 1 l1d
1 50 2 l1d
1 59 4 l1d
11 11 8 l1d
23 5 4 l1d
17 8 8 l1d
7 22 1 l1d
25 41 7 l1d
4 41 6 l1d
3 39 1 l1d
28 18 8 l1d
21 24 5 l1d
1 29 5 l1d
7 51 6 l1d
5 18 4 l1d
19 20 6 l1d
11 0 1 l1d
5 24 7 l1d
25 6 2 l1d
32 46 6 l1d
15 11 8 l1d
10 21 5 l1d
8 18 5 l1d
12 15 0 l1d
11 35 8 l1d
5 41 7 l1d
1 30 7 l1d
27 55 3 l1d
5 13 5 l1d
2 19 4 l1d
12 15 6 l1d
10 11 1 l1d
6 36 3 l1d
9 59 1 l1d
29 35 3 l1d
4 11 2 l1d
29 64 4 l1d
17 29 1 l1d
5 50 2 l1d
25 19 1 l1d
26 59 6 l1d
11 57 7 l1d
13 45 7 l1d
9 33 7 l1d
29 0 0 l1d
0 32 1 l1d
29 43 2 l1d
31 63 1 l1d
24 4 8 l1d
5 21 6 l1d
23 31 2 l1d
29 54 3 l1d
3 7 7 l1d
6 1 1 l1d
18 50 6 l1d
14 47 2 l1d
2 52 6 l1d
26 3 8 l1d
20 27 8 l1d
7 63 2 l1d
10 12 5 l1d
27 52 1 l1d
12 25 2 l1d
8 17 0 l1d
2 60 5 l1d
7 11 3 l1d
24 58 7 l1d
29 5 5 l1d
12 19 1 l1d
30 45 4 l1d
2 15 6 l1d
14 34 5 l1d
20 0 1 l1d
23 26 2 l1d
32 52 0 l1d
22 47 2 l1d
10 33 6 l1d
14 2 4 l1d
23 17 1 l1d
23 60 5 l1d
2 47 6 l1d
25 54 4 l1d
6 7 4 l1d
28 46 8 l1d
23 8 2 l1d
1 9 8 l1d
16 46 0 l1d
10 51 7 l1d
24 9 0 l1d
29 19 1 l1d
24 10 4 l1d
12 44 8 l1d
7 48 5 l1d
15 2 7 l1d
25 54 5 l1d
14 24 8 l1d
8 28 0 l1d
13 39 1 l1d
21 44 6 l1d
29 32 1 l1d
12 14 4 l1d
8 63 1 l1d
25 51 3 l1d
14 24 7 l1d
18 55 7 l1d
7 8 4 l1d
26 2 5 l1d
30 7 3 l1d
31 33 7 l1d
6 32 3 l1d
27 47 0 l1d
9 13 4 l1d
0 13 0 l1d
30 10 3 l1d
25 41 8 l1d
32 52 1 l1d
18 52 8 l1d
7 37 0 l1d
25 53 2 l1d
27 44 5 l1d
19 7 2 l1d
25 20 4 l1d
9 51 0 l1d
10 50 4 l1d
18 38 7 l1d
1 25 4 l1d
1 63 6 l1d
25 40 4 l1d
13 45 6 l1d
25 22 6 l1d
7 10 0 l1d
27 37 3 l1d
1 48 0 l1d
32 27 4 l1d
23 20 4 l1d
19 0 7 l1d
6 44 3 l1d
13 28 8 l1d
32 47 1 l1d
29 4 7 l1d
22 54 0 l1d
0 37 5 l1d
5 33 5 l1d
19 29 3 l1d
29 3 6 l1d
26 64 4 l1d
14 62 6 l1d
9 30 0 l1d
10 18 0 l1d
3 61 5 l1d
6 61 5 l1d
6 46 6 l1d
6 48 5 l1d
8 31 1 l1d
24 15 0 l1d
4 49 1 l1d
8 34 7 l1d
18 37 6 l1d
8 3 4 l1d
5 60 3 l1d
28 1 8 l1d
26 43 7 l1d
21 43 1 l1d
13 14 3 l1d
20 6 3 l1d
13 47 8 l1d
29 11 1 l1d
23 39 4 l1d
28 0 5 l1d
3 18 4 l1d
17 45 6 l1d
23 35 7 l1d
2 10 8 l1d
24 10 4 l1d
8 34 8 l1d
18 36 6 l1d
14 55 7 l1d
10 11 7 l1d
9 23 1 l1d
17 53 4 l1d
30 59 2 l1d
13 20 4 l1d
14 23 4 l1d
5 45 5 l1d
11 43 8 l1d
29 27 0 l1d
4 14 0 l1d
16 10 8 l1d
6 38 0 l1d
7 12 0 l1d
30 7 8 l1d
26 61 0 l1d
19 15 8 l1d
27 30 8 l1d
4 51 3 l1d
6 43 1 l1d
11 12 4 l1d
25 52 2 l1d
5 22 0 l1d
18 48 2 l1d
24 45 3 l1d
11 63 8 l1d
27 64 1 l1d
21 31 2 l1d
11 32 3 l1d
8 0 2 l1d
21 33 1 l1d
21 19 5 l1d
31 23 2 l1d
8 21 3 l1d
19 21 6 l1d
14 33 7 l1d
32 36 2 l1d
2 10 3 l1d
21 19 8 l1d
