29 32 7 l1d
32 49 4 l1d
28 55 5 l1d
10 64 7 l1d
13 13 0 l1d
8 48 4 l1d
19 15 7 l1d
1 27 0 l1d
19 57 0 l1d
19 63 5 l1d
20 0 5 l1d
1 15 1 l1d
11 10 8 l1d
25 36 3 l1d
20 48 3 l1d
26 49 2 l1d
14 39 5 l1d
3 16 5 l1d
22 8 2 l1d
25 28 4 l1d
31 6 7 l1d
17 22 8 l1d
32 12 1 l1d
7 22 7 l1d
30 64 5 l1d
13 35 4 l1d
28 17 3 l1d
25 42 7 l1d
15 16 4 l1d
24 40 4 l1d
9 30 0 l1d
29 51 4 l1d
4 61 3 l1d
25 56 8 l1d
12 2 1 l1d
24 52 3 l1d
32 59 5 l1d
29 33 0 l1d
29 64 4 l1d
24 58 1 l1d
20 4 8 l1d
3 10 7 l1d
19 57 0 l1d
6 9 5 l1d
11 57 7 l1d
0 21 1 l1d
10 34 0 l1d
32 17 5 l1d
21 21 5 l1d
18 57 1 l1d
18 36 8 l1d
16 56 6 l1d
31 39 2 l1d
8 4 2 l1d
2 6 7 l1d
0 36 1 l1d
26 5 6 l1d
4 54 1 l1d
29 13 1 l1d
24 2 0 l1d
26 63 8 l1d
27 2 2 l1d
16 46 4 l1d
4 0 7 l1d
9 17 4 l1d
3 27 2 l1d
17 12 5 l1d
29 35 7 l1d
0 47 6 l1d
10 38 3 l1d
25 48 8 l1d
22 0 0 l1d
19 9 6 l1d
23 33 2 l1d
2 52 7 l1d
1 28 3 l1d
23 19 2 l1d
32 42 2 l1d
28 61 3 l1d
17 17 3 l1d
1 3 1 l1d
18 26 0 l1d
24 8 4 l1d
1 18 1 l1d
29 29 4 l1d
6 63 1 l1d
0 13 0 l1d
29 33 6 l1d
24 8 0 l1d
2 42 7 l1d
12 14 4 l1d
13 43 2 l1d
30 27 6 l1d
19 60 8 l1d
16 63 2 l1d
1 48 0 l1d
7 6 4 l1d
21 34 8 l1d
31 63 6 l1d
16 52 6 l1d
31 23 6 l1d
14 4 5 l1d
14 41 5 l1d
16 58 7 l1d
32 51 4 l1d
10 13 5 l1d
10 18 5 l1d
12 22 3 l1d
19 52 0 l1d
19 1 5 l1d
11 45 1 l1d
28 59 6 l1d
14 22 1 l1d
1 53 2 l1d
12 18 2 l1d
6 35 7 l1d
14 9 7 l1d
12 7 6 l1d
16 60 0 l1d
29 64 8 l1d
3 0 5 l1d
2 19 2 l1d
11 9 2 l1d
18 17 1 l1d
24 5 3 l1d
9 46 0 l1d
17 11 5 l1d
25 47 8 l1d
16 15 0 l1d
0 28 4 l1d
4 6 1 l1d
21 22 2 l1d
11 26 0 l1d
3 35 8 l1d
21 50 1 l1d
28 34 0 l1d
32 45 2 l1d
17 44 3 l1d
21 40 4 l1d
27 21 7 l1d
30 59 7 l1d
5 29 0 l1d
28 38 5 l1d
23 6 0 l1d
30 49 6 l1d
27 48 5 l1d
22 2 7 l1d
8 32 2 l1d
19 54 6 l1d
6 42 3 l1d
31 14 2 l1d
23 0 6 l1d
6 33 1 l1d
0 21 0 l1d
22 24 2 l1d
30 43 3 l1d
2 35 4 l1d
22 36 6 l1d
31 4 5 l1d
12 46 4 l1d
29 17 2 l1d
15 14 7 l1d
29 18 5 l1d
25 54 2 l1d
20 19 6 l1d
10 46 0 l1d
27 8 7 l1d
27 21 3 l1d
17 44 7 l1d
21 26 6 l1d
24 57 2 l1d
26 57 5 l1d
25 48 4 l1d
16 53 2 l1d
10 55 0 l1d
0 45 7 l1d
4 57 8 l1d
9 22 8 l1d
3 14 4 l1d
23 64 7 l1d
7 4 8 l1d
11 12 3 l1d
28 52 4 l1d
0 9 1 l1d
30 4 5 l1d
0 23 0 l1d
22 60 4 l1d
3 60 1 l1d
16 18 3 l1d
28 43 0 l1d
13 42 3 l1d
9 37 7 l1d
24 52 3 l1d
25 14 2 l1d
11 22 0 l1d
15 64 0 l1d
