4 63 1 l1d
28 27 2 l1d
14 11 5 l1d
0 36 5 l1d
16 1 4 l1d
0 0 5 l1d
9 14 5 l1d
14 34 5 l1d
15 32 5 l1d
8 54 3 l1d
20 49 1 l1d
28 11 5 l1d
16 64 6 l1d
29 29 0 l1d
8 18 7 l1d
30 7 0 l1d
17 27 7 l1d
9 38 1 l1d
15 24 4 l1d
2 6 6 l1d
9 42 3 l1d
0 5 7 l1d
12 26 6 l1d
6 26 0 l1d
8 63 6 l1d
0 19 6 l1d
17 5 3 l1d
28 19 4 l1d
16 46 2 l1d
0 21 8 l1d
0 43 1 l1d
7 6 6 l1d
31 38 4 l1d
0 42 0 l1d
20 55 3 l1d
27 63 5 l1d
26 51 0 l1d
19 28 4 l1d
18 33 0 l1d
7 37 6 l1d
30 10 2 l1d
12 62 5 l1d
16 28 8 l1d
22 63 7 l1d
25 23 2 l1d
29 34 0 l1d
25 9 7 l1d
20 18 0 l1d
30 28 6 l1d
17 15 3 l1d
11 42 4 l1d
6 16 4 l1d
23 13 6 l1d
1 20 0 l1d
4 36 7 l1d
26 13 4 l1d
0 43 6 l1d
14 46 6 l1d
17 25 5 l1d
5 3 4 l1d
