28 27 2 l1d
14 62 4 l1d
20 50 2 l1d
14 24 7 l1d
30 13 7 l1d
1 39 3 l1d
2 15 2 l1d
5 32 8 l1d
10 19 8 l1d
3 63 0 l1d
21 6 7 l1d
25 53 0 l1d
9 45 7 l1d
29 26 3 l1d
24 12 5 l1d
27 21 6 l1d
6 22 2 l1d
19 38 7 l1d
23 14 3 l1d
12 62 0 l1d
29 20 0 l1d
31 56 6 l1d
13 28 5 l1d
1 42 8 l1d
13 25 4 l1d
30 20 8 l1d
10 46 8 l1d
19 5 4 l1d
11 36 3 l1d
8 57 4 l1d
32 59 7 l1d
4 28 0 l1d
7 9 6 l1d
19 53 6 l1d
8 54 6 l1d
10 21 5 l1d
2 42 8 l1d
27 10 6 l1d
31 40 5 l1d
25 13 5 l1d
28 16 3 l1d
25 51 8 l1d
32 38 1 l1d
4 2 1 l1d
13 31 3 l1d
21 8 4 l1d
19 6 4 l1d
11 23 3 l1d
2 17 4 l1d
20 11 5 l1d
14 8 4 l1d
20 59 0 l1d
9 30 3 l1d
17 12 7 l1d
13 7 5 l1d
17 26 1 l1d
26 6 6 l1d
1 7 7 l1d
