20 29 1 l1d
25 52 0 l1d
32 47 1 l1d
3 47 8 l1d
13 8 1 l1d
32 6 0 l1d
0 62 5 l1d
23 25 6 l1d
21 17 2 l1d
12 19 2 l1d
28 64 8 l1d
21 54 6 l1d
20 49 5 l1d
12 62 6 l1d
1 47 2 l1d
10 22 7 l1d
2 29 3 l1d
6 27 3 l1d
9 7 5 l1d
7 21 5 l1d
23 49 2 l1d
31 3 2 l1d
19 9 1 l1d
26 29 3 l1d
13 54 2 l1d
9 7 8 l1d
12 46 3 l1d
6 6 8 l1d
12 8 7 l1d
13 48 3 l1d
18 30 4 l1d
24 34 5 l1d
4 61 4 l1d
4 45 8 l1d
27 36 1 l1d
13 34 1 l1d
24 7 8 l1d
26 19 6 l1d
12 63 4 l1d
5 31 0 l1d
4 45 0 l1d
12 0 8 l1d
10 60 8 l1d
9 26 8 l1d
19 2 8 l1d
10 33 4 l1d
31 26 4 l1d
6 45 8 l1d
21 29 1 l1d
1 29 2 l1d
