13 18 7 l1d
21 37 7 l1d
5 12 8 l1d
21 58 2 l1d
30 29 4 l1d
3 15 7 l1d
0 37 8 l1d
20 34 4 l1d
10 8 4 l1d
24 4 2 l1d
19 20 1 l1d
20 45 2 l1d
29 23 2 l1d
15 52 3 l1d
16 49 5 l1d
23 60 0 l1d
22 3 2 l1d
3 41 5 l1d
17 63 5 l1d
26 55 3 l1d
9 15 0 l1d
13 60 3 l1d
12 31 3 l1d
8 43 4 l1d
16 18 8 l1d
12 14 5 l1d
27 15 1 l1d
26 60 1 l1d
9 9 5 l1d
22 46 7 l1d
24 52 7 l1d
17 24 3 l1d
25 21 0 l1d
1 14 2 l1d
7 15 4 l1d
19 1 7 l1d
18 27 7 l1d
19 62 8 l1d
1 0 6 l1d
13 48 2 l1d
5 18 1 l1d
23 24 6 l1d
9 4 4 l1d
8 58 2 l1d
28 31 3 l1d
29 47 1 l1d
0 7 5 l1d
11 48 0 l1d
5 48 8 l1d
12 62 3 l1d
28 15 2 l1d
16 50 5 l1d
29 17 0 l1d
13 61 0 l1d
15 56 3 l1d
27 14 4 l1d
8 49 7 l1d
20 33 3 l1d
15 47 5 l1d
19 6 5 l1d
10 17 7 l1d
25 34 6 l1d
6 27 3 l1d
11 20 7 l1d
18 6 0 l1d
12 24 2 l1d
8 56 4 l1d
28 59 4 l1d
1 40 6 l1d
8 35 0 l1d
25 52 6 l1d
14 25 1 l1d
14 6 1 l1d
21 64 2 l1d
10 54 4 l1d
9 50 7 l1d
28 52 4 l1d
8 29 6 l1d
8 8 6 l1d
21 36 2 l1d
16 62 3 l1d
12 21 4 l1d
1 4 0 l1d
4 44 1 l1d
22 14 6 l1d
2 22 2 l1d
3 8 4 l1d
3 46 7 l1d
25 64 1 l1d
30 54 3 l1d
32 11 3 l1d
7 37 0 l1d
26 62 7 l1d
5 59 8 l1d
14 6 7 l1d
25 8 1 l1d
14 53 0 l1d
22 61 0 l1d
29 60 1 l1d
10 34 3 l1d
16 43 3 l1d
32 44 4 l1d
8 25 7 l1d
5 34 6 l1d
2 23 3 l1d
20 34 1 l1d
16 40 3 l1d
10 27 8 l1d
20 24 2 l1d
23 19 1 l1d
20 30 4 l1d
12 7 1 l1d
6 18 0 l1d
26 38 4 l1d
23 50 1 l1d
6 14 1 l1d
27 31 2 l1d
19 39 7 l1d
26 14 0 l1d
13 51 4 l1d
29 18 7 l1d
23 53 5 l1d
1 50 2 l1d
12 22 8 l1d
5 4 6 l1d
9 56 6 l1d
24 19 5 l1d
25 18 7 l1d
25 57 8 l1d
16 58 2 l1d
19 25 3 l1d
26 21 3 l1d
32 16 8 l1d
20 26 1 l1d
4 6 1 l1d
20 63 0 l1d
20 29 3 l1d
12 59 8 l1d
6 38 6 l1d
15 60 6 l1d
8 28 1 l1d
22 31 0 l1d
5 50 8 l1d
31 14 5 l1d
30 44 2 l1d
2 46 0 l1d
23 15 0 l1d
7 56 3 l1d
23 62 3 l1d
13 22 3 l1d
2 51 3 l1d
31 61 1 l1d
13 5 3 l1d
21 62 3 l1d
21 31 6 l1d
13 37 7 l1d
30 18 1 l1d
30 5 7 l1d
29 61 1 l1d
14 25 2 l1d
31 30 8 l1d
26 36 8 l1d
4 4 6 l1d
5 51 5 l1d
2 17 8 l1d
28 45 1 l1d
28 38 0 l1d
1 36 3 l1d
10 45 7 l1d
7 2 4 l1d
31 0 1 l1d
12 47 5 l1d
9 53 2 l1d
20 29 6 l1d
0 31 5 l1d
5 53 2 l1d
9 61 5 l1d
21 32 5 l1d
31 1 7 l1d
19 38 7 l1d
18 4 5 l1d
28 11 1 l1d
14 58 8 l1d
20 16 8 l1d
21 56 8 l1d
16 19 3 l1d
21 4 0 l1d
11 50 5 l1d
30 64 0 l1d
13 33 4 l1d
5 30 8 l1d
9 1 5 l1d
29 30 4 l1d
20 22 8 l1d
9 58 5 l1d
3 6 2 l1d
20 59 5 l1d
9 5 2 l1d
6 15 1 l1d
19 23 2 l1d
14 41 7 l1d
6 44 3 l1d
27 19 7 l1d
23 40 3 l1d
7 60 0 l1d
21 48 5 l1d
2 6 8 l1d
12 14 5 l1d
27 19 5 l1d
12 7 4 l1d
4 49 0 l1d
24 13 1 l1d
3 19 4 l1d
8 56 2 l1d
18 48 0 l1d
28 62 4 l1d
1 1 4 l1d
18 38 4 l1d
22 24 6 l1d
18 60 5 l1d
13 61 5 l1d
27 48 8 l1d
12 49 0 l1d
9 57 1 l1d
29 52 0 l1d
5 26 8 l1d
1 56 1 l1d
1 20 4 l1d
12 35 2 l1d
13 34 0 l1d
3 28 1 l1d
7 4 7 l1d
14 58 1 l1d
10 26 7 l1d
27 31 8 l1d
6 59 8 l1d
13 9 5 l1d
30 36 1 l1d
1 62 5 l1d
14 9 0 l1d
17 13 4 l1d
26 7 8 l1d
27 44 5 l1d
9 43 5 l1d
29 26 8 l1d
8 29 6 l1d
5 29 2 l1d
31 55 6 l1d
6 30 6 l1d
13 45 2 l1d
27 3 8 l1d
15 22 2 l1d
8 14 5 l1d
25 35 6 l1d
11 44 6 l1d
25 26 6 l1d
9 60 2 l1d
4 63 8 l1d
28 54 7 l1d
4 53 4 l1d
31 54 8 l1d
16 23 3 l1d
2 26 3 l1d
14 29 4 l1d
26 15 1 l1d
15 27 5 l1d
23 29 0 l1d
32 62 7 l1d
12 1 3 l1d
29 4 6 l1d
6 46 2 l1d
15 32 4 l1d
16 45 8 l1d
14 20 2 l1d
16 35 8 l1d
31 43 1 l1d
7 61 3 l1d
5 29 5 l1d
27 0 2 l1d
13 24 3 l1d
4 15 0 l1d
10 2 7 l1d
29 5 6 l1d
32 33 7 l1d
24 11 0 l1d
15 6 3 l1d
5 39 3 l1d
31 15 4 l1d
27 63 4 l1d
26 16 3 l1d
12 31 7 l1d
29 4 5 l1d
23 5 1 l1d
17 7 8 l1d
9 4 8 l1d
13 56 4 l1d
21 25 0 l1d
20 57 3 l1d
29 32 3 l1d
8 37 8 l1d
7 28 8 l1d
1 25 3 l1d
15 49 5 l1d
9 49 6 l1d
25 29 8 l1d
9 19 3 l1d
11 49 8 l1d
18 33 4 l1d
13 44 3 l1d
7 44 1 l1d
17 39 6 l1d
28 41 3 l1d
26 30 3 l1d
10 33 0 l1d
25 18 8 l1d
12 39 7 l1d
10 31 3 l1d
0 43 2 l1d
30 2 3 l1d
27 20 4 l1d
23 60 2 l1d
13 49 0 l1d
14 47 1 l1d
27 31 5 l1d
5 46 7 l1d
16 51 1 l1d
30 39 4 l1d
30 51 7 l1d
20 25 1 l1d
32 61 6 l1d
27 48 0 l1d
27 48 4 l1d
27 14 3 l1d
8 56 7 l1d
30 26 0 l1d
20 46 5 l1d
31 38 8 l1d
28 13 4 l1d
20 38 2 l1d
20 9 5 l1d
13 62 1 l1d
30 0 1 l1d
26 3 4 l1d
31 60 2 l1d
11 26 1 l1d
4 2 8 l1d
23 5 7 l1d
1 44 3 l1d
11 55 3 l1d
21 47 3 l1d
17 35 0 l1d
25 16 0 l1d
2 14 8 l1d
5 20 8 l1d
