32 1 3 l1d
6 37 3 l1d
25 59 2 l1d
21 36 5 l1d
32 29 1 l1d
32 59 2 l1d
9 52 7 l1d
6 2 1 l1d
6 5 6 l1d
3 58 5 l1d
5 57 0 l1d
29 51 2 l1d
26 39 5 l1d
32 58 6 l1d
24 43 2 l1d
6 10 3 l1d
2 50 4 l1d
9 57 5 l1d
20 22 4 l1d
17 41 3 l1d
0 39 7 l1d
18 10 1 l1d
3 23 7 l1d
8 34 6 l1d
22 32 1 l1d
0 56 5 l1d
1 17 3 l1d
18 58 1 l1d
1 43 5 l1d
26 26 8 l1d
18 36 3 l1d
30 44 8 l1d
6 48 1 l1d
20 10 6 l1d
4 27 4 l1d
32 17 0 l1d
15 14 7 l1d
24 51 6 l1d
32 46 7 l1d
0 30 4 l1d
14 49 7 l1d
12 55 4 l1d
13 38 0 l1d
9 2 7 l1d
13 24 2 l1d
17 55 5 l1d
6 13 2 l1d
25 43 3 l1d
16 12 8 l1d
31 26 4 l1d
24 17 2 l1d
6 32 2 l1d
26 59 1 l1d
26 18 2 l1d
26 47 0 l1d
18 9 2 l1d
17 18 8 l1d
7 10 8 l1d
8 51 6 l1d
24 53 2 l1d
6 31 7 l1d
16 60 4 l1d
25 13 5 l1d
18 48 5 l1d
3 10 1 l1d
14 14 6 l1d
31 33 0 l1d
11 53 0 l1d
28 38 3 l1d
27 31 8 l1d
24 4 8 l1d
20 61 6 l1d
0 0 8 l1d
10 35 0 l1d
29 39 2 l1d
22 21 7 l1d
18 47 6 l1d
7 10 6 l1d
14 47 3 l1d
25 45 3 l1d
13 19 0 l1d
30 31 7 l1d
3 39 0 l1d
20 60 4 l1d
4 56 7 l1d
10 9 1 l1d
13 24 3 l1d
8 14 0 l1d
4 64 8 l1d
15 30 7 l1d
