19 23 1 l1d
25 52 1 l1d
24 26 7 l1d
8 14 6 l1d
13 42 2 l1d
31 39 0 l1d
4 32 1 l1d
12 33 6 l1d
19 26 3 l1d
14 10 2 l1d
7 23 4 l1d
14 26 1 l1d
30 52 8 l1d
17 24 3 l1d
23 55 7 l1d
28 26 3 l1d
2 44 1 l1d
23 26 8 l1d
11 48 6 l1d
27 0 4 l1d
17 61 8 l1d
15 42 6 l1d
7 48 1 l1d
1 57 0 l1d
4 56 3 l1d
16 37 2 l1d
19 50 6 l1d
4 57 7 l1d
6 33 2 l1d
17 18 4 l1d
24 15 7 l1d
9 16 7 l1d
14 62 1 l1d
25 15 8 l1d
14 55 8 l1d
26 64 7 l1d
28 22 8 l1d
27 53 4 l1d
2 0 2 l1d
10 40 4 l1d
14 51 6 l1d
24 11 0 l1d
32 43 4 l1d
32 54 3 l1d
11 0 3 l1d
23 11 8 l1d
12 5 0 l1d
13 3 3 l1d
13 0 4 l1d
24 41 3 l1d
26 52 5 l1d
0 30 6 l1d
16 46 1 l1d
29 4 6 l1d
4 44 6 l1d
23 20 1 l1d
24 13 2 l1d
0 23 5 l1d
27 49 5 l1d
9 38 0 l1d
29 26 6 l1d
10 18 8 l1d
2 20 2 l1d
19 55 4 l1d
25 40 2 l1d
3 60 1 l1d
2 25 8 l1d
2 26 6 l1d
16 40 4 l1d
18 3 1 l1d
2 22 6 l1d
16 60 4 l1d
27 15 2 l1d
10 30 2 l1d
9 34 1 l1d
16 42 0 l1d
27 24 4 l1d
5 36 6 l1d
14 22 5 l1d
30 11 6 l1d
23 3 5 l1d
25 45 4 l1d
18 9 7 l1d
6 35 7 l1d
30 63 6 l1d
15 22 5 l1d
1 57 8 l1d
17 49 2 l1d
7 58 1 l1d
2 21 5 l1d
30 23 3 l1d
16 0 2 l1d
10 35 0 l1d
14 19 3 l1d
26 18 2 l1d
11 4 1 l1d
9 38 3 l1d
24 41 5 l1d
32 34 2 l1d
7 53 0 l1d
3 37 0 l1d
30 57 2 l1d
28 38 6 l1d
30 15 1 l1d
22 5 2 l1d
16 13 7 l1d
30 19 7 l1d
7 60 4 l1d
4 29 4 l1d
22 28 7 l1d
7 21 2 l1d
11 40 0 l1d
1 55 1 l1d
27 53 8 l1d
12 3 1 l1d
20 21 0 l1d
2 60 6 l1d
30 21 8 l1d
4 48 0 l1d
21 0 5 l1d
21 48 5 l1d
18 6 1 l1d
17 31 5 l1d
29 54 7 l1d
29 45 4 l1d
24 34 8 l1d
25 24 1 l1d
8 1 0 l1d
15 19 1 l1d
24 35 8 l1d
4 35 7 l1d
16 42 8 l1d
6 55 5 l1d
11 20 3 l1d
14 31 3 l1d
15 57 5 l1d
26 52 2 l1d
25 31 1 l1d
9 10 3 l1d
27 32 1 l1d
6 59 2 l1d
10 61 5 l1d
4 62 0 l1d
29 5 4 l1d
4 43 6 l1d
28 46 2 l1d
20 29 5 l1d
7 8 7 l1d
10 44 8 l1d
3 1 3 l1d
