18 35 2 l1d
26 16 2 l1d
7 35 4 l1d
29 46 8 l1d
10 46 1 l1d
32 13 3 l1d
27 1 7 l1d
6 19 5 l1d
24 52 8 l1d
12 23 7 l1d
2 16 0 l1d
25 29 1 l1d
1 1 2 l1d
29 43 0 l1d
25 51 1 l1d
1 15 0 l1d
9 60 8 l1d
0 3 4 l1d
10 24 3 l1d
29 55 7 l1d
32 61 8 l1d
10 6 8 l1d
18 32 5 l1d
15 57 8 l1d
15 35 1 l1d
7 7 1 l1d
14 61 3 l1d
12 39 3 l1d
5 58 2 l1d
25 64 5 l1d
13 38 3 l1d
15 9 5 l1d
7 27 0 l1d
16 59 8 l1d
0 56 8 l1d
32 4 4 l1d
11 25 5 l1d
28 26 1 l1d
20 34 4 l1d
23 8 0 l1d
12 21 1 l1d
31 18 2 l1d
30 54 7 l1d
5 29 7 l1d
18 50 4 l1d
24 53 4 l1d
22 52 4 l1d
0 49 4 l1d
18 36 6 l1d
7 45 7 l1d
18 26 3 l1d
20 12 0 l1d
0 37 2 l1d
1 21 3 l1d
9 52 6 l1d
26 46 2 l1d
15 29 2 l1d
9 22 3 l1d
25 56 3 l1d
9 38 3 l1d
13 55 7 l1d
0 63 7 l1d
7 34 1 l1d
10 49 7 l1d
4 38 2 l1d
8 11 8 l1d
1 60 3 l1d
1 9 4 l1d
25 8 2 l1d
0 58 3 l1d
3 46 1 l1d
20 48 4 l1d
31 4 7 l1d
7 29 7 l1d
9 46 1 l1d
2 10 4 l1d
24 27 4 l1d
15 17 8 l1d
4 52 8 l1d
16 56 7 l1d
23 11 2 l1d
22 24 7 l1d
17 11 5 l1d
28 62 4 l1d
4 26 0 l1d
27 58 1 l1d
10 5 5 l1d
31 39 5 l1d
27 0 4 l1d
19 1 7 l1d
5 17 7 l1d
32 40 6 l1d
5 59 0 l1d
29 51 4 l1d
25 19 0 l1d
9 0 5 l1d
9 43 4 l1d
21 29 4 l1d
1 62 3 l1d
13 58 4 l1d
5 47 8 l1d
5 41 6 l1d
7 55 7 l1d
28 25 8 l1d
3 54 5 l1d
17 54 7 l1d
18 48 5 l1d
22 61 7 l1d
24 53 7 l1d
25 21 0 l1d
24 56 4 l1d
2 25 2 l1d
18 38 0 l1d
16 1 4 l1d
17 59 0 l1d
15 20 5 l1d
2 12 5 l1d
18 61 6 l1d
21 24 3 l1d
4 22 1 l1d
