5 56 4 l1d
27 38 3 l1d
3 9 6 l1d
1 54 1 l1d
5 53 6 l1d
1 39 5 l1d
6 40 3 l1d
30 27 7 l1d
1 31 8 l1d
31 17 4 l1d
16 32 6 l1d
12 11 7 l1d
10 19 7 l1d
30 2 3 l1d
17 21 0 l1d
24 25 4 l1d
10 40 7 l1d
32 41 1 l1d
14 11 5 l1d
5 58 3 l1d
18 12 2 l1d
4 32 7 l1d
26 18 8 l1d
15 15 4 l1d
24 41 3 l1d
4 0 3 l1d
7 29 7 l1d
26 33 0 l1d
22 22 8 l1d
5 16 7 l1d
18 3 5 l1d
32 29 4 l1d
20 1 1 l1d
10 52 8 l1d
16 36 5 l1d
5 6 1 l1d
18 47 7 l1d
0 7 1 l1d
32 62 2 l1d
32 52 2 l1d
31 19 1 l1d
29 47 7 l1d
20 8 4 l1d
24 9 8 l1d
14 27 5 l1d
12 56 3 l1d
4 23 0 l1d
29 46 0 l1d
12 9 7 l1d
7 23 2 l1d
19 54 6 l1d
12 13 5 l1d
15 61 3 l1d
0 50 0 l1d
25 6 2 l1d
20 5 3 l1d
6 7 0 l1d
29 1 1 l1d
13 19 0 l1d
18 1 1 l1d
24 61 5 l1d
1 42 6 l1d
3 44 0 l1d
27 12 2 l1d
9 38 7 l1d
30 35 7 l1d
5 50 0 l1d
9 45 6 l1d
26 57 3 l1d
11 16 4 l1d
26 45 0 l1d
32 27 3 l1d
12 24 2 l1d
19 54 2 l1d
0 37 7 l1d
9 56 6 l1d
9 17 0 l1d
19 5 8 l1d
17 10 7 l1d
13 38 3 l1d
26 2 6 l1d
31 60 2 l1d
31 51 4 l1d
9 30 7 l1d
