3 1 5 l1d
0 31 0 l1d
14 34 3 l1d
1 38 2 l1d
27 25 6 l1d
27 47 7 l1d
3 33 6 l1d
27 51 8 l1d
29 62 2 l1d
19 41 6 l1d
8 12 5 l1d
26 14 6 l1d
19 43 2 l1d
19 34 2 l1d
0 23 8 l1d
3 49 4 l1d
2 37 1 l1d
20 52 2 l1d
20 21 6 l1d
8 16 7 l1d
26 54 1 l1d
6 24 6 l1d
23 33 1 l1d
3 43 2 l1d
14 33 5 l1d
26 38 5 l1d
28 44 5 l1d
13 8 2 l1d
4 20 4 l1d
8 7 8 l1d
5 42 6 l1d
18 46 5 l1d
13 41 7 l1d
18 9 0 l1d
29 30 8 l1d
15 63 2 l1d
30 41 0 l1d
26 3 8 l1d
12 2 8 l1d
3 0 5 l1d
22 11 2 l1d
18 62 8 l1d
13 59 2 l1d
32 53 3 l1d
12 22 1 l1d
32 13 0 l1d
25 17 3 l1d
15 57 1 l1d
6 46 7 l1d
20 3 8 l1d
13 1 7 l1d
11 30 5 l1d
4 36 2 l1d
25 55 4 l1d
28 31 8 l1d
15 15 1 l1d
