11 6 1 l1d
0 0 2 l1d
9 45 1 l1d
1 12 1 l1d
6 34 3 l1d
27 28 7 l1d
6 23 2 l1d
31 41 1 l1d
17 28 1 l1d
9 19 5 l1d
5 12 1 l1d
10 2 7 l1d
19 43 4 l1d
14 44 5 l1d
30 64 3 l1d
12 61 1 l1d
30 38 5 l1d
18 30 5 l1d
21 25 7 l1d
25 25 5 l1d
15 55 1 l1d
22 25 8 l1d
19 59 7 l1d
31 20 0 l1d
31 10 3 l1d
16 4 7 l1d
10 7 5 l1d
24 17 4 l1d
31 21 7 l1d
4 24 7 l1d
10 33 2 l1d
5 0 0 l1d
30 47 0 l1d
18 16 5 l1d
32 11 2 l1d
11 10 7 l1d
7 8 5 l1d
26 17 3 l1d
32 36 7 l1d
24 15 4 l1d
15 42 3 l1d
15 12 7 l1d
5 20 4 l1d
27 41 3 l1d
25 24 5 l1d
22 55 6 l1d
12 15 3 l1d
22 64 7 l1d
0 64 8 l1d
23 6 1 l1d
11 39 3 l1d
2 51 3 l1d
5 61 1 l1d
23 13 8 l1d
