24 62 4 l1d
11 2 4 l1d
20 52 1 l1d
31 41 1 l1d
16 21 6 l1d
13 2 3 l1d
19 0 4 l1d
12 17 5 l1d
32 31 4 l1d
3 48 0 l1d
13 39 7 l1d
13 43 2 l1d
20 63 0 l1d
25 64 2 l1d
1 47 1 l1d
3 21 6 l1d
6 43 2 l1d
16 13 1 l1d
18 10 6 l1d
0 10 1 l1d
24 41 8 l1d
17 21 1 l1d
24 4 6 l1d
20 47 6 l1d
8 15 2 l1d
25 42 3 l1d
13 18 5 l1d
27 60 0 l1d
23 42 2 l1d
8 31 1 l1d
21 48 8 l1d
26 55 1 l1d
27 44 3 l1d
22 59 1 l1d
13 0 3 l1d
14 6 1 l1d
31 29 5 l1d
28 44 4 l1d
10 64 1 l1d
7 46 7 l1d
20 23 2 l1d
1 19 5 l1d
30 2 2 l1d
15 55 2 l1d
6 27 1 l1d
22 14 3 l1d
6 34 1 l1d
18 59 1 l1d
20 9 6 l1d
0 11 1 l1d
8 5 8 l1d
12 46 8 l1d
8 60 5 l1d
22 27 2 l1d
1 44 1 l1d
10 55 3 l1d
2 6 5 l1d
11 61 1 l1d
2 61 6 l1d
5 52 1 l1d
12 58 8 l1d
4 42 3 l1d
5 2 7 l1d
14 38 1 l1d
3 1 3 l1d
28 27 1 l1d
20 33 1 l1d
31 26 6 l1d
14 58 8 l1d
3 24 5 l1d
13 57 4 l1d
14 19 0 l1d
25 3 3 l1d
19 41 6 l1d
16 31 0 l1d
24 44 1 l1d
14 22 0 l1d
30 12 7 l1d
9 53 6 l1d
32 4 3 l1d
29 54 0 l1d
8 17 5 l1d
24 35 8 l1d
18 6 2 l1d
25 28 1 l1d
1 5 8 l1d
21 2 6 l1d
30 29 1 l1d
5 63 6 l1d
22 50 1 l1d
15 11 0 l1d
17 41 5 l1d
31 30 0 l1d
19 44 8 l1d
18 51 0 l1d
7 23 0 l1d
7 59 1 l1d
6 11 0 l1d
1 55 1 l1d
0 59 1 l1d
2 41 1 l1d
24 51 3 l1d
28 32 3 l1d
19 64 1 l1d
23 29 0 l1d
4 25 5 l1d
13 43 2 l1d
29 22 7 l1d
5 10 8 l1d
10 54 6 l1d
17 30 4 l1d
19 45 5 l1d
1 13 2 l1d
5 30 5 l1d
24 49 2 l1d
19 33 1 l1d
10 49 4 l1d
7 33 1 l1d
21 44 5 l1d
10 46 2 l1d
10 33 6 l1d
27 7 2 l1d
16 20 1 l1d
8 18 0 l1d
10 13 8 l1d
11 22 0 l1d
1 63 0 l1d
5 8 6 l1d
2 51 0 l1d
10 60 5 l1d
19 16 3 l1d
16 1 0 l1d
8 34 3 l1d
30 8 1 l1d
31 3 6 l1d
19 13 3 l1d
25 59 1 l1d
19 3 0 l1d
27 32 8 l1d
24 54 2 l1d
32 22 3 l1d
13 55 3 l1d
18 62 3 l1d
23 35 6 l1d
16 53 6 l1d
23 37 0 l1d
7 53 5 l1d
23 39 2 l1d
11 24 1 l1d
0 13 5 l1d
13 12 4 l1d
31 36 7 l1d
3 6 3 l1d
21 21 4 l1d
30 44 4 l1d
12 52 7 l1d
15 36 7 l1d
20 33 5 l1d
23 20 3 l1d
20 36 6 l1d
28 62 0 l1d
15 46 3 l1d
24 48 2 l1d
25 34 3 l1d
10 60 3 l1d
8 47 4 l1d
10 28 4 l1d
26 59 0 l1d
29 52 5 l1d
32 40 4 l1d
18 9 8 l1d
22 11 7 l1d
24 8 4 l1d
27 28 3 l1d
32 18 6 l1d
7 53 1 l1d
4 14 2 l1d
0 33 5 l1d
8 28 4 l1d
11 30 1 l1d
14 19 1 l1d
23 5 4 l1d
30 62 2 l1d
26 16 8 l1d
1 4 3 l1d
13 39 0 l1d
17 14 1 l1d
4 28 6 l1d
2 11 2 l1d
3 32 5 l1d
