10 47 1 l1d
17 17 1 l1d
0 19 6 l1d
3 31 4 l1d
28 37 1 l1d
29 5 1 l1d
23 26 1 l1d
11 13 2 l1d
9 58 6 l1d
19 15 8 l1d
21 63 8 l1d
16 41 2 l1d
1 55 1 l1d
2 34 5 l1d
1 51 7 l1d
28 54 8 l1d
32 50 5 l1d
19 16 5 l1d
28 63 2 l1d
5 53 1 l1d
1 51 4 l1d
21 59 6 l1d
26 1 5 l1d
0 20 2 l1d
8 44 7 l1d
12 3 7 l1d
26 46 0 l1d
15 61 5 l1d
6 5 8 l1d
9 50 3 l1d
0 36 8 l1d
23 16 2 l1d
11 64 7 l1d
18 18 6 l1d
22 35 3 l1d
15 41 8 l1d
24 59 3 l1d
18 47 4 l1d
21 35 5 l1d
30 52 0 l1d
28 47 8 l1d
19 51 8 l1d
8 62 8 l1d
28 4 8 l1d
9 63 1 l1d
8 3 0 l1d
5 63 2 l1d
12 7 7 l1d
8 51 4 l1d
9 23 8 l1d
4 13 2 l1d
6 31 1 l1d
10 53 1 l1d
22 25 1 l1d
9 17 7 l1d
28 48 5 l1d
7 42 3 l1d
31 64 7 l1d
0 9 2 l1d
15 12 4 l1d
